sim,clade.id,time,r.time.rich,p.time.rich,r.env.rich,p.env.rich,r.MRD.rich,p.MRD.rich,r.PSV.rich,p.PSV.rich,r.env.MRD,p.env.MRD,r.env.PSV,p.env.PSV,r.ext.reg,p.ext.reg,r.rich.ext,p.rich.ext,n.regions,clade.origin.time,global.richness,extant.richness,max.RD,MRD.range,MRD.mean,MRD.var,MRD.rich.slope,MRD.env.slope,PSV.range,PSV.mean,PSV.var,PSV.rich.slope,PSV.env.slope,n.div.regions,gamma.stat,clade.richness,tree.beta
3664,9491,170,0.827634980495655,0.0420040934175339,-0.965353293915107,0.00177979651054596,-0.959559825383037,0.00242004349763063,0.61553097839897,0.193309224021683,0.93723752540173,0.00578507760919633,-0.754545546054945,0.0829777770990081,0.859508331678754,0.0282203574285336,-0.748339482285743,0.0870303144446565,6,8,9490,9490,27,0.966692919746354,17.29917393801,0.155784455428251,-9.05560952723904e-05,0.0543763936058373,0.809483509200186,0.766258201606313,0.100240111420917,4.65966029227424e-05,-0.0351159888053722,6,-5.3484594969844,9490,0.303698120015449
3664,9492,170,0.798127287041784,0.201872712958215,-0.972123316208911,0.0278766837910888,0.959521980331629,0.0404780196683709,-0.900255645960887,0.0997443540391127,-0.933359240741452,0.0666407592585484,0.880740854501227,0.119259145498773,0.865131522482736,0.134868477517264,-0.892253598599204,0.107746401400796,4,63,260,260,15,1.5734375,9.2100628842567,0.518143832594914,0.00584368870232106,-0.143114064874621,0.0959103559648159,0.854414250003012,0.00196682590750293,-0.000337797003037979,0.00832030834760485,4,-2.44188537104093,260,0.520146495320049
3664,9493,170,0.907218423253029,0.0927815767469711,-0.948683298050513,0.0513167019494867,0.991053802517914,0.00894619748208569,-0.94609523005826,0.0539047699417403,-0.915518471501607,0.0844815284983925,0.831070617031301,0.168929382968698,0.846266380169881,0.153733619830119,-0.957933341345286,0.0420666586547144,4,71,118,118,13,0.879310344827585,8.07851579653142,0.163071571665821,0.00778021217267568,-0.0787525379272574,0.135810377639463,0.838525833266059,0.00427142978637384,-0.00120206117128325,0.0115699873148338,4,-1.61860567141261,118,0.219914905433496
3664,9494,170,0.883085593241661,0.116914406758339,-0.957649222852182,0.0423507771478179,0.936214857576202,0.0637851424237978,-0.884338224477384,0.115661775522616,-0.845970325832905,0.154029674167094,0.778014501969193,0.221985498030807,0.838243113532197,0.161756886467803,-0.934748335582595,0.065251664417405,4,76,95,95,12,1.03225806451613,7.39581961816985,0.240327381704804,0.011053721690757,-0.0883415624314245,0.160056896740374,0.799044617628689,0.00633604900530387,-0.00169534867168531,0.013191836955454,4,-1.04278017194812,95,0.626429720253206
3664,9495,170,0.863466207641893,0.136533792358107,-0.963758762715616,0.0362412372843839,0.998953864889492,0.00104613511050822,-0.906754867497888,0.093245132502112,-0.959308676893579,0.0406913231064206,0.825720410711876,0.174279589288124,0.842277077083793,0.157722922916207,-0.922617541372225,0.0773824586277752,4,99,57,57,11,0.627272727272727,6.87577243018419,0.0878209315199458,0.0120763954653356,-0.0605571895424839,0.238364869350785,0.82815450620753,0.0132400509575906,-0.00425625460474985,0.0202388656389486,4,-0.704782672457733,57,0.130819896947617
3664,9496,170,0.89482497940784,0.10517502059216,-0.970379828044748,0.0296201719552515,0.979507443946673,0.0204925560533269,-0.980800119646449,0.124951567240829,-0.997859391298883,0.00214060870111711,0.999981101971291,0.00391384891714175,0.81912790205853,0.18087209794147,-0.927999355271014,0.0720006447289858,4,131,20,20,7,1.05,4.54458556149733,0.211070918766145,0.0536906642307522,-0.0976544117647063,0.0794626426205374,0.772530917654757,0.00157863755877184,-0.00850378122049946,0.0109261133603239,3,-0.288495458594463,20,0.706632678880596
3664,9503,170,NA,NA,-0.996615895540124,0.0523889328216483,0.994997536912199,0.0637042311598295,-0.999270763852699,0.02431395509299,-0.983418676516147,0.116093163981476,0.999027749415662,0.0280749777286604,0.866025403784439,0.333333333333333,-0.904194430179465,0.280944400511686,3,143,13,13,6,0.858974358974359,4.30854700854701,0.190731974578128,0.123735273735274,-0.118108974358975,0.119278252611586,0.706742640075973,0.00356375173722436,-0.0169862169862169,0.0164007597340931,3,-0.192401619740508,13,-0.533883943608922
3664,9505,170,0.904194430179465,0.280944400511687,-0.996615895540124,0.0523889328216483,0.999962874273715,0.00548572387674851,-0.264987505006838,0.829264329502151,-0.995870594885822,0.0578746566983916,0.343351773090377,0.776875396680504,0.866025403784439,0.333333333333333,-0.904194430179465,0.280944400511687,3,151,11,11,5,0.431818181818182,3.97727272727273,0.0470041322314049,0.0617321867321868,-0.0593750000000003,0.0471291866028708,0.750372142477406,0.000572269746910895,-0.0018050346997715,0.00225877192982453,3,-0.275185642324027,11,-0.227145270842539
3664,9506,170,0.987183987173731,0.10203202548962,-0.996615895540124,0.0523889328216483,-0.739853246166993,0.469789823369211,0.832961929845209,0.373286522099086,0.682048292584712,0.522178756190858,-0.784659628992873,0.425675454920732,0.866025403784439,0.333333333333333,-0.904194430179465,0.280944400511687,3,154,10,10,4,0.238095238095238,3.53174603174603,0.0149281934996221,-0.0257400257400255,0.0229166666666665,0.25,0.737037037037037,0.01809670781893,0.0319069069069069,-0.0290277777777779,3,-0.187313921506949,10,9.99992530350537
3664,9515,170,0.850355999996505,0.149644000003494,-0.955273535966065,0.0447264640339348,-0.834538541205314,0.165461458794686,-0.967956130643692,0.161597328594881,0.787376670786877,0.212623329213122,0.975241852782562,0.141956183100756,0.924156964943062,0.0758430350569386,-0.979057805752668,0.0209421942473322,4,104,37,37,10,0.257142857142857,6.81439075630252,0.0153942017983664,-0.00638479726491356,0.0208098739495798,0.0342033783210254,0.65591193318466,0.000307505830828446,-0.00158743488400026,0.00470296451914098,3,-0.906368731054974,37,-0.261072447185446
3664,9516,170,0.907283198164495,0.0927168018355051,-0.956098080341161,0.0439019196588392,-0.573009076910066,0.426990923089934,-0.481094262846795,0.680478950459787,0.600409358957717,0.399590641042283,0.829785505270862,0.37692543876415,0.944334314700184,0.0556656852998163,-0.992881247083511,0.00711875291648912,4,118,36,36,9,0.22156862745098,5.99612299465241,0.00972540493537664,-0.00357690625195291,0.0126127450980394,0.0131418826271767,0.794455258793494,5.35183797386832e-05,-0.000329151033897212,0.00166936005171296,3,-1.34149021951679,36,1.29142491709294
3664,9517,170,0.996893140155623,0.00310685984437686,-0.812636055372,0.187363944628,-0.986940089558489,0.0130599104415105,0.817248095391651,0.390997124396934,0.889644877430212,0.110355122569788,-0.907702361123727,0.275669542269733,0.934086341864252,0.0659136581357478,-0.949162608748857,0.0508373912511431,4,121,14,14,5,0.833333333333333,4.44026806526807,0.145973247808912,-0.0678158319667754,0.0724038461538464,0.0696969696969697,0.778101263815549,0.0014739436169027,0.0313757670900528,-0.00958333333333339,3,-0.834808259587021,14,4.71971011054065
3664,9518,170,0.982126807199444,0.0178731928005562,-0.685506162763684,0.314493837236316,-1,0,NA,NA,0.685506162763683,0.314493837236316,-0.866025403784439,0.333333333333333,0.863770191309777,0.136229808690223,-0.943770997003972,0.0562290029960284,4,124,8,8,4,0.5,3.66071428571429,0.0522959183673469,-0.0714285714285714,0.0333928571428572,0.0150103519668737,0.595410628019324,7.510355538981e-05,-0.0150103519668738,-0.00206392339544515,3,-0.51425947722658,8,-0.175688934868012
3664,9530,170,0.99484975116711,0.0646391738271492,-0.912245460839306,0.268694159506182,-0.997947563366417,0.0407947529836019,0.996578375284349,0.0526787205603103,0.884141006035509,0.309488912489783,-0.875265734184987,0.321372880066495,0.877488118891305,0.318435272588712,-0.996949157369044,0.0497411130825291,3,136,22,22,8,1.93181818181818,5.98939393939394,1.19351928374656,-0.110507471980075,0.265625,0.389737713267125,0.70801714625244,0.0495684137102148,0.0224896745746867,-0.0535889355742299,3,-1.23979353575478,22,0.304390278362853
3664,9531,170,NA,NA,-0.866025403784438,0.333333333333334,NA,NA,NA,NA,0.866025403784438,0.333333333333333,-0.866025403784439,0.333333333333333,0.88377336526219,0.309989476111342,-0.999327787889155,0.0233438572219922,3,138,14,14,7,1.25,5.41666666666667,0.520833333333333,-0.125,0.171875,0.263965201465201,0.655143467643468,0.0232258758615215,0.0263965201465202,-0.0362952152014653,3,-0.982378854625551,14,-0.702618097942443
3664,9532,170,NA,NA,-0.866025403784439,0.333333333333333,NA,NA,NA,NA,0.866025403784438,0.333333333333333,-0.866025403784439,0.333333333333333,0.896258159530272,0.292550038796499,-0.997948715788673,0.0407832945368348,3,142,13,13,6,0.942307692307693,4.62179487179487,0.295981262327416,-0.104700854700855,0.129567307692308,0.252747252747253,0.716117216117216,0.0212937245904279,0.0280830280830281,-0.0347527472527474,3,-0.987047651309009,13,0.810178668734033
3664,9533,170,NA,NA,-0.866025403784438,0.333333333333333,NA,NA,NA,NA,0.866025403784439,0.333333333333333,-0.866025403784439,0.333333333333333,0.901127113779166,0.285482010049984,-0.997176464952738,0.0478513232833488,3,143,11,11,5,0.522727272727273,3.90151515151515,0.0910812672176309,-0.0746753246753246,0.071875,0.178900112233446,0.687167976056865,0.0106684167190465,0.0255571588904922,-0.0245987654320989,3,-0.577350269189626,11,9.99994068451945
3664,9536,170,NA,NA,-0.866025403784439,0.333333333333333,NA,NA,NA,NA,0.866025403784439,0.333333333333333,-0.866025403784439,0.333333333333333,0.982983852194784,0.117609799771808,-0.943134981332162,0.215723533561525,3,150,8,8,4,0.125,3.16666666666667,0.00520833333333333,-0.0312499999999999,0.0171874999999999,0.0101190476190476,0.773412698412698,3.41317082388509e-05,0.00252976190476194,-0.00139136904761909,3,-0.754247233265651,8,9.99995434071618
3664,9544,170,NA,NA,NA,NA,NA,NA,NA,NA,NA,NA,NA,NA,NA,NA,NA,NA,2,140,8,8,4,0.125,3.0625,0.0078125,0.0624999999999996,-0.0343749999999998,0.0421428571428571,0.772261904761905,0.000888010204081633,-0.0210714285714287,0.0115892857142858,2,0.164991582276861,8,9.99995434071618
3664,9551,170,0.908756220779533,0.0912437792204668,-0.946128416355248,0.0538715836447524,0.86798220416731,0.13201779583269,0.987265902984525,0.101704727370287,-0.724738787582709,0.275261212417291,-0.842765855984532,0.361851665663293,0.813937001341669,0.186062998658331,-0.937602734479218,0.0623972655207818,4,119,38,38,8,2.27272727272727,5.60180754917597,1.14982345348332,0.0545685107189125,-0.165540935672515,0.0660243895538014,0.76695302649895,0.00138345716839323,0.00421221180549844,-0.00862030208005446,3,-1.38648349316341,38,1.40311475681948
3664,9552,170,0.957841488692319,0.0421585113076812,-0.916515138991167,0.0834848610088326,0.954499933997774,0.045500066002226,0.990590069538926,0.0874036307453598,-0.768383446473778,0.231616553526222,-0.913769356444319,0.266316005767426,0.791535449025169,0.20846455097483,-0.966184311536367,0.0338156884636334,4,129,27,27,7,2.47368421052632,4.83953216374269,1.50416929653569,0.098937343358396,-0.200740350877194,0.0138683168208201,0.798472912529395,5.75856586056436e-05,0.00180555239062203,-0.00190689356286279,3,-0.997382277110132,27,2.02037596638682
3664,9558,170,0.972381248188587,0.0276187518114135,-0.892685364242672,0.107314635757328,0.980757436309391,0.0192425636906093,-0.925858313507918,0.246687341625469,-0.798968443851093,0.201031556148906,0.998541145113448,0.0343917266158116,0.808723044535492,0.191276955464508,-0.985276580794776,0.0147234192052239,4,134,21,21,6,2.95238095238095,4.16622023809524,2.08888968608277,0.153148740040763,-0.245977678571429,0.0103505291005291,0.813273345400538,2.68616805846135e-05,-0.00181368600071605,0.00142319775132273,3,-0.912412465321346,21,2.57404531185148
3664,9559,170,NA,NA,-0.960768922830523,0.178912375022067,0.996101165621733,0.0562346140337597,-0.998307917991001,0.0370396677394727,-0.981490397129413,0.122677760988306,0.97527084117849,0.141872707282593,0.866025403784439,0.333333333333333,-0.970725343394151,0.154420958311266,3,139,17,17,5,0.122171945701357,4.29873680241327,0.0038735652849723,0.0297815871910898,-0.016798642533937,0.0134834330754634,0.841011450072171,4.77848796836494e-05,-0.00331511589174699,0.00185397204787619,3,-0.395038676024963,17,9.99993022255828
3664,9565,170,0.944911182523068,0.212295615009657,-0.981980506061966,0.121037718323677,0.755928946018454,0.45437105165701,-0.43374969305532,0.71438042712218,-0.866025403784439,0.333333333333333,0.596213051851155,0.593342708798503,NA,NA,NA,NA,3,143,11,11,4,0.0454545454545454,3.51515151515152,0.000688705234159778,0.0129870129870133,-0.00625000000000018,0.00845491956603062,0.831445851816222,1.81106063613281e-05,-0.00120841827191029,0.000697751322751303,3,0.203292348306206,11,9.99993067683054
3664,9578,170,NA,NA,-0.866025403784439,0.333333333333333,NA,NA,NA,NA,-0.866025403784439,0.333333333333333,0.866025403784439,0.333333333333333,0.866025403784439,0.333333333333333,-1,NA,3,136,11,11,5,0.181818181818182,4.12121212121212,0.0110192837465565,0.0227272727272728,-0.0250000000000002,0.0436720142602496,0.814022578728461,0.000635748276515814,-0.00545900178253116,0.00600490196078426,3,-0.993261363582153,11,-0.227145270805432
3664,9579,170,NA,NA,-0.866025403784438,0.333333333333333,NA,NA,NA,NA,-0.866025403784439,0.333333333333333,0.866025403784438,0.333333333333333,0.866025403784439,0.333333333333333,-1,0,3,139,10,10,4,0.5,3.33333333333333,0.0833333333333333,0.0714285714285715,-0.0687500000000003,0.096774193548387,0.860215053763441,0.00312174817898022,-0.0138248847926267,0.0133064516129032,3,-0.830574108185101,10,9.99992530350537
3664,9588,170,0.977452818676612,0.0225471813233882,-0.88332031396887,0.11667968603113,0.155148492563496,0.844851507436504,-0.963072965064256,0.173545323065908,-0.59169530696618,0.40830469303382,0.998148065497007,0.0387502919437486,0.867314496846344,0.132685503153656,-0.999145801825726,0.000854198174274355,4,107,23,23,10,0.198067632850242,5.993961352657,0.00658708487946043,0.00123080710175696,-0.0102294685990338,0.0197136386394698,0.74205281585625,9.75177456045296e-05,-0.00359461182051083,0.00271062531292707,3,-1.9173106903559,23,-0.79457193900232
3664,9589,170,0.972381248188587,0.0276187518114135,-0.892685364242672,0.107314635757328,0.990770871895711,0.00922912810428933,-0.718297354049824,0.489843498164982,-0.881315121429807,0.118684878570193,0.906460342843813,0.277547883155326,0.794235541375175,0.205764458624825,-0.980159628078758,0.019840371921242,4,113,21,21,9,0.476190476190476,5.31279761904762,0.0453376558956916,0.0227927552343895,-0.0399732142857144,0.00996240601503751,0.759370282431224,3.01974913747787e-05,-0.00149190331719012,0.00136983082706758,3,-2.07849692954822,21,-0.568660499197959
3664,9590,170,0.990147542976674,0.00985245702332582,-0.843661487732106,0.156338512267894,-0.995135723377553,0.00486427662244661,NA,NA,0.882298803383058,0.117701196616942,-0.866025403784439,0.333333333333333,0.786213154078538,0.213786845921462,-0.992933629913096,0.00706637008690425,4,126,8,8,4,0.75,3.48214285714286,0.126275510204082,-0.105042016806723,0.0667857142857145,0.0844155844155844,0.66017316017316,0.00237533029740822,0.0844155844155845,-0.0116071428571429,3,-1.23474483618362,8,9.55904857363267
3664,9597,170,NA,NA,-0.960768922830523,0.178912375022067,0.948524971343187,0.205151264033149,-0.931903209378038,0.236294877269974,-0.999150742946594,0.0262388890110822,0.995940480177815,0.0573825022479073,0.866025403784439,0.333333333333333,-0.970725343394151,0.154420958311266,3,129,13,13,8,0.11965811965812,5.16951566951567,0.00358560401295447,0.0272846811308355,-0.0164529914529918,0.0251198665832812,0.713027713027713,0.000159040559960943,-0.00564564682763554,0.00345398165520115,3,-1.64485621852017,13,-1.29734779739766
3664,9598,170,NA,NA,-0.960768922830523,0.178912375022067,-0.73936019473586,0.47025619483132,0.195877361014824,0.874489098535167,0.523611673179692,0.649168569853387,0.0837845018814473,0.946598526442766,0.866025403784439,0.333333333333333,-0.970725343394151,0.154420958311266,3,139,12,12,7,0.0795454545454541,4.58459595959596,0.00158306550352003,-0.0141317016317016,0.0057291666666667,0.0158357771260997,0.859139784946237,7.65673956478992e-05,0.000823370178208922,0.000201612903225783,3,-1.84828188129315,12,-0.879738046642098
3664,9599,170,NA,NA,-0.960768922830523,0.178912375022067,-0.962265292352066,0.175444931981121,0.738142476201048,0.471406416470098,0.849044009764554,0.354357307003188,-0.522071534115044,0.650318791492165,0.866025403784439,0.333333333333333,-0.970725343394151,0.154420958311267,3,140,11,11,6,0.242857142857143,3.98398268398268,0.0189514814190139,-0.0636363636363632,0.0321428571428569,0.0348148148148147,0.850998877665544,0.000303217736663302,0.00617456617456617,-0.00250000000000002,3,-1.55145783237212,11,1.48592632445503
3664,9602,170,0.866025403784439,0.333333333333333,-1,9.48637384723993e-09,-0.996615895540124,0.0523889328216483,-0.920863697703815,0.25497025525265,0.996615895540124,0.0523889328216491,0.920863697703815,0.25497025525265,0.866025403784439,0.333333333333333,-0.866025403784439,0.333333333333333,3,143,8,8,5,0.125,3.43452380952381,0.0039328231292517,-0.0624999999999995,0.0171874999999999,0.0264550264550265,0.84185773074662,0.000206331580033325,-0.013227513227513,0.00363756613756609,3,-1.47233192795007,8,1.07793151846324
3664,9610,170,0.980816895366657,0.0191831046333428,-0.96112321820916,0.0388767817908404,0.828583634513774,0.171416365486226,-0.994623439910274,0.0660453352552948,-0.88101799668679,0.11898200331321,0.963483976710906,0.172570816879833,0.862612855048028,0.137387144951972,-0.805249040203254,0.194750959796746,4,86,142,142,14,3.1,8.12275349119611,2.09439632564074,0.0174361468428449,-0.271595476624166,0.0301093365670276,0.759866612052515,0.000244148122179054,-0.000255969418812883,0.00414003377796631,3,-1.86775662686694,142,0.719296559301044
3664,9611,170,0.970725343394151,0.154420958311266,-0.720576692122892,0.487754291644599,-0.693375245281536,0.512245708355401,-0.603957173970204,0.587179575696012,-3.52618470514137e-17,1,0.987829161147262,0.0994252840514125,0.866025403784439,0.333333333333333,-0.970725343394151,0.154420958311266,3,143,10,10,5,0.2,3.93333333333333,0.0133333333333334,-0.0384615384615384,-1.18738242187961e-16,0.0520576131687243,0.788683127572016,0.00069429626242612,-0.00764482431149097,0.00715792181069958,3,-1.1414288937459,10,0.572257233855586
3664,9613,170,NA,NA,-0.866025403784439,0.333333333333333,NA,NA,NA,NA,0.866025403784439,0.333333333333333,0.866025403784439,0.333333333333333,0.866025403784439,0.333333333333333,-1,NA,3,146,8,8,4,0.15,3.3,0.00749999999999999,-0.0499999999999997,0.0206249999999998,0.0300595238095238,0.788293650793651,0.000301191657218443,-0.0100198412698413,0.00413318452380952,3,-0.942809041582063,8,9.99993770741043
3664,9620,170,0.947316948552948,0.0526830514470522,-0.958526839956412,0.0414731600435884,0.66980292372705,0.33019707627295,0.986176555344573,0.105975340276878,-0.774690271003507,0.225309728996493,-0.86392816964001,0.335993992480258,0.923435125654229,0.0765648743457714,-0.881665034425835,0.118334965574165,4,102,132,132,13,3.38167938931298,7.52994365685205,2.8448476767511,0.0174385903090924,-0.278333787713559,0.0418829018093724,0.868611024591604,0.000581924320633559,0.000404611514713443,-0.00573117385533196,3,-2.06794844956117,132,1.18925925732998
3664,9621,170,0.985681587488934,0.107860423766372,-0.937933965900138,0.225472909566961,-0.985351435532914,0.109099869952151,0.989057853384625,0.0942634198833991,0.865050304312627,0.334572779519112,-0.876506134112556,0.31973632945036,0.907445735571303,0.276058625446879,-0.996844726276808,0.0505857158799178,3,106,102,102,12,0.570588235294117,8.12003494467094,0.108280492888783,-0.00683405576295991,0.0782797029702968,0.101492930543054,0.847850902999964,0.00335198197367224,0.00120693751174337,-0.01395527794967,3,-1.28736697149876,102,1.22595458719026
3664,9622,170,0.989158483152388,0.0938281806009724,-0.930062349759893,0.239505152732361,-0.801303042581324,0.408280949646655,0.988618776316147,0.0961396114649753,0.525460525605982,0.647786102379016,-0.864204305984147,0.335644764197336,0.905529078243015,0.278948494108016,-0.998081250752462,0.0394433413756554,3,107,89,89,11,0.302631578947368,7.34609250398724,0.0229166189723983,-0.00296893391626027,0.0218749999999997,0.0769377990430622,0.844594864032251,0.00196492110500029,0.00107258045913004,-0.0105346880131364,3,-1.27647267896509,89,1.8452765265534
3664,9623,170,0.991954112439794,0.0808116029224148,-0.922356431554245,0.252521730410919,0.533466445961166,0.641778119846729,0.748228558949605,0.461809307536222,-0.818820800206386,0.389256389435809,-0.433819594223404,0.714331037947141,0.891524289497692,0.299273135827937,-0.997304719849519,0.0467514054170189,3,112,64,64,10,0.18452380952381,6.54960317460317,0.0103576152683296,0.00196379249475633,-0.0229166666666671,0.00463875205254516,0.864026661551689,5.40977393378234e-06,6.29480729055931e-05,-0.000277479827674498,3,-0.998682182262142,64,3.02354704697166
3664,9624,170,0.990683605362842,0.0869674644028793,-0.926049008194834,0.246365868930454,0.286732685359118,0.814861695645502,0.97213204250597,0.150647336786934,-0.627084871229248,0.568495826715048,-0.811765760447429,0.397013205717387,0.890276281494441,0.301022390675661,-0.99631678594581,0.0546565217452072,3,117,39,39,9,0.228070175438596,5.77046783625731,0.01331820047194,0.00180254047581865,-0.0199013157894739,0.0179388221841051,0.819480297757358,9.68040128451896e-05,0.000521023111406749,-0.00219639326516192,3,-0.867039832075035,39,3.52785893202243
3664,9625,170,0.960768922830523,0.178912375022067,-0.970725343394151,0.154420958311267,0.992783114071643,0.0765299756731623,0.944538437016778,0.213019382288634,-0.992524464925569,0.0778909826381051,-0.838008057586637,0.367440340599901,0.903729121752938,0.281637140369845,-0.980100196233104,0.127216182058579,3,126,23,23,8,0.630434782608695,4.83759590792839,0.100864397799596,0.0291494524231098,-0.0866847826086961,0.319017379679144,0.751745762084927,0.0320088365731353,0.0156228998758353,-0.0412302371541504,3,-0.876229150745997,23,1.30207129252116
3664,9626,170,NA,NA,NA,NA,NA,NA,NA,NA,NA,NA,NA,NA,NA,NA,NA,NA,2,129,15,15,7,0.199999999999999,4.5,0.0199999999999999,0.0399999999999999,-0.055,0.0281842818428185,0.792953929539295,0.000397176871497715,-0.00563685636856374,0.00775067750677515,2,-0.206880899441609,15,-0.481840275133042
3664,9627,170,NA,NA,NA,NA,NA,NA,NA,NA,NA,NA,NA,NA,NA,NA,NA,NA,2,136,9,9,6,0.277777777777777,3.97222222222222,0.0385802469135801,0.0925925925925924,-0.0763888888888888,0.0643790849673203,0.697222222222222,0.00207233329061472,-0.0214596949891068,0.0177042483660131,2,1.09108945117996,9,-1.42431154598076
3664,9640,170,0.996379772834679,0.0541868792493938,-0.933256525257383,0.233908049281921,-0.899219297523575,0.288270706908936,0.936161882482025,0.228703631705714,0.682048292584712,0.522178756190858,-0.747391786827666,0.462611680987635,0.866025403784439,0.333333333333333,-0.987829161147262,0.0994252840514117,3,130,8,8,4,0.357142857142857,3.29761904761905,0.0335884353741497,-0.0512672811059907,0.034375,0.119047619047619,0.67093253968254,0.00393356127173092,0.0182651689708142,-0.0128906250000001,3,-0.314269680527354,8,9.55904857363267
3664,9647,170,0.997948715788673,0.0407832945368347,-0.832239719563824,0.374116627870168,-0.995410402882205,0.0610166901821587,0.999908197167278,0.00862633827067683,0.775363511102888,0.435133318052327,-0.824651089092036,0.382742966140844,0.866025403784439,0.333333333333333,-0.997948715788673,0.0407832945368337,3,131,16,16,7,0.5625,4.65694444444444,0.0905613425925926,-0.038353825136612,0.0641666666666667,0.215598290598291,0.676017501017501,0.0142770602469931,0.0152972937809003,-0.0270970695970697,3,-0.233336773113407,16,3.76513301772657
3664,9648,170,NA,NA,-0.866025403784438,0.333333333333334,NA,NA,NA,NA,0.866025403784439,0.333333333333333,-0.866025403784438,0.333333333333333,0.866025403784439,0.333333333333333,-1,9.48637384723993e-09,3,139,12,12,6,0.0833333333333335,3.94444444444444,0.00231481481481482,-0.00833333333333331,0.0114583333333333,0.0865102639296188,0.735092864125122,0.00249467525505743,0.0086510263929619,-0.0118951612903227,3,0.151571022202688,12,9.99991984641845
3664,9662,170,0.99419162560192,0.0686487855020297,-0.914807404251074,0.264684547831303,-0.693763243556807,0.5119028282535,-0.998643256484481,0.0331660012286824,0.343776655502934,0.776587376084804,0.934598217153004,0.231518546602619,0.866025403784439,0.333333333333333,-0.99419162560192,0.0686487855020292,3,116,25,25,7,0.157608695652174,5.30413043478261,0.00639900756143667,-0.00597280510323979,0.00756249999999969,0.0410582010582011,0.75935141616301,0.000482491810587453,-0.00236083748506109,0.00564550264550266,3,-0.139557370673198,25,1.84907733592492
3664,9668,170,0.989743318610787,0.0912578966859798,-0.928571428571428,0.242075436647354,-0.273066054031075,0.823924481044389,-0.99350131420014,0.0726178466993214,-0.103486816655093,0.934000082308257,0.880291976913246,0.314693283346675,0.866025403784439,0.333333333333333,-0.989743318610787,0.0912578966859799,3,125,19,19,6,0.0773993808049536,4.81338149294806,0.00179622298831722,-0.00165329289610572,-0.0012061403508774,0.0408576998050683,0.745066315025035,0.000538560314300298,-0.00329372684746411,0.00561793372319684,3,0.0265169318237864,19,1.85240290403226
3664,9669,170,0.981980506061966,0.121037718323677,-0.944911182523068,0.212295615009657,0.997837463188297,0.0418750338535827,-0.924716258544145,0.248604355229778,-0.921352673663823,0.254170648863238,0.749175443698309,0.460899970239434,0.866025403784439,0.333333333333333,-0.981980506061966,0.121037718323677,3,132,15,15,5,0.266666666666667,4.16581196581197,0.020942362480824,0.0272893772893774,-0.0366666666666669,0.0859649122807017,0.72765246449457,0.0020547819004487,-0.00792158968850695,0.00933897243107768,3,0.0248085872092387,15,6.78309018749852
3664,9673,170,NA,NA,-0.924473451641905,0.24901011701139,0.996676158322498,0.0519201158184515,-0.96688619683071,0.164287841407074,-0.890342199436057,0.300930232829841,0.796563512424305,0.413297958418463,NA,NA,NA,NA,3,143,11,11,4,0.636363636363636,3.41212121212121,0.12771349862259,0.0940803382663849,-0.0875000000000004,0.161316872427984,0.788651951614915,0.00765573644375379,-0.0223457660150166,0.0191666666666666,3,-0.333399451222178,11,9.99994852375452
3664,9686,170,NA,NA,NA,NA,NA,NA,NA,NA,NA,NA,NA,NA,NA,NA,NA,NA,2,109,25,25,8,0.119999999999999,5.46,0.00719999999999991,0.0239999999999996,-0.0329999999999995,0.0214121368996262,0.707154155881507,0.000229239803304166,-0.00428242737992527,0.00588833764739726,2,-0.439796705224624,25,0.327971885286782
3664,9687,170,NA,NA,NA,NA,NA,NA,NA,NA,NA,NA,NA,NA,NA,NA,NA,NA,2,134,17,17,7,0.194570135746606,5.02036199095023,0.0189287688622263,0.0486425339366512,-0.0535067873303164,0.0453640858052623,0.777175506954919,0.0010289501404736,-0.0113410214513156,0.0124751235964472,2,-0.847516673989431,17,-0.347390746650922
3664,9688,170,NA,NA,NA,NA,NA,NA,NA,NA,NA,NA,NA,NA,NA,NA,NA,NA,2,137,16,16,6,0.125,4.3125,0.0078125,0.03125,-0.034375,0.0455004591368228,0.810123966942149,0.00103514589083084,-0.0113751147842057,0.0125126262626263,2,-0.847106649994318,16,6.63167914105017
3664,9689,170,NA,NA,NA,NA,NA,NA,NA,NA,NA,NA,NA,NA,NA,NA,NA,NA,2,140,10,10,5,0.271428571428572,3.56428571428571,0.0368367346938777,0.0904761904761906,-0.0746428571428573,0.0931216931216932,0.628042328042328,0.0043358248649254,-0.0310405643738978,0.0256084656084657,2,0.0298718261315022,10,2.48766465653293
3664,9691,170,NA,NA,NA,NA,NA,NA,NA,NA,NA,NA,NA,NA,NA,NA,NA,NA,2,157,8,8,4,0.125,3.0625,0.0078125,0.0416666666666664,-0.0343749999999998,0.0543956043956043,0.826648351648352,0.00147944088878154,-0.0181318681318681,0.0149587912087912,2,-1.18611460070002,8,9.99995434071618
3664,9703,170,NA,NA,NA,NA,NA,NA,NA,NA,NA,NA,NA,NA,NA,NA,NA,NA,2,136,8,8,4,0.178571428571428,3.33928571428571,0.0159438775510204,-0.178571428571429,0.049107142857143,0.0605742296918768,0.762780112044818,0.00183461865138212,0.0605742296918768,-0.0166579131652661,2,-0.304324437472692,8,9.99993770741043
3664,9710,170,NA,NA,NA,NA,NA,NA,NA,NA,NA,NA,NA,NA,NA,NA,NA,NA,2,136,13,13,6,0.512820512820513,4.41025641025641,0.131492439184747,-0.128205128205128,0.141025641025641,0.00961538461538469,0.830976621417798,4.62278106508883e-05,-0.0024038461538462,0.00264423076923082,2,-0.248350789163462,13,2.03783883619188
3664,9715,170,NA,NA,NA,NA,NA,NA,NA,NA,NA,NA,NA,NA,NA,NA,NA,NA,2,137,8,8,5,0.375,3.8125,0.0703125,-0.375000000000001,0.103125,0.0544733044733045,0.809343434343434,0.00148367045012067,0.0544733044733044,-0.0149801587301587,2,-1.08532668740261,8,-0.762600632349776
3664,9722,170,0.922087295143863,0.077912704856137,-0.967628922926592,0.0323710770734081,0.608558693176412,0.391441306823588,0.987988835778331,0.0987696084642957,-0.651540356755345,0.348459643244655,-0.854457240692962,0.347779725475685,0.930479832257483,0.0695201677425175,-0.934901046089012,0.0650989539109878,4,117,30,30,9,1.88888888888889,5.24444444444444,0.714732510288066,0.0367256428402926,-0.117333333333334,0.143081761006289,0.808514663003928,0.00665216741515069,0.0070947772907949,-0.0191648142123907,3,-1.83071291985594,30,1.46177741120393
3664,9723,170,0.979075562484947,0.130461455509898,-0.949652826456883,0.202871877823435,-0.974379792081788,0.144416913258227,-0.989693841414321,0.0914781199228207,0.854857619892503,0.347288791081662,0.895000548110908,0.294349997746256,0.939250904358643,0.223042958514512,-0.999498083169917,0.0201710806910774,3,124,16,16,6,0.192307692307693,4.37339743589744,0.0120269354043393,-0.014496814535158,0.0257812499999998,0.195652173913043,0.874024526198439,0.0119471072284799,-0.0146757083940333,0.0269021739130435,3,-1.19529511440376,16,9.99994915660856
3664,9724,170,0.95632471578712,0.188845422857524,-0.974354703692446,0.144487910475809,-0.981942614444202,0.121165296453502,NA,NA,0.914191799641108,0.265653206929311,NA,NA,0.942922266108636,0.216130549040877,-0.99367450500291,0.0716426385650693,3,134,11,11,5,1.27272727272727,4.20075757575758,0.48454717630854,-0.133199079401611,0.175,0.0239718614718615,0.802660533910534,0.000287325071213058,0.00799062049062048,-0.0065922619047619,2,-0.984244744618505,11,9.99995198260845
3664,9738,170,0.960772623445846,0.0392273765541535,-0.946895015031511,0.0531049849684894,0.788500628296096,0.211499371703904,NA,NA,-0.710818653310909,0.289181346689091,-0.866025403784438,0.333333333333333,0.914261821506267,0.0857381784937332,-0.978281743391911,0.0217182566080887,4,120,14,14,8,2,4.39285714285714,0.872448979591837,0.117433414043583,-0.141428571428572,0.193260073260073,0.676459096459097,0.0124498186388296,0.0276085818942962,-0.0265732600732601,3,-0.844236760124611,14,-1.09526736042642
3664,9742,170,0.97071367623258,0.0292863237674197,-0.912870929175276,0.0871290708247238,0.984731927834662,0.015268072165338,NA,NA,-0.853986492453439,0.146013507546561,0.866025403784439,0.333333333333333,0.820172447347997,0.179827552652002,-0.968683451119604,0.031316548880396,4,127,10,10,7,2.4,3.7,1.32,0.266666666666667,-0.209000000000001,0.00627537836840164,0.632582748861819,1.31267912222011e-05,-0.00209179278946717,0.000862864525655196,3,-0.469180871130111,10,-1.42940369645223
3664,9744,170,0.958423217380105,0.0415767826198952,-0.898684364939247,0.101315635060753,0.997766685979262,0.00223331402073756,NA,NA,-0.876376933562473,0.123623066437527,0.866025403784438,0.333333333333333,0.774596669241483,0.225403330758517,-0.958423217380105,0.0415767826198953,4,140,8,8,6,3,3.08333333333333,2.02777777777778,0.430025445292621,-0.265833333333334,0.0877777777777777,0.645925925925926,0.00256831275720164,-0.0438888888888888,0.0120694444444444,3,-0.669322449367419,8,-1.68059870963652
3664,9751,170,0.82940767720454,0.0411703441322304,-0.965683142890947,0.00174626345631183,-0.935112207634185,0.00617903578617277,0.614882319753136,0.193913956227797,0.918089759838827,0.00978915149199766,-0.75217593175988,0.0845148764476497,0.85937111844805,0.028274151194521,-0.750092359831441,0.0858768984576413,6,9,9230,9230,26,0.791437106839844,16.3801990440324,0.100284286943874,-7.28170186479218e-05,0.0427366287827593,0.811198013470854,0.769342098474357,0.100845107003574,4.80144703709829e-05,-0.0351111876506025,6,-5.0471497402497,9230,0.304162475397668
3664,9752,170,0.869102201329675,0.0245799338087025,-0.957407313690979,0.00268257090800094,-0.692597684654381,0.127220102423256,0.612375863728422,0.196257964379476,0.666470868774226,0.148311351391577,-0.71252911014089,0.112081041674278,0.855075631638092,0.0299826803065182,-0.792960416008578,0.0598606678207881,6,15,5713,5713,24,0.535733386816419,15.5063124929767,0.041715159152915,-5.51960780178585e-05,0.0200090650154452,0.789309605245204,0.772632949685305,0.0989183223352895,7.51513295009117e-05,-0.0329412181170622,6,-3.07405695337702,5713,0.364888701804471
3664,9753,170,0.935954772198133,0.00602133673025551,-0.94853513291235,0.00390479305559468,-0.708887118566125,0.11478463517335,0.773845226297205,0.0709355185478131,0.82017628981008,0.0455974094161258,-0.866362626428174,0.0255951099957394,0.935139476219887,0.00617390085271863,-0.862804421754486,0.0269427494587563,6,22,1192,1192,23,1.7957957957958,13.5144231397748,0.797844062594031,-0.00116005631425005,0.107687399788037,0.730687901882781,0.612898357912432,0.13213001634625,0.000515344720333856,-0.0462912731361784,6,-1.5577889242286,1192,0.348446199903899
3664,9754,170,0.943767005861768,0.0562329941382325,-0.92861682773473,0.0713831722652698,-0.960571998844664,0.0394280011553357,0.970391349424875,0.029608650575125,0.802973912643296,0.197026087356704,-0.824918087096872,0.175081912903128,0.857112994933278,0.142887005066722,-0.984759740153835,0.0152402598461648,4,56,358,358,16,0.745597775718258,10.5310977794447,0.132863097650818,-0.0025516854151436,0.0623464804289172,0.179750821239849,0.757599823548549,0.00755766123934358,0.000614802534171937,-0.0152761127710906,4,-2.06182623597983,358,0.31962242668275
3664,9755,170,0.914053760412707,0.0859462395872934,-0.954054156041868,0.0459458439581316,-0.933268198717414,0.0667318012825863,0.929931557478759,0.0700684425212412,0.819926241334648,0.180073758665352,-0.797052689540444,0.202947310459556,0.816466145578398,0.183533854421602,-0.941452400282117,0.0585475997178831,4,74,107,107,15,0.672897196261681,9.5275082278163,0.100154820975575,-0.00625411154608259,0.0552737633152449,0.562534265350877,0.498932092021473,0.0769038453737957,0.00546069901890835,-0.0470835693370395,4,-0.221225242705474,107,-0.339680165100364
3664,9756,170,NA,NA,-0.924473451641905,0.24901011701139,0.999584911532666,0.0183434271015797,-0.99651450265629,0.0531684162373251,-0.913106079696588,0.267353544112969,0.953054663545534,0.195841700774065,0.866025403784439,0.333333333333333,-0.99124070716193,0.0843232163219436,3,133,15,15,6,0.966666666666667,4.10793650793651,0.280188964474679,0.139756367663345,-0.132916666666667,0.0501930501930502,0.761805761805762,0.000693412335823978,-0.00693115809394875,0.00690154440154437,3,-0.201041955217841,15,1.29358352332497
3664,9757,170,NA,NA,-0.924473451641905,0.24901011701139,0.999406877271159,0.0219274875128441,0.404325363380525,0.735012690579536,-0.910796215913037,0.270937604524234,-0.0250942806614295,0.984022807590925,0.866025403784439,0.333333333333333,-0.99124070716193,0.0843232163219441,3,140,12,12,5,0.916666666666667,3.57828282828283,0.253233088460361,0.132840028188866,-0.126041666666667,0.0106060606060606,0.766969696969697,3.64554637281909e-05,0.000644820295983124,-4.1666666666722e-05,3,-0.162288165186716,12,9.99991984641845
3664,9770,170,0.969171108815469,0.0308288911845311,-0.953581691407285,0.0464183085927148,0.0231574170021941,0.976842582997806,0.935657990551084,0.0643420094489162,0.278971077302459,0.721028922697541,-0.803093588030706,0.196906411969294,0.855431589271246,0.144568410728754,-0.966343183101019,0.0336568168989809,4,100,92,92,14,0.154589371980675,9.03824967597502,0.00522373876755398,4.14856698229277e-05,0.00429495110168475,0.623438673128114,0.571543047188294,0.0931548247166448,0.00707843213431264,-0.0522128204836982,4,-0.708260028091573,92,-0.413434336507585
3664,9771,170,0.943912950416492,0.0560870495835077,-0.950541641257607,0.0494583587423931,0.790088011314294,0.209911988685706,0.936303999423718,0.0636960005762814,-0.564229996817927,0.435770003182073,-0.7987380281465,0.2012619718535,0.84463667480489,0.15536332519511,-0.962213033520113,0.0377869664798871,4,107,89,89,13,0.25,8.16595558617766,0.0136347457887322,0.00235859448719068,-0.0140342113631546,0.673245294031811,0.62325820470573,0.109669866602983,0.00792710883153673,-0.0563451239287423,4,-1.07349134930703,89,-0.186544154698255
3664,9772,170,0.985329278164293,0.109182553509248,-0.938652204581148,0.224150779824086,0.955237137801357,0.191199841569909,0.939960830476121,0.22172245063716,-0.794610099623289,0.415350621393994,-0.764599886347841,0.445873230461245,0.997500609344623,0.0450197095868645,-0.960673589272152,0.179131070237222,3,113,18,18,8,0.848214285714286,5.24041005291005,0.211089393319056,0.0749007936507938,-0.100396825396826,0.0239766081871345,0.692852501624431,0.000162493809427909,0.00204489108423703,-0.00268031189083824,3,-0.132105570068813,18,-0.930751882123479
3664,9773,170,0.985329278164293,0.109182553509248,-0.938652204581148,0.224150779824086,0.891679689617066,0.299054658708393,0.985691039583462,0.107824731254391,-0.680868020659972,0.523205438532479,-0.867089864263214,0.331975511078477,0.960768922830523,0.178912375022067,-0.80617945731769,0.403063154846153,3,121,17,17,7,0.533333333333333,4.63529411764706,0.0748481353325644,0.0416333523700744,-0.0512254901960788,0.128401360544218,0.724951409135083,0.00548215159310982,0.0124554190608282,-0.01765518707483,3,-0.282721238534457,17,0.666173337129399
3664,9774,170,0.985329278164293,0.109182553509247,-0.938652204581148,0.224150779824086,-0.999859161863358,0.0106846513004541,NA,NA,0.932732263089195,0.234835431124542,NA,NA,0.999855855855107,0.0108093316191347,-0.944372178159923,0.213341448204952,3,133,12,12,6,1.91666666666667,4.82777777777778,1.05564814814815,-0.175323624595469,0.263541666666667,0.0341796341796341,0.782254982254982,0.000584123696326806,0.0170898170898169,-0.00939939939939932,2,-0.101430103241697,12,0.978794033728154
3664,9775,170,0.99124070716193,0.0843232163219436,-0.924473451641905,0.24901011701139,-0.990968566883646,0.0856250536936649,NA,NA,0.967247129904906,0.163385063317725,NA,NA,0.999946857977908,0.0065632066978849,-0.928354698777351,0.242446910313507,3,136,8,8,5,1.375,4.20833333333333,0.505208333333333,-0.186046511627907,0.1890625,0.0878851540616247,0.692401960784314,0.00386190015221775,0.0878851540616248,-0.0241684173669468,2,-0.0561939163856859,8,-1.24358223001446
3664,9789,170,0.940574790812418,0.0594252091875822,-0.936727843031747,0.0632721569682528,0.93332885407053,0.0666711459294698,0.944557989443201,0.0554420105567988,-0.751688726908717,0.248311273091283,-0.782154385698351,0.217845614301649,0.841228331573916,0.158771668426084,-0.975989259446925,0.0240107405530752,4,116,71,71,12,0.671875,7.4769858963564,0.101864717523555,0.00960623311093819,-0.0511043947106554,0.677718160816752,0.652905971906767,0.113252304958853,0.0102508218753875,-0.0560691960123148,4,-1.28447847235871,71,-0.0454523840009604
3664,9790,170,NA,NA,-0.993399267798783,0.0731863950403275,0.999466429486246,0.0207974622186784,0.86498344293551,0.334657614373634,-0.996615895540124,0.0523889328216466,-0.801713465129511,0.407844009413961,0.866025403784439,0.333333333333333,-0.917662935482247,0.260146938293006,3,134,8,8,4,0.583333333333333,2.97222222222222,0.0856481481481482,0.116228070175439,-0.0802083333333337,0.47962962962963,0.521649029982363,0.0681719145134048,0.0897417153996101,-0.0575644841269843,3,1.54515926259283,8,9.99991873048828
3664,9797,170,0.963478474471174,0.0365215255288258,-0.923782423540664,0.0762175764593358,0.980399709458002,0.0196002905419985,0.949438546693166,0.0505614533068341,-0.832388545454919,0.167611454545081,-0.770365220451466,0.229634779548533,0.846080246797353,0.153919753202647,-0.984932244666121,0.0150677553338793,4,119,63,63,11,1.05172413793103,6.74761172846578,0.252512388222143,0.0178042895405663,-0.089099600947035,0.681584261611621,0.665468526667593,0.11497483518228,0.0116345177753628,-0.0556424679605266,4,-1.79530472488616,63,0.0296366884260363
3664,9798,170,0.945119684953352,0.0548803150466481,-0.930618508473846,0.0693814915261536,0.798615251248767,0.201384748751233,0.938418492077362,0.0615815079226381,-0.874276764870082,0.125723235129918,-0.765126018091283,0.234873981908717,0.852536766440846,0.147463233559154,-0.983799252565328,0.016200747434672,4,135,25,25,7,0.173913043478261,5.08347826086957,0.00932375551354757,0.00741172139103659,-0.0179826086956523,0.529411764705882,0.619350212021567,0.0679123183826632,0.023504817472544,-0.04247325721593,4,-1.05319599615754,25,4.47436757587276
3664,9804,170,0.941513083524008,0.0584869164759916,-0.928190961784514,0.0718090382154865,0.988513269673473,0.0114867303265274,0.936305752692947,0.0636942473070528,-0.861544605357489,0.138455394642511,-0.764470679836845,0.235529320163155,0.924210842318107,0.0757891576818934,-0.997474662403462,0.00252533759653831,4,146,19,19,6,0.611111111111111,4.41289923526766,0.079903827688649,0.0358749437696806,-0.0518764057579849,0.533653846153846,0.729607275321285,0.0698100621461095,0.0317615462739302,-0.0430257217878155,4,-1.45353017173048,19,9.99992638972208
3664,9805,170,NA,NA,-0.866025403784439,0.333333333333333,NA,NA,NA,NA,-0.866025403784439,0.333333333333333,-0.866025403784439,0.333333333333333,0.866025403784439,0.333333333333333,-1,NA,3,148,8,8,4,0.25,3.16666666666667,0.0208333333333333,0.125,-0.0343750000000003,0.0268398268398269,0.757287157287157,0.000240125434930631,0.0134199134199135,-0.00369047619047623,3,-1.58391918985787,8,9.99993770741043
3664,9812,170,0.950310332213176,0.0496896677868244,-0.958314847499909,0.0416851525000907,0.897561342857822,0.102438657142178,0.877570742180597,0.122429257819403,-0.748893612343575,0.251106387656425,-0.732729990346156,0.267270009653844,0.774596669241483,0.225403330758517,-0.907264708726555,0.0927352912734452,4,148,11,11,5,0.9,3.64383116883117,0.185347023106763,0.095613570103366,-0.0686785714285716,0.439393939393939,0.678925619834711,0.0443738410905954,0.0457412717152977,-0.032878787878788,4,0.100639037748651,11,9.99993731961038
3664,9822,170,0.970725343394151,0.154420958311266,-0.960768922830523,0.178912375022067,0.915709359185466,0.263259254036136,-0.991532635448582,0.0829041308956842,-0.768334391681293,0.442171629058203,0.988649799257157,0.0960082441263821,0.866025403784439,0.333333333333333,-0.970725343394151,0.154420958311266,3,122,38,38,10,0.128571428571429,6.57794486215539,0.00469237002280139,0.010044341623289,-0.0144736842105264,0.00914022321917052,0.793939181501101,2.13682348268724e-05,-0.000733937424518478,0.00125678069263588,3,-1.53060772299181,38,-0.678962723471853
3664,9823,170,NA,NA,-0.866025403784439,0.333333333333333,NA,NA,NA,NA,-0.866025403784439,0.333333333333333,-0.866025403784438,0.333333333333333,0.866025403784439,0.333333333333333,-1,0,3,135,15,15,8,0.0333333333333332,5.52222222222222,0.000370370370370368,0.0111111111111113,-0.00458333333333354,0.0136672850958566,0.686600700886415,6.22648939638078e-05,0.00455576169861886,-0.00187925170068029,3,-1.23689542427394,15,-1.32189094610568
3664,9824,170,NA,NA,-0.866025403784439,0.333333333333333,NA,NA,NA,NA,-0.866025403784438,0.333333333333333,0.866025403784439,0.333333333333333,0.866025403784439,0.333333333333333,-1,0,3,141,13,13,7,0.258741258741258,4.99067599067599,0.0223156796583369,0.12937062937063,-0.0355769230769235,0.0205369343300378,0.726120622672347,0.000140588557225428,-0.0102684671650188,0.00282382847038018,3,-1.74575020687,13,-1.421433292676
3664,9825,170,NA,NA,-0.866025403784439,0.333333333333333,NA,NA,NA,NA,-0.866025403784439,0.333333333333333,0.866025403784438,0.333333333333333,0.866025403784439,0.333333333333333,-1,NA,3,142,12,12,6,0.216666666666667,4.34444444444444,0.0156481481481482,0.108333333333334,-0.0297916666666671,0.0142496392496393,0.696849446849447,6.76840729149535e-05,-0.00712481962481957,0.00195932539682537,3,-1.66751089729351,12,-0.921234367988674
3664,9826,170,NA,NA,-0.866025403784439,0.333333333333333,NA,NA,NA,NA,-0.866025403784438,0.333333333333333,0.866025403784438,0.333333333333333,0.866025403784439,0.333333333333333,-1,NA,3,150,11,11,5,0.171717171717172,3.67003367003367,0.00982892902084821,0.0858585858585861,-0.0236111111111114,0.00338383838383838,0.883855218855219,3.81678740264597e-06,-0.00169191919191917,0.000465277777777768,3,-2.06883846459616,11,9.99992623904581
3664,9837,170,NA,NA,-0.981980506061966,0.121037718323677,0.844861256191465,0.35936584806925,-0.984923677235524,0.110685308232897,-0.728534532463174,0.480403566392927,0.934483917736986,0.231723026556574,0.866025403784439,0.333333333333333,-0.944911182523068,0.212295615009657,3,131,23,23,9,0.2,5.61739130434783,0.0109073724007562,0.0192546583850932,-0.0209239130434784,0.0333579464014248,0.778187284365774,0.000318562725538635,-0.00383610432646063,0.00458671763019587,3,-0.869524825884615,23,-0.514242730915178
3664,9838,170,NA,NA,-0.981980506061966,0.121037718323677,0.994643350024282,0.0659228249290025,-0.99731482341837,0.0466636572946185,-0.957185972603853,0.186960543252679,0.965503887653722,0.167701375618294,0.866025403784439,0.333333333333333,-0.944911182523068,0.212295615009657,3,134,8,8,4,0.45,3.06428571428571,0.0552551020408164,0.153061224489796,-0.0618750000000003,0.116666666666667,0.729805996472663,0.00365027458171197,-0.0394463340891912,0.0160416666666667,3,-0.119511005270966,8,9.55904857363267
3664,9845,170,NA,NA,-0.981980506061966,0.121037718323677,-0.129275449651796,0.917469718434981,-0.952612930095323,0.196768303305315,0.314342405545897,0.796432000111304,0.877961737237976,0.317806021628992,0.866025403784439,0.333333333333333,-0.944911182523068,0.212295615009657,3,137,15,15,8,0.138461538461538,5.46096866096866,0.00499768670708838,-0.00299145299145272,0.00611111111111084,0.0363636363636364,0.642760942760943,0.000428867802605177,-0.00645743145743144,0.005,3,-0.453572305429293,15,-1.15368424934371
3664,9846,170,NA,NA,-0.981980506061966,0.121037718323677,-0.910542264123203,0.271328930103852,0.0191155815200786,0.987829901597204,0.972263032730343,0.150291211780175,-0.207718834194419,0.866792183273527,0.866025403784439,0.333333333333333,-0.944911182523068,0.212295615009657,3,147,14,14,7,0.285714285714286,4.87698412698413,0.0215891912320484,-0.0437925170068025,0.0392857142857142,0.0131245566028175,0.817412056542491,4.76159331481707e-05,4.31762854123779e-05,-0.000394171046345025,3,-0.848837209302326,14,-0.620508598114721
3664,9847,170,NA,NA,-0.960768922830523,0.178912375022067,-0.929786249633247,0.239983114407117,0.68299060202968,0.521357960314828,0.995402274496796,0.0610707393850509,-0.858780189785289,0.342445585292761,NA,NA,NA,NA,3,149,10,10,6,0.266666666666667,4.54074074074074,0.0179423868312757,-0.0598290598290597,0.0366666666666667,0.0161375661375661,0.744885361552028,8.54072767653011e-05,0.00303215303215302,-0.00218253968253968,3,-0.443442108607299,10,-1.30794576420524
3664,9848,170,NA,NA,-0.981980506061966,0.121037718323677,0.5,0.666666666666667,-0.741233198275213,0.468482540484749,-0.327326835353988,0.787704384990343,0.601022677714164,0.589520258808427,NA,NA,NA,NA,3,151,9,9,5,0.333333333333333,3.81481481481481,0.0288065843621399,0.0555555555555558,-0.015277777777778,0.0825814536340852,0.773350041771094,0.00173020793420477,-0.0201843895452917,0.00687499999999997,3,-0.190060743108768,9,-0.561665071494296
3664,9861,170,0.956762336035449,0.0432376639645513,-0.912789455910634,0.0872105440893663,-0.971390875585502,0.0286091244144983,0.985052755765103,0.0149472442348972,0.796504398475743,0.203495601524257,-0.835064068229021,0.164935931770979,0.8718753309279,0.1281246690721,-0.995741289808244,0.0042587101917556,4,77,251,251,14,0.774915254237289,9.52572306160459,0.137389962234151,-0.00399022222262646,0.0628889001498001,0.112924666766536,0.813455482515028,0.00293632100948561,0.000591543678608558,-0.00963895343458183,4,-2.40702770919185,251,0.812470384765428
3664,9862,170,0.917470340020602,0.0825296599793983,-0.932276078279061,0.067723921720939,-0.909344880322032,0.0906551196779684,0.960495172622351,0.039504827377649,0.760994776880754,0.239005223119246,-0.836602423317695,0.163397576682305,0.83446465268235,0.16553534731765,-0.958389951868063,0.0416100481319374,4,87,79,79,11,0.991666666666666,7.46644594440647,0.23926559321761,-0.0131643400139366,0.0792921365914785,0.11278799408159,0.77350161068059,0.00294420257804415,0.00154244387481524,-0.0096696617296253,4,-0.748788309562423,79,1.76015111360978
3664,9863,170,0.922033236115409,0.0779667638845916,-0.926233148607346,0.0737668513926545,-0.978527871122527,0.0214721288774733,0.965667196845309,0.0343328031546908,0.852633410440518,0.147366589559482,-0.839653693637816,0.160346306362184,0.826120483573241,0.173879516426759,-0.956519617401547,0.0434803825984531,4,101,55,55,10,0.858490566037736,6.91107103218646,0.160302499216762,-0.0169328945422479,0.0727178135405109,0.269462148461328,0.779275560852794,0.0167409564332662,0.00540014559225681,-0.0231418809399194,4,-0.150173598146628,55,1.57961976580638
3664,9864,170,NA,NA,-0.720576692122892,0.487754291644599,0.972128239042333,0.150657664976938,-0.996588765404895,0.0525986319336358,-0.537931295557485,0.638411956621539,0.660895923856329,0.540352923578237,0.866025403784439,0.333333333333333,-0.970725343394151,0.154420958311267,3,103,14,14,5,0.142857142857143,4.07326007326007,0.00511210401320294,0.0333896872358411,-0.010576923076923,0.0455488127129918,0.641911929971631,0.000539640720772675,-0.0111213445312182,0.00422199897946164,3,1.13523131672598,14,9.99992033200855
3664,9865,170,NA,NA,-0.720576692122892,0.487754291644599,-0.277350098112615,0.821087624977933,0.852225815000513,0.350504523033082,0.866025403784439,0.333333333333333,-0.976850042765744,0.137249768611518,0.866025403784439,0.333333333333333,-0.970725343394151,0.154420958311266,3,141,10,10,4,0.0555555555555554,3.48148148148148,0.00102880658436213,-0.00427350427350423,0.00763888888888883,0.0388888888888889,0.794316730523627,0.000396218982888291,0.00814913056292368,-0.00534722222222225,3,-0.0167773270053642,10,9.99992230902237
3664,9877,170,0.986242616389884,0.0137573836101157,-0.942951020205198,0.0570489797948022,-0.78055437768884,0.219445622311159,0.998898810824424,0.00110118917557545,0.816396210525181,0.183603789474819,-0.941518741576746,0.0584812584232542,0.863705368208468,0.136294631791532,-0.966116515374385,0.033883484625615,4,103,41,41,9,0.403846153846153,6.36570512820513,0.0425108207319745,-0.00955680131407429,0.0358557692307694,0.200746268656716,0.731085726095802,0.0091486839887907,0.00567362278294194,-0.0191830033077003,4,-0.371445149192338,41,1.21684212527215
3664,9878,170,0.997212052700048,0.00278794729995235,-0.88332031396887,0.11667968603113,0.761680669536105,0.238319330463895,0.963285464891947,0.0367145351080529,-0.426963360051949,0.573036639948051,-0.96328045597418,0.0367195440258201,0.835144673676301,0.164855326323699,-0.995353398187806,0.00464660181219448,4,113,27,27,8,0.452380952380953,5.74540293040293,0.0346144467254358,0.013851520029864,-0.0169210622710622,0.05417004048583,0.743233404022878,0.000607203576547652,0.00232016019143073,-0.00505624638519377,4,0.0622838472216688,27,0.150308246695601
3664,9882,170,0.998164705619168,0.00183529438083241,-0.850230301897703,0.149769698102297,0.892839462236456,0.107160537763544,0.990654092996232,0.00934590700376781,-0.75775332611582,0.24224667388418,-0.776895440004019,0.223104559995981,0.799429008207763,0.200570991792238,-0.994070820537132,0.00592917946286808,4,116,23,23,7,0.227272727272728,5.14354066985646,0.0107178559709408,0.010145846544071,-0.0167105263157896,0.288199454866122,0.65511843582019,0.0197530597468408,0.0152827032626934,-0.0232588415483153,4,-0.244102055485126,23,1.24265683693897
3664,9883,170,NA,NA,-0.866025403784439,0.333333333333333,-0.693375245281536,0.512245708355401,0.585003690527572,0.602186102990268,0.24019223070763,0.845579041688734,-0.101112742529264,0.935519436323602,0.866025403784439,0.333333333333333,-1,NA,3,132,13,13,6,0.222222222222222,4.46296296296296,0.0133744855967078,-0.0462962962962958,0.00763888888888857,0.0569510898458266,0.651936026936027,0.000974580850993872,0.0105440368598264,-0.000868055555555601,3,0.591098853739677,13,0.575033801887653
3664,9885,170,NA,NA,-0.981980506061966,0.121037718323677,-0.983620304392998,0.115383211687863,0.958895001243903,0.183164548379504,0.999960554602276,0.00565450663581735,-0.887990386370327,0.30420226670318,0.866025403784439,0.333333333333333,-0.944911182523068,0.212295615009657,3,140,11,11,5,0.147727272727273,3.80075757575758,0.00545626721763087,-0.0475649350649348,0.0203124999999999,0.0496753246753248,0.697740099406766,0.000782356885775999,0.0175584072012644,-0.00683035714285718,3,0.030386856273138,11,9.99993620945769
3664,9895,170,NA,NA,-0.774596669241482,0.225403330758518,NA,NA,NA,NA,0.774596669241482,0.225403330758518,0.774596669241482,0.225403330758518,0.774596669241483,0.225403330758517,-1,0,4,145,10,10,6,0.1,3.925,0.0025,-0.0142857142857143,0.00825000000000004,0.129777777777778,0.862666666666667,0.00421056790123457,-0.0185396825396825,0.0107066666666667,4,-1.98923530066787,10,-1.44636169812698
3664,9904,170,NA,NA,-0.866025403784439,0.333333333333333,NA,NA,NA,NA,-0.866025403784439,0.333333333333333,-0.866025403784439,0.333333333333333,0.866025403784439,0.333333333333333,-1,0,3,123,14,14,5,1.14285714285714,3.76190476190476,0.435374149659864,0.103896103896104,-0.157142857142858,0.35655833528174,0.705790663237472,0.0423779488196285,0.0324143941165218,-0.0490267711012394,3,-0.735849056603774,14,9.99992033200855
3664,9908,170,NA,NA,NA,NA,NA,NA,NA,NA,NA,NA,NA,NA,NA,NA,NA,NA,2,126,10,10,4,0,3.5,0,NA,1.72710170455216e-16,0,0.78030303030303,0,NA,0,2,-1.23530301683462,10,9.99992230902237
3664,9917,170,0.906692829247048,0.0933071707529525,-0.944500985408141,0.0554990145918591,-0.591341809868239,0.408658190131761,0.936195247932317,0.228643206083479,0.416351467863456,0.583648532136544,-0.702536088766181,0.504101882718422,0.859822519559027,0.140177480440973,-0.967045786080397,0.0329542139196032,4,127,24,24,7,1.28571428571429,5.30628881987578,0.278978072798117,-0.0292959144642174,0.0468439440993789,0.0093960639966707,0.726591911627301,2.35756733754859e-05,0.000825350495902409,-0.000938065978510914,3,-1.85850814549077,24,1.93823613937998
3664,9920,170,0.91379938776704,0.0862006122329606,-0.955480733665791,0.0445192663342085,-0.442570642504934,0.557429357495066,0.996452394591518,0.053640306491882,0.332582996785851,0.667417003214149,-0.869331873807643,0.329098983126825,0.941945715678964,0.0580542843210359,-0.999026407890045,0.000973592109954745,4,136,21,21,6,0.727272727272728,4.63544372294372,0.0883150732744889,-0.0141074489588392,0.0210535714285714,0.110797046091164,0.782673037317,0.00406092684771379,0.0115294627236246,-0.0152345938375351,3,-1.86623738606904,21,9.99994816171538
3664,9921,170,0.995870594885822,0.0578746566983908,-0.907841299003204,0.275458676634943,0.986241382612456,0.105725979981739,0.997017564358286,0.0491800151505561,-0.826033187630902,0.381184656616683,-0.872773179430009,0.324638691785499,0.866025403784439,0.333333333333333,-0.995870594885822,0.05787465669839,3,143,12,12,5,0.909090909090909,3.58080808080808,0.254438322620141,0.0903263403263404,-0.114583333333334,0.459034792368126,0.67399925177703,0.0691557718768094,0.0476054809388143,-0.0631172839506175,3,-1.21575411608083,12,9.99993342206991
3664,9932,170,NA,NA,-0.774596669241482,0.225403330758518,NA,NA,NA,NA,0.774596669241482,0.225403330758518,NA,NA,0.774596669241483,0.225403330758517,-1,0,4,146,9,9,4,0.666666666666667,3.5,0.111111111111111,-0.0833333333333333,0.0550000000000001,0,0.814814814814815,0,NA,-2.64407369377741e-17,3,-1.25516305286116,9,9.99993021423617
3664,9940,170,0.973410335034567,0.0265896649654334,-0.894807707558031,0.105192292441969,-0.931302004111716,0.0686979958882842,0.976964816241517,0.0230351837584832,0.676970019283905,0.323029980716095,-0.787420504979481,0.212579495020519,0.872325824317159,0.127674175682841,-0.997444120404845,0.00255587959515533,4,93,172,172,13,0.395169082125603,8.90632257989595,0.0334274276271684,-0.00299537455196266,0.0263650884894091,0.0663353573942985,0.862065042300596,0.00106317134625795,0.000560389094335109,-0.00546911015378653,4,-2.36787967024104,172,0.464798369721426
3664,9941,170,0.978290209700562,0.0217097902994374,-0.884557276660006,0.115442723339994,0.888443238012813,0.111556761987187,0.894893460821087,0.105106539178913,-0.999474905007139,0.000525094992860935,-0.605651405373043,0.394348594626957,0.82881657275934,0.171183427240659,-0.994113711743256,0.00588628825674366,4,96,144,144,12,0.167292644757435,8.26257479517629,0.00528202576287414,0.00144109679746048,-0.0154732118199394,0.0307291057291058,0.865587324536121,0.000179683846369829,0.000267725082861725,-0.00172936062363978,4,-2.63321428585992,144,0.281070354371938
3664,9942,170,0.963645090418157,0.0363549095818432,-0.907344696442328,0.0926553035576719,-0.948868823005873,0.0511311769941272,0.976875723117379,0.023124276882621,0.740252214616977,0.259747785383023,-0.806183613847514,0.193816386152486,0.836800292769781,0.163199707230219,-0.988670983940892,0.0113290160591075,4,116,69,69,11,2.26470588235294,7.85494950488557,1.20609007730725,-0.0360784558717983,0.173172093252017,0.349270626124846,0.749338825041351,0.0291041644697808,0.00576990652108374,-0.0292967775588807,4,-2.64311065991403,69,-0.00892437415286196
3664,9943,170,NA,NA,-0.981980506061966,0.121037718323677,0.998575619970085,0.0339828362164101,-0.888191032685918,0.303924380582769,-0.970498689373151,0.155020554540086,0.959018772328795,0.182886662259092,0.866025403784439,0.333333333333333,-0.944911182523068,0.212295615009656,3,122,24,24,9,1.375,4.95277777777778,0.501828703703704,0.11577380952381,-0.189062500000001,0.0303236166007905,0.75952042834909,0.00024994691793071,-0.00229816863469606,0.00416949728260865,3,-0.738548945875996,24,-0.0736239425152504
3664,9944,170,NA,NA,-0.974354703692446,0.144487910475809,0.999913410411,0.00837782132304854,-0.48236073289468,0.679558899539027,-0.971309222370446,0.152865731798858,0.667099700097455,0.535070989063218,0.866025403784439,0.333333333333333,-0.95632471578712,0.188845422857525,3,133,17,17,8,1.60504201680672,4.48739495798319,0.682649530400395,0.160993511328582,-0.220693277310925,0.0478847464141582,0.792143225966755,0.000598446115382712,-0.00229949015317594,0.00448782553561967,3,-1.44897204941986,17,-0.6408847733729
3664,9949,170,0.95632471578712,0.188845422857524,-0.974354703692446,0.144487910475809,0.998322446990612,0.0368802603622642,-0.994690988224342,0.0656287740900352,-0.959691883750133,0.181368170838073,0.946025972861806,0.210116684565845,0.866025403784439,0.333333333333333,-0.95632471578712,0.188845422857524,3,137,12,12,7,1.91666666666667,4.12037037037037,0.997170781893004,0.194268635724332,-0.263541666666668,0.350780532598714,0.789919395980002,0.0343720041060758,-0.035936658491319,0.0482323232323233,3,-0.722527629049368,12,-1.18901324241294
3664,9950,170,0.95632471578712,0.188845422857524,-0.974354703692446,0.144487910475809,0.486328318464797,0.676671811911967,NA,NA,-0.670471280349243,0.532183901436158,NA,NA,0.866025403784439,0.333333333333333,-0.95632471578712,0.188845422857524,3,141,11,11,6,0.397727272727272,4.04924242424242,0.0413653581267217,0.0192750287686998,-0.0375000000000004,0.0701298701298702,0.693999104343932,0.00245909934221623,-0.0233766233766234,0.0192857142857143,2,-0.852643112776732,11,-0.587800399937484
3664,9951,170,0.928571428571429,0.242075436647353,-0.989743318610787,0.0912578966859809,0.999797249347424,0.0128198690548791,NA,NA,-0.986666070043373,0.104077765740858,NA,NA,0.866025403784439,0.333333333333333,-0.928571428571429,0.242075436647353,3,151,9,9,5,0.777777777777778,3.42592592592593,0.155349794238683,0.0975056689342404,-0.106944444444445,0.0684210526315789,0.797368421052632,0.00234072022160665,-0.0228070175438597,0.0188157894736843,2,-1.39035970064647,9,-0.456136472548697
3664,9952,170,0.904194430179465,0.280944400511687,-0.996615895540124,0.0523889328216483,0.942830857532955,0.216305226684536,NA,NA,-0.912245460839306,0.268694159506182,NA,NA,0.866025403784439,0.333333333333333,-0.904194430179465,0.280944400511687,3,154,8,8,4,1.125,2.70833333333333,0.380208333333333,0.165540540540541,-0.154687500000001,0.0616071428571429,0.856696428571428,0.0018977200255102,-0.0205357142857143,0.0169419642857144,2,-1.36309740951624,8,9.99995434071618
3664,9966,170,0.98851361751874,0.0114863824812601,-0.848477664346607,0.151522335653393,-0.992372883181841,0.00762711681815895,0.989981815270611,0.0100181847293892,0.789693775171723,0.210306224828277,-0.780059276161049,0.219940723838951,0.853719080151817,0.146280919848183,-0.999921776951714,7.82230482858456e-05,4,122,45,45,10,1.67777777777778,7.25405982905983,0.690486948157889,-0.0440619337835612,0.139779914529915,0.257996632996633,0.748368255769572,0.0165246616413837,0.00679992986005609,-0.0213600474209027,4,-2.55884754415939,45,-0.240734472587046
3664,9967,170,0.989538366928372,0.0104616330716278,-0.845513032708277,0.154486967291723,-0.992333689920167,0.00766631007983318,0.990348154068925,0.00965184593107482,0.785858640355484,0.214141359644516,-0.777719914729774,0.222280085270226,0.862432086870354,0.137567913129646,-0.999160172452466,0.000839827547534309,4,127,40,40,9,1.3,6.53214285714286,0.416513605442177,-0.0391998572766603,0.108035714285715,0.241264162194395,0.800737611681524,0.0144938376222339,0.00729779645015148,-0.0199445037406734,4,-2.90959653141115,40,0.177265173811612
3664,9968,170,0.987878339907213,0.0121216600927871,-0.850230301897703,0.149769698102297,-0.981411010081069,0.018588989918931,0.98462445205125,0.0153755479487505,0.753658221070608,0.246341778929392,-0.763642861743353,0.236357138256647,0.830257648569392,0.169742351430608,-0.99896990493499,0.00103009506501006,4,134,25,25,8,1.22727272727273,5.60318181818182,0.35795564738292,-0.0644505293902884,0.0960500000000002,0.145502645502646,0.848366402116402,0.00515012930069148,0.00775605065765708,-0.0116736772486773,4,-1.46870740764638,25,0.511364772870755
3664,9969,170,0.990147542976674,0.00985245702332582,-0.843661487732106,0.156338512267894,-0.999702867323704,0.000297132676296411,0.993751560300937,0.00624843969906319,0.853986492453439,0.146013507546561,-0.789964673298196,0.210035326701803,0.774596669241483,0.225403330758517,-0.990147542976674,0.00985245702332571,4,140,10,10,7,0.8,4.43333333333333,0.146666666666667,-0.113725490196078,0.0696666666666669,0.178518518518519,0.754768518518519,0.00781464048925469,0.0260947712418301,-0.014875462962963,4,-0.476697105631457,10,-1.66912090595425
3664,9978,170,0.997713057574505,0.00228694242549521,-0.853986492453439,0.146013507546561,-0.966159311721261,0.0338406882787392,0.983931725446441,0.0160682745535587,0.718512158908403,0.281487841091597,-0.766495429898693,0.233504570101307,0.85398649245344,0.14601350754656,-1,0,4,135,15,15,7,1.76923076923077,4.75769230769231,0.692287968441814,-0.13993783993784,0.127346153846154,0.651648351648352,0.674204604918891,0.10401926046593,0.0552414252414252,-0.0526592621664052,4,-0.885306229658011,15,2.01337497633695
3664,9983,170,0.981163475891714,0.018836524108286,-0.898684364939247,0.101315635060753,-0.916428691921554,0.0835713080784461,0.948315428167337,0.0516845718326633,0.701952583988118,0.298047416011882,-0.755794042822898,0.244205957177101,0.902767007147129,0.0972329928528712,-0.999905995443296,9.40045567044919e-05,4,136,10,10,6,1.25,4.1375,0.335625,-0.160687022900763,0.0866250000000001,0.563375350140056,0.608817693744164,0.0757979889032592,0.0790199285821199,-0.0443241713352009,4,-0.473196882128568,10,-0.376607366150269
3664,9984,170,0.933428353019534,0.0665716469804658,-0.92880922000386,0.0711907799961403,-0.890733322659176,0.109266677340824,0.925137774291856,0.0748622257081439,0.739521909998095,0.260478090001905,-0.785944266841927,0.214055733158073,0.948436598449918,0.0515634015500819,-0.983439531948046,0.0165604680519539,4,143,8,8,5,0.666666666666667,3.52083333333333,0.102430555555556,-0.120646766169154,0.0504166666666668,0.517636684303351,0.632275132275132,0.066030771400162,0.100608070757325,-0.043020282186949,4,-0.384666088965482,8,0.299045240986007
3664,9992,170,NA,NA,-0.866025403784439,0.333333333333333,NA,NA,NA,NA,0.866025403784439,0.333333333333333,-0.866025403784439,0.333333333333333,0.866025403784439,0.333333333333333,-1,0,3,131,15,15,8,0.153846153846154,5.05128205128205,0.00788954635108485,-0.0769230769230767,0.0211538461538461,0.0210200056353902,0.781271719733258,0.000147280212303945,0.0105100028176951,-0.00289025077486618,3,-2.57047825845008,15,-0.703037230002304
3664,9993,170,NA,NA,-0.866025403784439,0.333333333333333,NA,NA,NA,NA,0.866025403784439,0.333333333333333,-0.866025403784438,0.333333333333333,0.866025403784439,0.333333333333333,-1,0,3,136,12,12,7,0.0530303030303036,4.6010101010101,0.000937404346495277,-0.0530303030303023,0.00729166666666643,0.00409982174688051,0.774925727866904,5.60284611873144e-06,0.00409982174688055,-0.000563725490196086,3,-2.17322176042372,12,-0.879738046642173
3664,9994,170,NA,NA,-0.866025403784439,0.333333333333333,NA,NA,NA,NA,0.866025403784439,0.333333333333333,-0.866025403784439,0.333333333333333,0.866025403784439,0.333333333333333,-1,NA,3,140,11,11,6,0.0909090909090908,3.93939393939394,0.00275482093663911,-0.0909090909090902,0.0124999999999999,0.0113131313131313,0.825319865319865,4.26623133693838e-05,0.0113131313131314,-0.00155555555555561,3,-2.18293387493601,11,1.48592632589101
3664,9995,170,NA,NA,NA,NA,NA,NA,NA,NA,NA,NA,NA,NA,0.866025403784439,0.333333333333333,NA,NA,3,143,8,8,5,0,3.375,0,NA,-1.05762947751096e-16,0,0.80026455026455,0,NA,-5.28814738755481e-17,3,-2.12594195650857,8,1.07793151846963
3664,10010,170,0.990543399133408,0.00945660086659239,-0.834809688788315,0.165190311211685,0.998789791701182,0.00121020829881813,0.999374807176038,0.000625192823962006,-0.859246656888792,0.140753343111208,-0.81553610038977,0.184463899610229,0.761277437712288,0.238722562287712,-0.992444812495351,0.00755518750464945,4,97,75,75,11,0.494555672637865,7.1622888781199,0.0530842116404223,0.0143082509198271,-0.0421705102716606,0.0391555275976171,0.846548550378501,0.000352736590019868,0.00116703376160809,-0.00326269716303383,4,-1.20765144859351,75,0.350297540483408
3664,10011,170,0.999136068953197,0.000863931046803268,-0.796690043810473,0.203309956189526,0.998408396857946,0.00159160314205398,-0.996780724900178,0.00321927509982245,-0.828852237735925,0.171147762264075,0.748211254129264,0.251788745870735,0.774596669241483,0.225403330758517,-0.999136068953197,0.000863931046803256,4,105,34,34,9,1.35763888888889,6.0849854390681,0.425474814169469,0.0574132495775066,-0.115165490591398,0.0290019299696719,0.72965329473394,0.000200110677363939,-0.0012430876086233,0.00225459057071962,4,-0.94135975487279,34,-0.0721656808802367
3664,10012,170,0.999136068953197,0.000863931046803268,-0.796690043810473,0.203309956189526,0.996076801239358,0.00392319876064251,0.99933439584734,0.000665604152659593,-0.845535414234909,0.154464585765091,-0.818084853101366,0.181915146898634,0.774596669241483,0.225403330758517,-0.999136068953197,0.000863931046803144,4,113,33,33,8,1.02016129032258,5.34576612903226,0.234763863596948,0.0425476349657363,-0.0872681451612905,0.0286724876707899,0.795767238359153,0.00019156890401478,0.00121938351058032,-0.00241195487327888,4,-1.2484654056585,33,3.74927861679661
3664,10013,170,0.985843572886086,0.0141564271139143,-0.867762668125778,0.132237331874222,0.991535412325741,0.00846458767425862,0.965164532549165,0.0348354674508349,-0.800425543669994,0.199574456330006,-0.710589992329318,0.289410007670682,0.774596669241483,0.225403330758517,-0.985843572886086,0.0141564271139142,4,125,19,19,7,1.84210526315789,4.34247076023392,0.802478219794125,0.119407454378919,-0.152737573099416,0.111481481481482,0.826805889997324,0.00277550785548379,0.00683563977271315,-0.00797441138248674,4,-0.437451840204099,19,1.59983431110409
3664,10014,170,0.99220261006383,0.00779738993617052,-0.847383179221291,0.152616820778709,0.998038496398522,0.00196150360147795,-0.993301143548724,0.0737289747051657,-0.813813096940227,0.186186903059773,0.993301143548724,0.0737289747051657,0.774596669241483,0.225403330758517,-0.99220261006383,0.00779738993617028,4,127,15,15,6,2.33333333333333,3.69322344322344,1.27998832669162,0.172360325758384,-0.196126373626374,0.0182213135701508,0.841499843825425,8.41274067074768e-05,-0.00911065678507522,0.0025054306158957,3,-0.44366717774021,15,4.07374787933853
3664,10015,170,NA,NA,-0.866025403784439,0.333333333333333,NA,NA,NA,NA,-0.866025403784438,0.333333333333333,0.866025403784439,0.333333333333333,NA,NA,NA,NA,3,128,8,8,4,0.107142857142857,3.17857142857143,0.0038265306122449,0.107142857142857,-0.0147321428571429,0.0257936507936507,0.679610733182162,0.000221770807088266,-0.0257936507936505,0.00354662698412696,3,-0.157134840263677,8,6.43190161793014
3664,10031,170,0.979795897113271,0.020204102886729,-0.632455532033674,0.367544467966326,0.833551166411196,0.166448833588804,-0.941188528076622,0.0588114719233782,-0.88371092777727,0.11628907222273,0.710650559128036,0.289349440871964,0.774596669241483,0.225403330758517,-0.979795897113271,0.0202041028867288,4,137,14,14,6,0.384615384615385,4.23305860805861,0.0292310711266755,0.034908424908425,-0.0321840659340662,0.0442113442113442,0.824452819907365,0.000359173811992802,-0.00436922673286309,0.00286890886890886,4,-1.8828125,14,5.51006456385497
3664,10032,170,0.950586375786717,0.0494136242132832,-0.539968763041196,0.460031236958804,0.507212333765399,0.492787666234602,-0.462783876942932,0.537216123057068,-0.939336436627724,0.0606635633722758,0.9138793796867,0.0861206203133,0.774596669241483,0.225403330758517,-0.950586375786717,0.0494136242132832,4,144,8,8,5,0.5,3.78125,0.06640625,0.0496987951807229,-0.0515625000000002,0.117216117216117,0.66875,0.0036450317717488,-0.0106238139370669,0.0117529761904762,4,-0.794764646622897,8,-1.2435822300144
3664,10044,170,0.966091783079296,0.0339082169207043,-0.908688222502242,0.0913117774977579,0.993979889935714,0.0060201100642856,0.996248396815298,0.00375160318470158,-0.883780574857888,0.116219425142112,-0.876118862047197,0.123881137952803,0.738021854540519,0.261978145459481,-0.948531323833152,0.0514686761668484,4,101,41,41,10,0.161788617886179,6.13504904381028,0.00494336566607781,0.0144677359439876,-0.0132362249432213,0.0431647997139641,0.788836743301897,0.000387738396352602,0.00406114642003115,-0.0036748596256348,4,-0.44035138482461,41,0.407939839413232
3664,10045,170,0.958002081549184,0.0419979184508159,-0.920160874653063,0.0798391253469373,0.992822605702694,0.00717739429730591,0.23929832256332,0.76070167743668,-0.933125697974302,0.0668743020256979,-0.11130581608197,0.88869418391803,0.774596669241483,0.225403330758517,-0.958002081549184,0.0419979184508156,4,106,22,22,6,0.363636363636363,4.71261961722488,0.0233323937562479,0.0348681575785679,-0.0303618421052632,0.00431583219412168,0.779538482807397,3.79254643868715e-06,0.000107147687500676,-4.61733761486919e-05,4,1.06707922899657,22,9.99993808044525
3664,10046,170,NA,NA,-0.774596669241482,0.225403330758518,NA,NA,NA,NA,-0.774596669241482,0.225403330758518,-0.774596669241482,0.225403330758518,0.774596669241483,0.225403330758517,-1,0,4,121,13,13,5,0.173076923076923,3.87980769230769,0.00748890532544377,0.0346153846153845,-0.0142788461538461,0.064887493458922,0.783359497645212,0.00105259670184541,0.0129774986917844,-0.00535321821036107,4,0.374605273770388,13,9.99995388902262
3664,10058,170,0.800640769025436,0.199359230974564,-0.992277876713668,0.00772212328633238,0.997044943485191,0.00295505651480865,-0.984685083131972,0.0153149168680283,-0.979984301287133,0.020015698712867,0.972955982561152,0.027044017438848,0.774596669241483,0.225403330758517,-0.800640769025436,0.199359230974564,4,115,9,9,5,0.777777777777778,3.38492063492063,0.102355757117662,0.153235653235653,-0.0667857142857145,0.219191919191919,0.579790764790765,0.00847400431859306,-0.0435442335442335,0.0190785714285715,4,1.85173466857399,9,-0.456136472548697
3664,10059,170,0.800640769025436,0.199359230974564,-0.992277876713668,0.00772212328633238,0.964025365962449,0.0359746340375511,-0.997635531229412,0.00236446877058837,-0.941580892467756,0.0584191075322436,0.981542415250039,0.0184575847499611,0.774596669241483,0.225403330758517,-0.800640769025436,0.199359230974564,4,143,8,8,4,0.458333333333333,2.85625,0.0372858796296297,0.089423076923077,-0.0387291666666669,0.141975308641975,0.75679012345679,0.00341716201798506,-0.0280151946818614,0.0122222222222223,4,1.04528828523229,8,9.99995434071618
3664,10066,170,NA,NA,-0.774596669241482,0.225403330758518,NA,NA,NA,NA,-0.774596669241482,0.225403330758518,0.774596669241482,0.225403330758518,0.614897369270457,0.385102630729542,-0.968874656302395,0.0311253436976047,4,134,19,19,9,0.190058479532163,5.53143274853801,0.0090305564105194,0.190058479532162,-0.0156798245614033,0.0111607996024921,0.829138478003287,3.11408619417467e-05,-0.0111607996024921,0.000920765967205615,4,-2.47681541262874,19,-1.03217493748727
3664,10067,170,NA,NA,-0.774596669241482,0.225403330758518,NA,NA,NA,NA,-0.774596669241482,0.225403330758518,0.774596669241482,0.225403330758518,-0.774596669241483,0.225403330758516,0.333333333333333,0.666666666666667,4,135,17,17,8,0.1875,4.953125,0.0087890625,0.1875,-0.01546875,0.0115406162464986,0.807296918767507,3.32964558372369e-05,-0.0115406162464986,0.000952100840336131,4,-2.35964015520373,17,-0.946203107118818
3664,10068,170,NA,NA,-0.774596669241482,0.225403330758518,NA,NA,NA,NA,-0.774596669241482,0.225403330758518,0.774596669241482,0.225403330758518,-0.774596669241483,0.225403330758516,0.333333333333333,0.666666666666667,4,141,10,10,7,0.277777777777778,4.43055555555556,0.0192901234567901,0.277777777777777,-0.0229166666666666,0.0337164750957853,0.744827586206897,0.000284200173221178,-0.0337164750957853,0.0027816091954023,4,-1.38512812835954,10,-1.45369459631936
3664,10069,170,NA,NA,-0.774596669241482,0.225403330758518,NA,NA,NA,NA,-0.774596669241482,0.225403330758518,0.774596669241482,0.225403330758517,-0.774596669241483,0.225403330758516,0.333333333333333,0.666666666666667,4,142,9,9,6,0.263888888888889,3.82291666666667,0.0174093364197531,0.263888888888889,-0.0217708333333333,0.0351473922902494,0.703231292517007,0.000308834796201171,-0.0351473922902494,0.00289965986394558,4,-1.24289320090935,9,-1.03491775752962
3664,10084,170,0.944911182523068,0.212295615009656,-0.981980506061966,0.121037718323677,0.992335595641201,0.0788700470727535,0.936359376875805,0.228345741980202,-0.951101277244422,0.199907765396431,-0.85314578249104,0.349383460303878,0.866025403784439,0.333333333333333,-0.944911182523068,0.212295615009656,3,95,28,28,7,0.444444444444445,5.04166666666667,0.0545910493827161,0.0505952380952381,-0.0611111111111114,0.0247882921284457,0.831451785140333,0.000199110181150059,0.00288323240440322,-0.00331056924194185,3,0.198466536321974,28,6.80023772507261
3664,10085,170,0.917662935482247,0.260146938293006,-0.993399267798783,0.0731863950403275,0.972015169653112,0.150964384783759,-0.993478933535417,0.0727429186310557,-0.938652204581147,0.224150779824086,0.973842732928711,0.145929313671384,0.866025403784439,0.333333333333333,-0.917662935482247,0.260146938293006,3,97,18,18,6,0.611111111111111,4.37037037037037,0.1059670781893,0.0628654970760236,-0.0840277777777783,0.0626095186933221,0.796180689814856,0.0010333396251749,-0.00634503519485919,0.00860880882033181,3,0.908840142847939,18,4.27945193484075
3664,10089,170,0.944911182523068,0.212295615009657,-0.981980506061966,0.121037718323677,0.993399267798783,0.0731863950403273,-0.996386989050733,0.0541328142318393,-0.953820966476532,0.194224113364004,0.994482708831585,0.066904904091837,0.866025403784439,0.333333333333333,-0.944911182523068,0.212295615009656,3,100,14,14,5,0.4,3.83636363636364,0.0439669421487603,0.0454545454545456,-0.0550000000000003,0.0630298273155416,0.716565815137244,0.00100424058873161,-0.00689028658416412,0.00866660125588697,3,0.78328173374613,14,9.99991943742907
3664,10090,170,0.866025403784439,0.333333333333333,-1,9.48637384723993e-09,0.866025403784439,0.333333333333333,-0.985106019593347,0.110012242874596,-0.866025403784439,0.333333333333333,0.985106019593347,0.110012242874596,0.866025403784439,0.333333333333333,-0.866025403784439,0.333333333333333,3,142,8,8,4,0.125,3.04166666666667,0.00520833333333333,0.0208333333333335,-0.0171875000000002,0.219387755102041,0.879251700680272,0.0123993474940997,-0.0365646258503401,0.0301658163265307,3,0.118841475829672,8,9.99995434071618
3664,10102,170,NA,NA,0.866025403784439,0.333333333333333,NA,NA,NA,NA,0.866025403784439,0.333333333333333,-0.866025403784439,0.333333333333333,NA,NA,NA,NA,3,121,10,10,5,0.155555555555555,3.54814814814815,0.00806584362139917,0.155555555555554,0.0213888888888887,0.0168934240362812,0.755744520030234,9.5129258556535e-05,-0.0168934240362816,-0.00232284580498873,3,-0.568814563700696,10,9.99992208063144
3664,10111,170,0.926654841065367,0.0078719879149669,-0.942021317944804,0.00494484289010304,-0.767592211760497,0.0747435049570016,0.813325689837329,0.0490183994474993,0.880290805890053,0.0206377029289491,-0.900722704635393,0.0142947344753345,0.949982371696449,0.00369007858222048,-0.849814874522177,0.0321396021730609,6,26,834,834,22,1.00164203612479,13.039077623597,0.239353915842775,-0.000983546852539804,0.0633060339124671,0.687183586464162,0.568271202348353,0.110786907576092,0.000709010937848315,-0.0440690817961661,6,-0.602012819331879,834,0.349967545952455
3664,10112,170,0.980189727410053,0.0198102725899467,-0.961192381628508,0.0388076183714923,0.15980880711458,0.84019119288542,-0.76939683574776,0.23060316425224,-0.22290710147673,0.77709289852327,0.680778606691267,0.319221393308733,0.902489873430964,0.0975101265690359,-0.969788822021789,0.0302111779782114,4,69,123,123,12,0.214285714285714,7.94209558823529,0.0108856732031048,0.00030501408293594,-0.00495404411764706,0.212942008486563,0.855798684454302,0.00945614870964712,-0.0013686710414807,0.0141016965636597,4,-1.02577352823936,123,0.81478232121787
3664,10113,170,0.985613955530658,0.014386044469342,-0.929155867176071,0.0708441328239291,-0.412237299257509,0.587762700742491,-0.999754429032017,0.014108879353059,0.114645470266575,0.885354529733425,0.902943580291922,0.282803038859244,0.867685756525333,0.132314243474667,-0.986155703950984,0.013844296049016,4,108,52,52,11,0.8125,6.63791666666667,0.116674305555556,-0.00621743839696721,0.00834166666666635,0.0234274459003164,0.846019574647816,0.000168294013147162,-0.00131460981912047,0.0032212738112935,3,0.189267890369197,52,0.257091632559822
3664,10114,170,0.918531523405502,0.0814684765944977,-0.943879807448538,0.0561201925514616,0.357322682621284,0.642677317378716,-0.928898046704558,0.24151458823065,-0.508488136559055,0.491511863440945,0.989617080455234,0.091818745102684,0.9294130267417,0.0705869732582998,-0.994881003499516,0.00511899650048442,4,115,29,29,10,1.04761904761905,5.91402116402116,0.197705831303715,0.0127650127650128,-0.0481613756613761,0.0451252451252452,0.722198788865456,0.000519810193593202,-0.00282167974475667,0.00620472120472122,3,0.288,29,-0.478978183965008
3664,10115,170,0.98936020379073,0.0106397962092699,-0.945635409629193,0.0543645903708067,0.617119659924884,0.382880340075116,-0.745375432236267,0.464540490514144,-0.740191013290727,0.259808986709273,0.978836525544902,0.131207157180812,0.947673838592986,0.0523261614070143,-0.999420523214156,0.000579476785844348,4,119,28,28,9,0.923076923076923,5.09615384615385,0.15138067061144,0.0199857878841713,-0.0613461538461542,0.0288788335847159,0.746981732864086,0.000217610061303314,-0.00146498046950535,0.00397083961789844,3,0.0462153891487593,28,1.20184717374329
3664,10116,170,0.950931923961279,0.0490680760387212,-0.905206050195775,0.0947939498042252,0.27829285185104,0.72170714814896,-0.719646917031786,0.488607367280305,-0.5553681076005,0.4446318923995,0.998554296840654,0.0342363156232959,0.948646791894021,0.0513532081059789,-0.979873202822759,0.0201267971772412,4,133,12,12,6,0.233766233766234,3.98701298701299,0.00933265868330802,0.00538591842939673,-0.0114285714285716,0.10967590967591,0.581357981357981,0.00301591522370743,-0.0149375720804292,0.0150804375804376,3,1.38217235987881,12,2.93556401102084
3664,10117,170,0.982223965423513,0.017776034576487,-0.943879807448538,0.0561201925514616,0.914072441969457,0.0859275580305434,NA,NA,-0.824106754894593,0.175893245105407,-0.866025403784439,0.333333333333333,0.946118872381419,0.0538811276185809,-0.984862431333889,0.0151375686661107,4,156,9,9,5,0.444444444444445,3.32222222222222,0.0465843621399177,0.0515151515151515,-0.037888888888889,0.0480158730158731,0.732010582010582,0.000768508020492149,0.0120039682539683,-0.0066021825396826,3,-0.401239346562954,9,9.99994627250967
3664,10127,170,0.99484975116711,0.0646391738271499,-0.912245460839306,0.268694159506182,0.983933098036657,0.114273201194916,-0.00750852071266488,0.995219882336883,-0.970725343394151,0.154420958311267,0.416482081530204,0.7265257228307,0.866025403784439,0.333333333333333,-0.99484975116711,0.0646391738271513,3,137,16,16,8,1.53333333333333,4.20952380952381,0.623764172335601,0.157534246575342,-0.210833333333334,0.0545010545010545,0.784785584785585,0.000749195345709941,-4.16630553616638e-05,0.00313492063492059,3,-1.38160845658365,16,-0.206075685714256
3664,10128,170,0.981980506061966,0.121037718323677,-0.944911182523068,0.212295615009657,0.999884599849595,0.0096716926022582,NA,NA,-0.939829496790326,0.221967307611908,NA,NA,0.866025403784439,0.333333333333333,-0.981980506061966,0.121037718323677,3,142,11,11,7,2.45454545454545,3.48484848484848,1.70523415977961,0.246753246753247,-0.337500000000001,0.0606782106782107,0.699819624819625,0.00184092262555466,-0.0303391053391054,0.016686507936508,2,-0.864138638198852,11,-1.01443664132644
3664,10129,170,NA,NA,NA,NA,NA,NA,NA,NA,NA,NA,NA,NA,NA,NA,NA,NA,2,150,9,9,6,0.428571428571428,3.78571428571429,0.0918367346938775,0.214285714285714,-0.117857142857143,0.0791666666666667,0.760416666666667,0.00313368055555556,-0.0395833333333334,0.0217708333333334,2,-1.1471454229837,9,-1.14076166095856
3664,10130,170,NA,NA,NA,NA,NA,NA,NA,NA,NA,NA,NA,NA,NA,NA,NA,NA,2,154,8,8,5,0.375,3.1875,0.0703125,0.1875,-0.103125,0.0986607142857143,0.850669642857143,0.00486696827168368,-0.0493303571428572,0.0271316964285715,2,-1.13137084989848,8,1.0779315184752
3664,10142,170,0.917662935482247,0.260146938293006,-0.993399267798783,0.0731863950403275,-0.480622977010092,0.68082113855696,-0.981177351503494,0.123714061306142,0.376860049191272,0.754007533597287,0.996851959987707,0.0505276662658141,0.866025403784439,0.333333333333333,-0.917662935482247,0.260146938293006,3,116,23,23,7,0.0634920634920633,5.08189556015643,0.00102702053072623,-0.00612037339726104,0.0033212560386472,0.0146630652456171,0.854176760409592,5.40913983175641e-05,-0.00286744730740477,0.00201617147127231,3,0.125988157669742,23,2.41270337112972
3664,10143,170,NA,NA,-0.981980506061966,0.121037718323677,-0.558156838048516,0.623017484300893,-0.999773557316832,0.0135482269345439,0.704904398429199,0.501979765977217,0.985779666616334,0.107489491389131,NA,NA,NA,NA,3,121,16,16,6,0.0329670329670328,4.44253663003663,0.000290732047256772,-0.00623037676608985,0.00330528846153801,0.0254578754578755,0.850376267723207,0.00016673417004552,-0.00845133971956121,0.00350045787545786,3,0.354226820782541,16,4.38725347748613
3664,10144,170,NA,NA,-0.866025403784439,0.333333333333333,NA,NA,NA,NA,-0.866025403784438,0.333333333333333,0.866025403784439,0.333333333333333,NA,NA,NA,NA,3,122,11,11,5,0.0181818181818185,3.80606060606061,0.000110192837465569,0.0181818181818191,-0.00250000000000014,0.0160774410774411,0.824733445566779,8.61613705328638e-05,-0.0160774410774406,0.0022106481481481,3,-0.484974226119285,11,9.99993656389069
3664,10164,170,0.892769644129461,0.107230355870539,-0.965551336297231,0.0344486637027692,0.10566934636863,0.89433065363137,0.999897047482897,0.00913518467655283,-0.0921780890691502,0.90782191093085,-0.906273551849299,0.277829344182732,0.878978996591783,0.121021003408217,-0.904871363512288,0.0951286364877116,4,86,71,71,11,0.583333333333333,7.2560009057971,0.0608827713398358,0.000799203533998757,-0.00484488224637689,0.0637838468720822,0.833052237601965,0.0012383483038157,0.00142661204263983,-0.00877027894491132,3,-1.76598489092452,71,0.998210001870729
3664,10165,170,0.997948715788673,0.0407832945368338,-0.896258159530272,0.292550038796499,-0.999843579463685,0.0112602405232085,0.999891316227264,0.00938601852649024,0.903962562758255,0.28128979827329,-0.889621752042209,0.301936057322995,0.881737871489571,0.31274758140269,-0.999496765513428,0.0201975426061863,3,98,20,20,7,1.29473684210526,5.57582846003899,0.512863901143372,-0.0916786501773558,0.178026315789474,0.378923001949318,0.602560390627986,0.0453556255017229,0.0272648717717362,-0.0521019127680313,3,-0.615768216300392,20,0.365607962854751
3664,10166,170,NA,NA,-0.866025403784438,0.333333333333334,NA,NA,0.99996049064921,0.005659088652755,0.866025403784439,0.333333333333333,-0.870435766982259,0.327674244680595,0.866025403784439,0.333333333333333,-1,9.48637384723993e-09,3,106,16,16,6,0.733333333333333,4.91111111111111,0.179259259259259,-0.0733333333333333,0.100833333333333,0.276860119047619,0.585193452380952,0.0252922435250142,0.0275446428571429,-0.0380682663690477,3,-0.502856602414533,16,0.28914495812593
3664,10167,170,NA,NA,-0.866025403784439,0.333333333333333,NA,NA,0.993622763226774,0.0719353667087184,0.866025403784439,0.333333333333333,-0.916880308318823,0.261397966624615,0.866025403784439,0.333333333333333,-1,0,3,130,12,12,5,0.218181818181819,4.25454545454545,0.0158677685950414,-0.0363636363636364,0.03,0.0702272727272728,0.686439393939394,0.00146664944903582,0.0109848484848485,-0.00965625000000007,3,-0.746035897291519,12,0.217909839913869
3664,10168,170,NA,NA,-0.866025403784438,0.333333333333334,NA,NA,0.120659395481355,0.922998225759097,-0.866025403784439,0.333333333333333,-0.600841084729718,0.589664892425763,0.866025403784439,0.333333333333333,-1,0,3,139,11,11,4,0.1,3.46666666666667,0.00333333333333334,0.02,-0.0137500000000001,0.0136200716845879,0.829988052568698,4.70617455239961e-05,0.000286738351254523,-0.00113351254480293,3,-1.00641932170213,11,9.9999238394298
3664,10184,170,0.863797809306132,0.136202190693868,-0.968461778085941,0.0315382219140588,0.777101411920858,0.222898588079142,0.999677864788763,0.0161594241022001,-0.704984165054155,0.295015834945845,-0.92891399606256,0.24148716924489,0.883393160195415,0.116606839804585,-0.922689331473372,0.0773106685266281,4,94,51,51,10,0.695652173913044,6.47180778032037,0.102004529181874,0.010700308229763,-0.0479620137299772,0.0780985672200551,0.82812268494053,0.00176715697260237,0.00249220493697378,-0.0107385529927577,3,-1.48386289332757,51,1.18946051488527
3664,10185,170,0.87957506668631,0.12042493331369,-0.947509271788232,0.0524907282117682,0.970966857475798,0.0290331425242016,0.9999999117627,0.00026743683900099,-0.908713404518896,0.0912865954811044,-0.865815282972849,0.33360077017214,0.88275399736563,0.11724600263437,-0.947569718845755,0.052430281154245,4,97,42,42,9,0.926829268292683,5.62130937098845,0.190938537991555,0.0219291577552791,-0.0845827984595637,0.0344475315697642,0.835103969040171,0.000395352414014343,0.00156541721575045,-0.00473423856444768,3,-1.54883767650072,42,2.8903984641757
3664,10186,170,1,0,-0.948619566009324,0.0513804339906756,0.810874481037122,0.189125518962878,NA,NA,-0.762776132543283,0.237223867456716,-0.866025403784439,0.333333333333333,0.258198889747161,0.741801110252839,-0.260993667505618,0.739006332494382,4,98,18,18,6,0.625,4.46180555555556,0.094827031893004,0.0300785973397823,-0.0500347222222223,0.333359269633779,0.60120776705744,0.037042800883589,0.0333359269633779,-0.0458368995746448,3,-1.21872123355149,18,4.21594104860873
3664,10187,170,0.971266101404432,0.0287338985955676,-0.903177909981555,0.0968220900184446,0.997728407369447,0.00227159263055321,NA,NA,-0.881570750854652,0.118429249145348,0.866025403784438,0.333333333333333,0.258198889747161,0.741801110252839,0.0353332626668787,0.964666737333121,4,136,11,11,5,0.818181818181818,3.56534090909091,0.150342200413223,0.0820139598229486,-0.0728125000000003,0.0180290297937357,0.790501655207538,0.000108348638434469,-0.00600967659791188,0.00247899159663865,3,-2.15746679539281,11,3.74249501666391
3664,10188,170,NA,NA,-0.866025403784439,0.333333333333333,NA,NA,NA,NA,-0.866025403784439,0.333333333333333,-0.866025403784439,0.333333333333333,0.866025403784439,0.333333333333333,-1,0,3,141,8,8,4,0.0499999999999998,3.23333333333333,0.000833333333333327,0.0166666666666667,-0.00687500000000009,0.0145320197044335,0.747619047619048,7.03931988966814e-05,0.00484400656814455,-0.00199815270935965,3,-2.18912510339945,8,9.55904857363267
3664,10203,170,NA,NA,-0.866025403784439,0.333333333333333,NA,NA,-0.999999595210231,0.000572809087394364,-0.866025403784438,0.333333333333333,0.866474936370748,0.332760524245915,0.866025403784439,0.333333333333333,-1,0,3,105,24,24,8,0.537549407114624,4.99472990777339,0.0963197883630946,0.0447957839262188,-0.0739130434782613,0.058558832471876,0.786155873112395,0.00114185988946389,-0.00487736900780378,0.00805183946488294,3,-0.61139008389039,24,1.42763478805127
3664,10204,170,NA,NA,-0.866025403784439,0.333333333333333,NA,NA,NA,NA,-0.866025403784439,0.333333333333333,0.866025403784439,0.333333333333333,NA,NA,NA,NA,3,113,8,8,4,0.125,3.08333333333333,0.00520833333333333,0.0625000000000001,-0.0171875000000001,0.0797827903091061,0.654413812308549,0.00212176454316893,-0.0398913951545529,0.0109701336675021,3,1.02569335292994,8,9.99995434071618
3664,10211,170,NA,NA,-0.866025403784438,0.333333333333334,NA,NA,-0.999996793900716,0.00161206934803427,-0.866025403784439,0.333333333333333,0.86728874217309,0.331721263985349,0.866025403784439,0.333333333333333,-1,1.34157585525081e-08,3,121,16,16,7,0.333333333333333,4.62222222222222,0.037037037037037,0.0333333333333334,-0.0458333333333336,0.0665694849368319,0.761807580174927,0.0014728651421696,-0.00664723032069971,0.0091533041788144,3,-1.34482269235254,16,0.158596036631699
3664,10215,170,NA,NA,-0.866025403784438,0.333333333333333,NA,NA,-0.999996768755058,0.00161837878994886,-0.866025403784439,0.333333333333333,0.867293675804474,0.331714954543407,0.866025403784439,0.333333333333333,-1,9.48637384723993e-09,3,132,12,12,6,0.613636363636363,4.15909090909091,0.12551652892562,0.0876623376623377,-0.0843750000000004,0.163237639553429,0.764141414141414,0.00885621725523514,-0.0232854864433812,0.0224451754385965,3,-0.620595515799845,12,-0.414216049947861
3664,10216,170,NA,NA,-0.866025403784438,0.333333333333333,NA,NA,-0.999987250454202,0.00321471842143227,-0.866025403784439,0.333333333333333,0.86853918556775,0.330118614911904,0.866025403784439,0.333333333333333,-1,0,3,139,11,11,5,0.0333333333333337,3.68888888888889,0.000370370370370378,0.00476190476190487,-0.00458333333333351,0.123297491039426,0.832019115890084,0.0050381332887981,-0.0175627240143369,0.0169534050179211,3,-0.651054558873407,11,9.99994068451945
3664,10219,170,NA,NA,-0.866025403784438,0.333333333333334,NA,NA,-0.999970371687178,0.00490060449210758,0.866025403784438,0.333333333333333,0.869848632668031,0.32843272884123,0.866025403784439,0.333333333333333,-1,0,3,147,8,8,4,0.357142857142857,3.26190476190476,0.0425170068027211,-0.0714285714285713,0.0491071428571429,0.233954451345756,0.84472049689441,0.0180848646957208,-0.046583850931677,0.0321687370600415,3,0.0297729171025917,8,9.99995434071618
3664,10226,170,NA,NA,NA,NA,NA,NA,NA,NA,NA,NA,NA,NA,NA,NA,NA,NA,2,122,9,9,5,0.088888888888889,3.84444444444444,0.00395061728395063,0.0222222222222221,-0.0244444444444443,0.0623842592592593,0.64994212962963,0.00194589790166324,0.0155960648148148,-0.0171556712962963,2,0.194799384942374,9,-0.96886763657039
3664,10227,170,NA,NA,NA,NA,NA,NA,NA,NA,NA,NA,NA,NA,NA,NA,NA,NA,2,130,8,8,4,0.25,3.375,0.03125,-0.0625000000000001,0.0687500000000001,0.270535714285714,0.572767857142857,0.0365947863520408,0.0676339285714286,-0.0743973214285715,2,0.170844591427622,8,9.99991873048828
3664,10234,170,0.914217321189428,0.0107223788498074,-0.943413493983734,0.0047124530744151,-0.306825081396049,0.554204884637691,0.810898186970229,0.0502581508026065,0.518090407733477,0.292396698598024,-0.896392945531816,0.0155455516946389,0.944691668987276,0.00450392280938194,-0.842945979981842,0.0350620033093486,6,37,711,711,21,0.705882352941176,12.3744092517199,0.0711725260424563,-0.000251517798390675,0.020317038950673,0.69426067425953,0.582668501441408,0.111456228273562,0.00083184071868314,-0.0439895250357986,6,-0.314901442546944,711,0.305203005966435
3664,10235,170,0.983675461807868,0.000397560653221829,-0.957179423360178,0.0027111447327959,-0.994671190442076,4.25186579558279e-05,0.990439504691659,0.000136667676497559,0.95734678990637,0.00269014508261645,-0.944486443199692,0.00453709289262876,0.889632569130936,0.0175992635239821,-0.900696635432841,0.0143021142269298,6,66,102,102,15,3.02083333333333,10.0522044772045,1.93134834682516,-0.0314530299956135,0.195568211068211,0.534659665991903,0.503512502798173,0.0627565029431851,0.00564559819397527,-0.0347795347178316,6,0.877440065266984,102,-0.0356124691129343
3664,10236,170,0.939618477299634,0.0603815227003659,-0.935775440838065,0.0642245591619351,0.915123547085277,0.0848764529147228,0.41837592373691,0.725198942712271,-0.740986739349318,0.259013260650681,-0.15005271366426,0.904111317734338,0.810738303909648,0.189261696090352,-0.960406569309567,0.0395934306904334,4,86,23,23,7,1.2,4.8564182194617,0.32787353882952,0.0527530636226288,-0.0903799171842651,0.025453514739229,0.610305136547373,0.000186769566635542,0.00137334197893205,-0.000563935719215247,3,1.42962610050396,23,2.07820090898234
3664,10237,170,0.944427891609812,0.0555721083901881,-0.935704382671731,0.0642956173282694,0.934580622490641,0.0654193775093592,-0.657283085876226,0.543411187031213,-0.756726350427029,0.243273649572971,0.787864464102139,0.422373468707536,0.818728275605188,0.181271724394812,-0.967592401423658,0.0324075985763418,4,126,18,18,6,1.66666666666667,4.22569444444444,0.668258101851852,0.100679369673581,-0.131770833333334,0.0142008318478907,0.72637290912692,5.86344036551087e-05,-0.00164744272364589,0.00165905377302433,3,-0.13252346036559,18,4.13311896624601
3664,10238,170,0.925820099772551,0.0741799002274486,-0.956182887467514,0.0438171125324857,0.910714906089794,0.0892850939102063,0.929035874861784,0.241277546106867,-0.750053151908219,0.249946848091781,-0.929035874861784,0.241277546106867,0.864517329914642,0.135482670085358,-0.971133893837584,0.0288661061624165,4,147,11,11,5,2,3.47727272727273,0.971763085399449,0.207792207792208,-0.1575,0.0222473178994919,0.753907606081519,0.00014336078177299,0.00556182947487305,-0.00305900621118018,3,-0.43301270189222,11,1.64164231466863
3664,10240,170,NA,NA,-0.981980506061966,0.121037718323677,-0.188982236504614,0.878962281676323,0.883468093502363,0.31040455657869,-3.52650746804344e-17,1,-0.779011905922501,0.431442274902366,0.866025403784439,0.333333333333333,-0.944911182523068,0.212295615009657,3,152,9,9,4,0.0833333333333335,3.30555555555556,0.00231481481481482,-0.00595238095238049,-2.18586309482382e-16,0.0428571428571429,0.848442092886537,0.000528053318568704,0.0132905013857396,-0.0049228395061729,3,-1.03818814445609,9,9.99992726797426
3664,10258,170,0.984493381821864,0.000358818487439461,-0.948172556672526,0.0039595193927138,-0.993793845120066,5.76550183477946e-05,0.991951043545478,9.69178213710009e-05,0.953919866070507,0.00313614532601081,-0.937518942298018,0.00573386450122991,0.918786692898762,0.00962557658055019,-0.955674813783126,0.00290353986253246,6,83,79,79,14,2.2283105022831,9.44435565702689,1.04005353490102,-0.0302154166712324,0.143000781942563,0.464079981321361,0.512714612612759,0.0470314455024132,0.0064134075653492,-0.0298863505649284,6,0.18064072242083,79,-0.26643926198703
3664,10259,170,0.975133858403842,0.000919799818345446,-0.948321621827641,0.00393697460218854,-0.98378260357441,0.000392373300603541,0.992626263846187,8.13575149638535e-05,0.948981566422305,0.00383792340248146,-0.939683813524525,0.00534734710599385,0.910443395231583,0.0116714389412094,-0.961564563496135,0.00218753416463407,6,98,69,69,13,1.77435897435897,8.70116329467242,0.614213698487112,-0.0263561035129558,0.109324172109162,0.47357995014245,0.5663116032842,0.0466239757282263,0.00732677290929968,-0.0298253170940424,6,-0.137753155734616,69,-0.226294874901147
3664,10260,170,NA,NA,-0.924473451641905,0.24901011701139,0.97531254369364,0.141752534728337,-0.987733230556701,0.0998171517202724,-0.817460291154006,0.390762651739727,0.853601223214518,0.348827268731662,0.866025403784439,0.333333333333333,-0.99124070716193,0.0843232163219447,3,108,16,16,6,0.377777777777777,4.46157407407407,0.0433185442386831,0.0536175710594315,-0.0467881944444446,0.0422555043522786,0.702954855777436,0.000579135572954534,-0.00627850414984696,0.00564908154121861,3,1.39026805680131,16,0.849344504368202
3664,10261,170,NA,NA,-0.866025403784439,0.333333333333333,NA,NA,NA,NA,-0.866025403784439,0.333333333333333,0.866025403784439,0.333333333333333,0.866025403784439,0.333333333333333,-1,NA,3,134,8,8,4,0.3,3.4,0.03,0.1,-0.0412500000000002,0.0702380952380952,0.608730158730159,0.00164446334089191,-0.0234126984126984,0.00965773809523808,3,0.95035151391472,8,-0.175688934859876
3664,10268,170,NA,NA,-0.960768922830523,0.178912375022067,0.91112911875839,0.27042381452997,-0.9510358108614,0.200042651795614,-0.761082738735678,0.449336189552037,0.8280020858086,0.37895502681768,0.866025403784439,0.333333333333333,-0.970725343394151,0.154420958311266,3,140,8,8,5,0.464285714285714,3.5297619047619,0.0606930272108844,0.10782967032967,-0.0515625000000003,0.194444444444445,0.736640211640212,0.0116796317292349,-0.0493742368742368,0.0246081349206349,3,0.623212756300008,8,-0.762600632351789
3664,10275,170,0.96261756726718,0.00207004944481137,-0.912422189567385,0.0111689539836855,-0.908317900777302,0.0122230891147484,0.978880307264336,0.000664352002991198,0.80325122022112,0.0542570427835094,-0.873206021969472,0.0230958541083172,0.894307279558771,0.0161660826226964,-0.981547890417013,0.00050757923174721,6,113,53,53,12,1.06666666666667,8.03933170752578,0.244691498900409,-0.0199212435492536,0.0584062746392357,0.418113736722759,0.634566471620434,0.0395574678321603,0.00863203046846191,-0.0255287550086293,6,-0.880072757801376,53,-0.394022162626481
3664,10279,170,0.952310558005882,0.00335719467587814,-0.89816448762722,0.01502766622688,-0.719194634679841,0.10720649614846,0.974738001954064,0.000949192111637576,0.534357010464124,0.274753943933061,-0.845114008381083,0.0341266736554229,0.888998818067425,0.0177980562415234,-0.985418187164521,0.000317393638276469,6,120,49,49,11,1.06666666666667,7.21915935456308,0.163916113650191,-0.0139790970680425,0.0318010168870863,0.433919191919192,0.703580028805549,0.0444113144016127,0.0098618085898195,-0.0261794661114964,6,-1.2223587442539,49,-0.196806479994957
3664,10280,170,0.943232013952737,0.0047424359835313,-0.905420716053309,0.0129948441858241,-0.186780023955352,0.723088040621435,0.972803008642459,0.00109945602285499,0.069616048730563,0.895744620312975,-0.861327344251211,0.0275118132819249,0.895901096447343,0.0156908344435975,-0.98208056490486,0.000478782210749635,6,121,43,43,10,0.502586206896551,6.55785260694042,0.0382502436732555,-0.00204892016178702,0.00200135967347284,0.40086479936104,0.686823061960578,0.0365381808241541,0.0104297973842581,-0.0242013931528513,6,-0.861565522558343,43,-0.110443574632763
3664,10281,170,NA,NA,-0.860337880650488,0.139662119349512,0.989265696853365,0.0107343031466356,-0.981395801559554,0.0186041984404456,-0.792684688520435,0.207315311479565,0.767577290816712,0.232422709183288,0.774596669241483,0.225403330758517,-0.983755264761834,0.0162447352381658,4,124,21,21,8,1.27142857142857,5.24229323308271,0.39508183051614,0.118394929922995,-0.106133458646617,0.111390795830155,0.737973557081109,0.00304748673254382,-0.0103155344466951,0.00902612509534709,4,0.0794719414239022,21,-0.748790633171465
3664,10284,170,0.976291146872834,0.0237088531271663,-0.860337880650488,0.139662119349512,0.982625406489553,0.0173745935104468,-0.9550525711488,0.0449474288511996,-0.771191979278572,0.228808020721427,0.703160500618084,0.296839499381916,0.774596669241483,0.225403330758517,-0.983755264761834,0.0162447352381657,4,129,18,18,7,1.0625,4.79340277777778,0.27978314686214,0.0989635783820074,-0.0868923611111114,0.127642276422764,0.716694564004464,0.00350679036191187,-0.0107685891147165,0.00886987884584731,4,0.0883699391616774,18,-0.756424553827773
3664,10285,170,0.995277423429141,0.00472257657085873,-0.824106754894592,0.175893245105408,0.998266385084351,0.00173361491564861,-0.995416327557169,0.00458367244283096,-0.795018222461373,0.204981777538626,0.775385462581472,0.224614537418528,0.774596669241483,0.225403330758517,-0.995277423429141,0.00472257657085875,4,139,14,14,6,0.821428571428571,4.35782967032967,0.1644445870064,0.0833592202850153,-0.0686744505494507,0.115975422427035,0.724890700697152,0.00335915655065808,-0.0118800231646464,0.0095728465083304,4,-0.1875,14,-1.03885376300759
3664,10301,170,0.97026892472183,0.00131276505947042,-0.816482065820024,0.0474279133962088,0.0776469453274739,0.883763650593613,0.943633895864714,0.00467616510598967,0.328237575419975,0.525325779617219,-0.897814275045165,0.0151293758724243,0.838849406041558,0.0368617696021676,-0.984211218059987,0.000371960494456841,6,125,22,22,9,0.309523809523809,5.65937571200729,0.00986554187619049,0.000942443896518963,0.0047923379878267,0.191430646332607,0.578077553426711,0.00618845133610993,0.00907120917721307,-0.010381883903659,6,-0.783629866550422,22,-0.0960336775137145
3664,10302,170,0.922356566251765,0.00880871737728484,-0.777882596958892,0.0685250033726663,0.97267729223049,0.0011095969243553,0.835646703258659,0.0382982530934668,-0.846280771826097,0.0336282396431982,-0.619918300529613,0.18923944749825,0.845117601056729,0.0341251335870518,-0.974483851538738,0.000968304300163681,6,138,19,19,8,0.491228070175438,4.95263157894737,0.0526131117266851,0.0321471498816245,-0.0285338345864663,0.106694240196078,0.712306879074729,0.00129949183343142,0.00434046426726461,-0.003284883004737,6,-1.66798068832748,19,0.280704552563169
3664,10305,170,0.868896315649283,0.0246555474717649,-0.754382492591644,0.0830831383438193,0.937115310097098,0.00580738807919423,-0.537428447170676,0.271469879969753,-0.877453595371332,0.021606254183696,0.778608173451043,0.0680958240686838,0.843778823634032,0.0347012906432347,-0.961664152990206,0.00217628585616043,6,143,16,16,7,1,4.29166666666667,0.2375,0.0837066069428892,-0.0628571428571431,0.14040404040404,0.755936142047253,0.00221035045775806,-0.00463112088718658,0.00538081671415005,6,-1.67612928015694,16,1.0788089391702
3664,10308,170,0.748159459460973,0.0871491626493988,-0.783366279749898,0.0653119246000252,0.959234525100273,0.00245886339456591,0.4919263047776,0.321631532400995,-0.855655847407133,0.0297491294557424,-0.36338340726438,0.478916824461456,0.842503929269909,0.0352541724576569,-0.959384416324494,0.00244093820190045,6,148,13,13,6,1.1,3.70897435897436,0.302731755424063,0.112099479467901,-0.069203296703297,0.5,0.694765840220386,0.029967534093755,0.0180873671782763,-0.00924675324675327,6,-1.79562294431014,13,4.70237538570169
3664,10312,170,0.968822001932538,0.00657755747602251,-0.755928946018457,0.139325968558841,0.96478144034386,0.00789193636671293,-0.510357294312099,0.489642705687901,-0.633830775064027,0.250860151169754,-0.531498139576744,0.468501860423256,0.707106781186547,0.181690113816209,-0.968822001932538,0.00657755747602248,5,157,9,9,5,1.57142857142857,3.21150793650794,0.465190381708239,0.196623441043084,-0.0751884920634925,0.0311355311355311,0.831043956043956,0.000215520133102551,-0.00782550782550783,-0.00166208791208789,4,-2.03197697791177,9,1.57227367375584
3664,10327,170,0.955178833461058,0.044821166538942,-0.799999999999999,0.200000000000001,-0.936617714798349,0.0633822852016512,-0.82843170189455,0.378466985430501,0.798804754037828,0.201195245962172,-0.258067467354951,0.833828629579156,0.86965723916519,0.13034276083481,-0.976434028550262,0.0235659714497378,4,115,10,10,6,2.25,4.37678571428571,1.17501275510204,-0.262142857142857,0.184446428571429,0.0429292929292929,0.7500481000481,0.000494016298489603,-0.0120542156256442,-0.00157738095238101,3,0.173585887283847,10,-0.498846187981485
3664,10336,170,0.987547989687296,0.0124520103127042,-0.959046628872045,0.0409533711279548,-0.98412479865394,0.0158752013460599,-0.882774742088376,0.117225257911624,0.918907715510125,0.0810922844898747,0.796669089347384,0.203330910652616,0.949572729682147,0.050427270317853,-0.99949575243238,0.000504247567619684,4,38,609,609,20,0.783450704225352,11.9855096109104,0.135610886425749,-0.00132296510032909,0.0720821105891565,0.00894291690457572,0.796408852498441,1.8601289385074e-05,-1.38986416623358e-05,0.00073191021850507,4,-0.669698747221122,609,0.391831302659631
3664,10337,170,0.959557692361065,0.0404423076389353,-0.957156943560955,0.0428430564390448,-0.90078394943739,0.0992160505626096,0.995967537074132,0.00403246292586834,0.903684221690723,0.096315778309277,-0.932423433253429,0.0675765667465711,0.937705938770052,0.0622940612299476,-0.995655475268364,0.00434452473163624,4,58,98,98,12,0.564583333333332,7.92368933150183,0.10189217360545,-0.00678922472095208,0.0614462568681319,0.266639412175126,0.719362036595774,0.0159265555916411,0.00296780420177973,-0.0250658495964779,4,0.743428753376743,98,1.249322707076
3664,10338,170,0.965490775061488,0.0345092249385126,-0.924879548673074,0.0751204513269259,0.0686527346409915,0.931347265359008,0.996931315829252,0.00306868417074835,0.255452903391958,0.744547096608042,-0.892343515488359,0.107656484511641,0.893894549400524,0.106105450599475,-0.996461382510851,0.00353861748914927,4,76,69,69,11,0.132057105775471,7.23558475737256,0.00378743020615515,0.000149105932773058,0.00334881750666954,0.165621120702099,0.765105387176637,0.00608143678242631,0.00274367774254651,-0.0148232519153721,4,0.706218682093211,69,0.787534661166164
3664,10339,170,0.940975429168001,0.059024570831999,-0.947572609377309,0.0524273906226912,0.222830715766242,0.777169284233759,0.976574050537746,0.0234259494622537,0.0744555019478927,0.925544498052107,-0.8657835684407,0.1342164315593,0.909184814433484,0.090815185566516,-0.992614164618964,0.00738583538103589,4,78,48,48,10,0.195402298850574,6.7442571391197,0.0081525898473813,0.00101148191019058,0.00143203262297613,0.608729169180442,0.541212133686707,0.0832019045036792,0.0141614290771528,-0.0531966509759081,4,0.499512444651929,48,0.567327687780915
3664,10340,170,0.987829161147262,0.0994252840514123,-0.933256525257383,0.233908049281921,0.966353697848074,0.165610959451973,0.999575679804804,0.0185463021013956,-0.809460858289525,0.399519008733893,-0.922397316125119,0.252454351383315,0.964836751942091,0.169324771322769,-0.994858646897521,0.0645832779591525,3,115,15,15,6,1.12820512820513,4.04273504273504,0.381547227701074,0.0928453267162944,-0.1375,0.0848484848484848,0.743589743589744,0.00211539819931428,0.00715091360252652,-0.0116666666666667,3,0.173756081788498,15,4.04838908166572
3664,10344,170,0.995870594885822,0.0578746566983916,-0.907841299003204,0.275458676634943,-0.833463463172962,0.372709101709641,NA,NA,0.988354770289338,0.0972504250746975,NA,NA,0.920897995965589,0.254914245815559,-0.99947933270966,0.0205444308193848,3,121,11,11,5,0.272727272727273,3.87575757575758,0.0190358126721763,-0.0208791208791208,0.0374999999999999,0.0242836528550815,0.745928674500103,0.000294847897993054,0.0242836528550815,-0.00667800453514742,2,-1.16133674836994,11,9.99993620945769
3664,10354,170,0.982523228640551,0.0174767713594493,-0.876663152563539,0.123336847436461,0.992698525474993,0.00730147452500729,0.981030709760728,0.018969290239272,-0.880280406121451,0.119719593878549,-0.771555751529766,0.228444248470234,0.830802020353296,0.169197979646704,-0.996002821211901,0.00399717878809915,4,101,33,33,9,0.666666666666666,6.11658653846154,0.096392475824567,0.0229988399071926,-0.0582171474358975,0.533036046079524,0.551154129820946,0.0699118445498252,0.0193564169565543,-0.0434561264911383,4,0.231417268458132,33,0.0734800184024927
3664,10355,170,0.982810260072468,0.0171897399275318,-0.871612213941024,0.128387786058976,0.999482427581457,0.000517572418543111,0.980375025501501,0.0196249744984991,-0.85902686955829,0.14097313044171,-0.764552804265681,0.235447195734319,0.836830176959558,0.163169823040442,-0.997743268081193,0.00225673191880739,4,116,29,29,8,1.08333333333333,5.42139694041868,0.259326395857805,0.0434981079150017,-0.0931833735909826,0.579954130678768,0.629484831980806,0.0829513871724207,0.0241310326422298,-0.0469059170387674,4,-0.586206896551725,29,0.610778910341096
3664,10356,170,NA,NA,-0.960768922830523,0.178912375022067,0.995150842380335,0.0627196930637397,-0.620792813979362,0.573621632312861,-0.92882969030525,0.241632068085806,0.813873894637374,0.394709257290794,0.866025403784439,0.333333333333333,-0.970725343394151,0.154420958311266,3,128,22,22,7,0.215686274509804,5.25032679738562,0.0134807125464565,0.0555052790346911,-0.0296568627450983,0.0169709989258862,0.824321131961557,8.69249477491926e-05,-0.00278040365943948,0.00208670968387354,3,-0.844136519846704,22,0.299156434087311
3664,10357,170,NA,NA,-0.960768922830523,0.178912375022067,0.990759223625385,0.08661325377742,-0.255592971795109,0.835458618368963,-0.914272999459508,0.265525628799487,0.513703554863282,0.656546243346896,0.866025403784439,0.333333333333333,-0.970725343394151,0.154420958311266,3,130,20,20,6,0.150877192982456,4.6280701754386,0.00680824869190522,0.0392712550607288,-0.0207456140350878,0.019951840385277,0.824102576703196,9.95441382204903e-05,-0.0012250271228599,0.00140946115288218,3,-0.714730340406299,20,9.99995253790879
3664,10358,170,NA,NA,-0.654653670707977,0.54562894834299,0.975756993287388,0.140465500562938,-0.999992051818997,0.00253822012256618,-0.804223072234167,0.405163447780053,0.651634566386371,0.548167168465548,0.866025403784439,0.333333333333333,-0.944911182523068,0.212295615009657,3,131,10,10,5,0.271428571428572,3.5984126984127,0.0219123204837491,0.0945578231292519,-0.0327380952380954,0.0587708587708587,0.806247456247456,0.000894126637919881,-0.0195752660038374,0.00535841473341472,3,-0.266776110600148,10,2.48766465653293
3664,10360,170,NA,NA,-0.654653670707977,0.54562894834299,0.901127113779166,0.285482010049984,-0.999208234238491,0.0253350717569829,-0.917662935482247,0.260146938293006,0.68421052631579,0.520293876586012,0.866025403784439,0.333333333333333,-0.944911182523068,0.212295615009657,3,135,8,8,4,0.142857142857143,3.08928571428571,0.00605867346938775,0.0459183673469389,-0.0196428571428574,0.0755102040816327,0.785714285714286,0.00150354019158684,-0.0253644314868804,0.00729591836734691,3,-0.204688805080317,8,9.99995434071618
3664,10367,170,NA,NA,-0.866025403784439,0.333333333333333,NA,NA,NA,NA,-0.866025403784439,0.333333333333333,0.866025403784439,0.333333333333333,NA,NA,NA,NA,3,146,10,10,5,0.0750000000000002,3.65,0.00187500000000001,0.0375000000000005,-0.0103125000000002,0.0137235449735449,0.791556437389771,6.27785622136364e-05,-0.00686177248677227,0.00188698743386238,3,-0.83593697571172,10,9.9999231184801
3664,10386,170,0.986440050415621,0.013559949584379,-0.853986492453439,0.146013507546561,-0.803333941128276,0.196666058871723,0.998961282505736,0.00103871749426432,0.932089264526335,0.0679107354736646,-0.834272634797173,0.165727365202827,0.857046038311231,0.142953961688769,-0.999972153960746,2.78460392544552e-05,4,97,21,21,7,0.45,5.25294117647059,0.0562110726643599,-0.0221033868092692,0.047073529411765,0.453929343907714,0.55948380974596,0.0480909071411013,0.0254232993948419,-0.0389715610288817,4,0.924903643766404,21,0.999741347987155
3664,10387,170,0.997628923753008,0.00237107624699195,-0.810455653257462,0.189544346742538,0.2676565405191,0.7323434594809,0.997611100321023,0.00238889967897693,0.258198889747163,0.741801110252837,-0.774455061084721,0.225544938915279,0.795785093870736,0.204214906129264,-0.999577760189087,0.000422239810912934,4,114,17,17,6,0.0999999999999996,4.525,0.00249999999999998,0.0019538188277087,0.00275000000000002,0.387755102040816,0.594334608843537,0.0375747700671113,0.028232274259615,-0.0319781037414967,4,0.960101914814595,17,3.54808027515382
3664,10388,170,NA,NA,-0.866025403784439,0.333333333333333,NA,NA,NA,NA,-0.866025403784439,0.333333333333333,0.866025403784439,0.333333333333333,0.866025403784439,0.333333333333333,-1,NA,3,135,9,9,5,0.0277777777777777,3.76851851851852,0.000257201646090533,0.0277777777777783,-0.00381944444444461,0.0179138321995466,0.582955404383976,0.000106968461357837,-0.0179138321995465,0.00246315192743765,3,1.12518599652934,9,-0.456136472552137
3664,10389,170,NA,NA,-0.866025403784439,0.333333333333333,NA,NA,NA,NA,0.866025403784438,0.333333333333333,0.866025403784439,0.333333333333333,0.866025403784439,0.333333333333333,-1,0,3,149,8,8,4,0.0178571428571428,3.13095238095238,0.000106292517006802,-0.0178571428571423,0.00245535714285701,0.00623582766439912,0.762282690854119,1.29618488866951e-05,-0.006235827664399,0.000857426303854848,3,0.64445174994217,8,9.99995434071618
3664,10396,170,NA,NA,-0.774596669241482,0.225403330758518,-0.697096675576926,0.302903324423074,0.404226041727221,0.595773958272779,0.932673317980251,0.0673266820197493,-0.814091578410695,0.185908421589305,0.774596669241483,0.225403330758517,-1,0,4,146,8,8,4,0.357142857142857,3.30357142857143,0.0352891156462585,-0.0523809523809524,0.0373214285714287,0.0873015873015873,0.735615079365079,0.00202447877299068,0.00727513227513227,-0.00780257936507939,4,-0.700372430889533,8,6.43190161793014
3664,10406,170,0.999375845148805,0.0224938548048546,-0.883147826354499,0.310839478528478,-0.997310053477262,0.0467051040912129,-0.845835408559013,0.358204958140617,0.915156108808826,0.264134374437264,0.496761921693526,0.669044436669095,0.866025403784439,0.333333333333333,-0.999375845148805,0.0224938548048586,3,81,29,29,8,0.405172413793103,5.49589490968801,0.049003757269852,-0.0155979770989237,0.0557112068965513,0.017270079067832,0.777900435074657,7.45649479410147e-05,-0.000516031974804356,0.00117963690706813,3,0.17104216388226,29,5.44950439431415
3664,10407,170,NA,NA,-0.866025403784439,0.333333333333333,NA,NA,NA,NA,0.866025403784439,0.333333333333333,0.866025403784438,0.333333333333333,0.866025403784439,0.333333333333333,-1,0,3,99,18,18,7,0.555555555555555,4.96296296296296,0.102880658436214,-0.037037037037037,0.0763888888888888,0.019884009942005,0.705053852526926,0.000131791283791251,-0.00132560066280033,0.00273405136702569,3,-0.503836725597158,18,1.10477613591558
3664,10408,170,NA,NA,-0.866025403784439,0.333333333333333,NA,NA,NA,NA,0.866025403784439,0.333333333333333,-0.866025403784439,0.333333333333333,0.866025403784439,0.333333333333333,-1,0,3,124,14,14,6,0.785714285714286,4.47619047619048,0.20578231292517,-0.0654761904761905,0.108035714285714,0.582895365504061,0.627727345118649,0.113255669042038,0.0485746137920051,-0.0801481127568086,3,-1.13664596273292,14,9.99995168677931
3664,10414,170,NA,NA,NA,NA,NA,NA,NA,NA,NA,NA,NA,NA,NA,NA,NA,NA,2,129,8,8,4,0,3.125,0,NA,0,0,0.775261324041812,0,NA,4.31775426138039e-17,2,-0.916907694285853,8,9.99992830104803
3664,10424,170,0.995870594885822,0.0578746566983908,-0.907841299003204,0.275458676634943,0.985038055254705,0.110263589520037,NA,NA,-0.821994936526786,0.38572226615498,NA,NA,0.866025403784439,0.333333333333333,-0.995870594885822,0.0578746566983908,3,98,11,11,5,0.7,3.44545454545455,0.149834710743802,0.0692307692307693,-0.0875000000000003,0.0313411896745229,0.716905162738496,0.000491135085107211,0.0313411896745229,-0.00861882716049379,2,1.14748366001438,11,9.99994852375452
3664,10434,170,0.964255659952441,0.0357443400475592,-0.959240408128308,0.0407595918716918,-0.918167836106156,0.0818321638938436,0.880081034819736,0.119918965180264,0.844374593495199,0.155625406504801,-0.805417714461795,0.194582285538204,0.94828790884095,0.0517120911590498,-0.999299697890723,0.000700302109277059,4,61,511,511,19,2.0335429769392,11.8885638909775,0.947902961954074,-0.0038594572553725,0.175115833854954,0.0829778852081768,0.848645286593469,0.00165543018268459,0.000154596734778318,-0.00698047427506776,4,-1.23338673697435,511,0.301540011932653
3664,10435,170,0.999108866598588,0.0268781107040013,-0.88635740741628,0.306455222629332,-0.992559538086156,0.077707818503658,0.973878653511175,0.145828639459984,0.823387290541356,0.384163041132991,-0.758071194078958,0.452283862089317,0.866025403784439,0.333333333333333,-0.999108866598588,0.0268781107040013,3,89,57,57,10,0.274509803921569,6.76625074272133,0.0230961814856122,-0.0127334544269013,0.0344117647058821,0.00971208917112643,0.845673831346815,2.64712873559712e-05,0.000422972329684403,-0.00107258129589291,3,-0.0397034461522381,57,0.830698524432017
3664,10436,170,0.99124070716193,0.0843232163219436,-0.792405815693061,0.417656549655277,-0.998577135442936,0.0339647490500176,0.99840212877753,0.0359934813390348,0.758749532594654,0.451621298705293,-0.75666990646783,0.453650030994311,0.866025403784439,0.333333333333333,-0.99124070716193,0.0843232163219436,3,96,24,24,9,0.565217391304348,5.6600790513834,0.0897217578777983,-0.0790054232925818,0.0624999999999998,0.0615982088808176,0.672904913665783,0.0010632505169437,0.00859903465439362,-0.00678511100386106,3,0.654826798165358,24,0.105237544991955
3664,10437,170,0.944911182523068,0.212295615009657,-0.654653670707977,0.54562894834299,-0.995566844601995,0.0599669789386257,0.99966931418534,0.016372495215818,0.580651326789797,0.605595927281616,-0.63499845772777,0.562001443558805,0.866025403784439,0.333333333333333,-0.944911182523068,0.212295615009657,3,137,8,8,5,0.571428571428572,3.6984126984127,0.0823885109599396,-0.187074829931973,0.0458333333333335,0.125541125541126,0.644540644540645,0.00404859423618442,0.0416408987837559,-0.0111111111111112,3,1.12202067758527,8,-0.762600632351789
3664,10444,170,NA,NA,-0.866025403784439,0.333333333333333,NA,NA,NA,NA,0.866025403784438,0.333333333333333,-0.866025403784439,0.333333333333333,0.866025403784439,0.333333333333333,-1,0,3,110,16,16,8,0.458333333333333,5.02777777777778,0.0700231481481481,-0.114583333333333,0.0630208333333334,0.0948863636363636,0.563510101010101,0.00300114066804408,0.0237215909090909,-0.0130468750000001,3,-0.279492860308695,16,-0.188471578993601
3664,10447,170,NA,NA,-0.866025403784439,0.333333333333333,NA,NA,NA,NA,0.866025403784439,0.333333333333333,-0.866025403784439,0.333333333333333,NA,NA,NA,NA,3,139,13,13,7,0.160839160839161,4.43822843822844,0.00862307855314848,-0.0804195804195798,0.0221153846153844,0.013888262275359,0.784038900167932,6.42946096763866e-05,0.00694413113767951,-0.00190963606286188,3,-1.69725714556805,13,-0.0903096874134862
3664,10448,170,NA,NA,-0.866025403784439,0.333333333333333,NA,NA,NA,NA,0.866025403784439,0.333333333333333,-0.866025403784439,0.333333333333333,NA,NA,NA,NA,3,140,9,9,6,0.125,4.04166666666667,0.00520833333333333,-0.124999999999999,0.0171874999999998,0.0206349206349206,0.662566137566138,0.00014193331653649,0.0206349206349207,-0.00283730158730163,3,-1.32266762040999,9,-1.14076166095856
3664,10449,170,NA,NA,-0.866025403784439,0.333333333333333,NA,NA,NA,NA,0.866025403784438,0.333333333333333,-0.866025403784439,0.333333333333333,NA,NA,NA,NA,3,147,8,8,5,0.196428571428572,3.44047619047619,0.0128613945578232,-0.196428571428571,0.0270089285714284,0.0564182194616977,0.731193926846101,0.00106100516240943,0.0564182194616977,-0.00775750517598346,3,-1.74848222257037,8,1.07793151846963
3664,10459,170,0.99243368701167,0.0783630780806832,-0.920863697703815,0.25497025525265,-0.919405061451183,0.257341551362973,-0.976848163560998,0.137255360822576,0.999993062854011,0.00237129611033193,0.816134509479616,0.392225616075225,0.866025403784439,0.333333333333333,-0.99243368701167,0.0783630780806826,3,92,33,33,8,0.101010101010101,5.83849245139568,0.00255079551687673,-0.00570136443049389,0.0138888888888887,0.00728739248663346,0.765289851350889,1.60851278957324e-05,-0.000481031384779238,0.000900133023294749,3,-0.185936165951662,33,0.830125177569636
3664,10460,170,0.985329278164293,0.109182553509248,-0.938652204581148,0.224150779824086,-0.752124041052218,0.458058829106008,-0.992194821574406,0.0795920008385803,0.933256525257382,0.233908049281922,0.888322064590139,0.303742780662666,0.866025403784439,0.333333333333333,-0.985329278164293,0.109182553509248,3,102,22,22,7,0.136363636363636,5.21969696969697,0.00533746556473825,-0.00937775816416582,0.0187499999999998,0.0184873949579832,0.750564244836691,0.000108280573819909,-0.00176203384219855,0.00254201680672268,3,-0.416131409833956,22,0.640950698461275
3664,10461,170,NA,NA,-0.866025403784439,0.333333333333333,NA,NA,NA,NA,0.866025403784438,0.333333333333333,0.866025403784439,0.333333333333333,0.866025403784439,0.333333333333333,-1,0,3,130,9,9,6,0.388888888888889,3.90740740740741,0.050411522633745,-0.129629629629629,0.0534722222222222,0.000138888888888911,0.713240740740741,6.43004115226538e-09,-4.62962962962418e-05,1.90972222221744e-05,3,-0.535625730579254,9,-1.41505508095661
3664,10469,170,0.970725343394151,0.154420958311266,-0.960768922830523,0.178912375022067,0.224565552133095,0.855807417899803,-0.922284038424037,0.25264099476753,0.0545106913759169,0.96528020707813,0.77890247630268,0.431553369789597,0.866025403784439,0.333333333333333,-0.970725343394151,0.154420958311266,3,128,13,13,6,0.251748251748252,4.47365967365967,0.0199136062073125,0.00761161915008082,0.00211538461538439,0.106060606060606,0.849404299404299,0.00323355959580846,-0.0125969116353731,0.0121802503052503,3,-0.518321110429887,13,0.264770623743644
3664,10470,170,0.99124070716193,0.0843232163219436,-0.924473451641905,0.24901011701139,-0.944911182523068,0.212295615009656,-0.985244471404895,0.109498451554773,0.998337488459582,0.0367145020017348,0.845580907543154,0.358508568566162,0.866025403784439,0.333333333333333,-0.99124070716193,0.0843232163219441,3,130,11,11,5,0.181818181818182,3.90606060606061,0.00829201101928373,-0.0227272727272725,0.0249999999999998,0.0961111111111111,0.837356902356902,0.00294772557222052,-0.0141290815128024,0.012625,3,-0.745306711135698,11,4.27286201843564
3664,10473,170,0.981980506061966,0.121037718323677,-0.944911182523068,0.212295615009657,-0.968619604501137,0.15990668218801,-0.948792221321715,0.204613370385268,0.996615895540124,0.0523889328216482,0.793121567912426,0.416908985394924,0.866025403784439,0.333333333333333,-0.981980506061966,0.121037718323677,3,133,8,8,4,0.416666666666667,3.4484126984127,0.0436980347694633,-0.0765306122448979,0.0572916666666668,0.115830115830116,0.793114543114543,0.0039283975094786,-0.0224765581908439,0.0136703667953668,3,-0.755418424621653,8,9.99991873048828
3664,10481,170,NA,NA,-0.866025403784439,0.333333333333333,NA,NA,NA,NA,0.866025403784439,0.333333333333333,-0.866025403784439,0.333333333333333,0.866025403784439,0.333333333333333,-1,1.34157585525081e-08,3,151,11,11,6,0.194805194805195,4.15584415584416,0.0126496879743633,-0.0487012987012984,0.026785714285714,0.00929596719070402,0.833264980633402,2.88050020035486e-05,0.00232399179767605,-0.00127819548872185,3,-1.87416779690786,11,-0.422535096697654
3664,10484,170,0.866025403784439,0.333333333333333,-0.866025403784439,0.333333333333333,NA,NA,NA,NA,-0.866025403784439,0.333333333333333,0.866025403784439,0.333333333333333,NA,NA,NA,NA,3,153,8,8,5,0.125,3.58333333333333,0.00520833333333333,0.0625000000000003,-0.0171875000000002,0.0424369747899159,0.818767507002801,0.000600298943106653,-0.0212184873949579,0.00583508403361342,3,-1.25350747573979,8,-1.24358223001489
3664,10491,170,0.948283482099596,0.0517165179004038,-0.961179670854284,0.0388203291457163,-0.964354387627488,0.0356456123725118,0.960837454898408,0.039162545101592,0.904582441818865,0.095417558181135,-0.904899334612527,0.0951006653874725,0.900302908964039,0.0996970910359605,-0.95956438102711,0.0404356189728902,4,65,454,454,18,1.57324364723468,11.2735975343551,0.549382224719085,-0.00346467856277182,0.142821560707736,0.0566988547040947,0.855777554268,0.00070193995301414,0.000123392536444202,-0.00510691428927332,4,-1.30048918907232,454,0.29827144511274
3664,10492,170,0.994935943722718,0.0050640562772819,-0.967057332604031,0.0329426673959688,-0.905260414082459,0.0947395859175409,0.865642679747028,0.134357320252972,0.837351730345253,0.162648269654747,-0.800565774482828,0.199434225517172,0.834145033503759,0.165854966496241,-0.896926846335979,0.103073153664021,4,82,106,106,13,2.79931972789116,8.69146205250466,1.76977259309805,-0.0250586464621423,0.237287561752923,0.589115965036436,0.660217284246557,0.0835296465923668,0.00520576224640259,-0.0492862369176995,4,-0.576038206988317,106,0.641914838076963
3664,10493,170,0.992064532916446,0.0802544237868421,-0.922017947774736,0.253078909546491,0.996393751456664,0.0540821002926213,0.990552461035996,0.0875783942762753,-0.885843556955182,0.307161009839111,-0.860215987915728,0.340657303822766,0.866025403784439,0.333333333333333,-0.992064532916446,0.0802544237868421,3,122,35,35,9,0.789010989010989,5.6676510989011,0.198331661899227,0.0371940705664359,-0.108489010989011,0.0218457058174799,0.843260438652991,0.00015700661515408,0.00104035880376097,-0.00296414318932705,3,0.214147633428022,35,0.947291520375499
3664,10494,170,0.989158483152388,0.0938281806009724,-0.930062349759893,0.239505152732361,0.987063894715826,0.102509987164377,-0.950020036182224,0.20212439415186,-0.859126410915793,0.342015139896738,0.768879114931502,0.44162954688422,0.866025403784439,0.333333333333333,-0.989158483152388,0.0938281806009724,3,125,24,24,8,0.380952380952381,5.25198412698413,0.0476308578987151,0.0210900654191389,-0.0515625000000003,0.0161904761904762,0.819069089793728,7.44552117459639e-05,-0.000802543857134765,0.00182447665056358,3,0.387885122767765,24,0.839948280006228
3664,10495,170,0.99243368701167,0.0783630780806843,-0.920863697703815,0.25497025525265,0.995443622104963,0.0607953030502544,0.999745385249141,0.0143663392016538,-0.879491630117596,0.315765558302905,-0.911831610525139,0.269336594454308,0.866025403784439,0.333333333333333,-0.99243368701167,0.0783630780806837,3,126,19,19,7,0.592105263157895,4.63854489164087,0.113311615178905,0.0411422437263718,-0.0814144736842109,0.0355528973950027,0.753458214758524,0.000380067487543258,0.00239306148593297,-0.0048885233918129,3,0.270843647831733,19,1.38808759371469
3664,10496,170,0.981980506061966,0.121037718323676,-0.944911182523068,0.212295615009657,0.973128963519385,0.147915829027678,0.98741303320676,0.101114224742884,-0.844149911825029,0.360211444037334,-0.881246656439327,0.31340983975254,0.866025403784439,0.333333333333333,-0.981980506061966,0.121037718323677,3,131,12,12,6,1.4,3.91111111111111,0.623703703703704,0.145238095238095,-0.183333333333334,0.357420357420357,0.567383234049901,0.0411247824698572,0.0378417878417879,-0.0491452991452993,3,0.217999027862753,12,-0.0530283270965958
3664,10498,170,0.993399267798783,0.0731863950403282,-0.917662935482247,0.260146938293006,0.998826922207016,0.0308390500462794,0.976557119557486,0.138118770413149,-0.897345126959389,0.290985988339285,-0.810615245786667,0.398265708706154,0.866025403784439,0.333333333333333,-0.993399267798783,0.0731863950403268,3,133,10,10,5,1.8,3.15555555555556,1.00592592592593,0.229824561403509,-0.247500000000001,0.278528528528529,0.526676676676677,0.0232957356756156,0.0341947210368263,-0.0340240240240241,3,-0.207975544198572,10,0.923933002442443
3664,10500,170,NA,NA,NA,NA,NA,NA,NA,NA,NA,NA,NA,NA,NA,NA,NA,NA,2,152,8,8,4,0.107142857142857,3.19642857142857,0.00573979591836735,0.107142857142857,-0.0294642857142858,0.037037037037037,0.796296296296296,0.000685871056241425,-0.037037037037037,0.0101851851851852,2,-1.00566297768753,8,9.55904857363267
3664,10517,170,NA,NA,-0.866025403784439,0.333333333333333,NA,NA,NA,NA,-0.866025403784439,0.333333333333333,0.866025403784439,0.333333333333333,NA,NA,NA,NA,3,133,11,11,6,0.375,3.875,0.046875,0.125,-0.0515625000000002,0.0526149526149526,0.746776646776647,0.00092277774622457,-0.0175383175383175,0.00723455598455599,3,0.359606739095253,11,-0.837033228357017
3664,10527,170,0.988107327829986,0.0118926721700139,-0.964591980030169,0.0354080199698307,-0.972610566697857,0.0273894333021435,0.90569643183206,0.0943035681679401,0.898857794815681,0.101142205184319,-0.827032014329234,0.172967985670766,0.853815150214723,0.146184849785277,-0.92678361055093,0.0732163894490698,4,95,71,71,12,2.33333333333333,8.13504556752278,1.16552647122253,-0.0332435445202019,0.206709472521404,0.574719502719503,0.678937893184786,0.0764799168265584,0.00792982547511134,-0.0487196706634985,4,-1.1917187152165,71,0.397199681225615
3664,10528,170,NA,NA,-0.866025403784439,0.333333333333333,NA,NA,NA,NA,0.866025403784438,0.333333333333333,-0.866025403784439,0.333333333333333,0.866025403784439,0.333333333333333,-1,0,3,111,20,20,7,0.8,5.26666666666667,0.213333333333333,-0.0533333333333333,0.11,0.0461195361284568,0.747695509961344,0.000709003870901343,0.00307463574189712,-0.00634143621766283,3,-2.10267309983673,20,0.181380341456883
3664,10535,170,NA,NA,-0.866025403784439,0.333333333333333,NA,NA,NA,NA,0.866025403784439,0.333333333333333,-0.866025403784438,0.333333333333333,0.866025403784439,0.333333333333333,-1,NA,3,133,13,13,6,0.769230769230769,4.48717948717949,0.19723865877712,-0.0699300699300699,0.105769230769231,0.177061677061677,0.820743820743821,0.0104502791612979,0.0160965160965161,-0.0243459805959807,3,-2.31621598705173,13,0.649386405488908
3664,10539,170,0.998221166691196,0.0379775676879104,-0.866025403784438,0.333333333333333,NA,NA,NA,NA,0.866025403784438,0.333333333333333,-0.866025403784439,0.333333333333333,0.866025403784439,0.333333333333333,-1,0,3,134,9,9,5,0.333333333333333,3.77777777777778,0.0370370370370371,-0.0476190476190475,0.0458333333333333,0.0972222222222222,0.787037037037037,0.00315072016460905,0.0138888888888889,-0.0133680555555556,3,-1.49261036921419,9,-0.374800040591464
3664,10547,170,0.99339082260866,0.0066091773913397,-0.959847893879601,0.0401521061203985,-0.970297345799431,0.0297026542005687,0.933259977714389,0.0667400222856105,0.868697377848705,0.131302622151295,-0.815776106885703,0.184223893114296,0.85012668345944,0.14987331654056,-0.954724391420712,0.0452756085792876,4,98,51,51,11,1.7536231884058,7.47623247199929,0.665813425542093,-0.0365622810648011,0.15099171002734,0.497906602254428,0.636892959041021,0.0577829415246601,0.0103598777459805,-0.0417714088713114,4,0.0131742213271036,51,0.301912459983263
3664,10548,170,0.992234543006081,0.00776545699391873,-0.969868630944584,0.030131369055416,-0.983912988650248,0.0160870113497521,0.966571454235215,0.0334285457647854,0.944717961757833,0.0552820382421666,-0.884391331923906,0.115608668076095,0.851504684714731,0.148495315285269,-0.941752800246761,0.0582471997532392,4,102,43,43,10,1.21929824561404,6.93826610256683,0.350316050577731,-0.0324071979093172,0.11910788409345,0.43439879507991,0.592398600259059,0.0420958335593181,0.0110359135908631,-0.0386520340236138,4,-0.181812073875564,43,0.476907864396558
3664,10549,170,0.968621271569088,0.0313787284309122,-0.966706718744019,0.0332932812559806,-0.860690832507818,0.139309167492182,0.990409713528443,0.00959028647155669,0.896105170956293,0.103894829043707,-0.952519046008936,0.0474809539910643,0.827188294797714,0.172811705202286,-0.936648587515341,0.0633514124846586,4,117,31,31,9,0.634408602150538,6.35065710872163,0.133153194046554,-0.0252877614025032,0.0696535244922345,0.303915601541895,0.563811349927135,0.020626470274555,0.0114528813718669,-0.0291403286140318,4,-0.984084209412744,31,-0.00958569124329242
3664,10550,170,0.970725343394151,0.154420958311266,-0.960768922830523,0.178912375022067,-0.693375245281536,0.512245708355401,-0.982355188180219,0.119768965729127,0.866025403784439,0.333333333333333,0.891944983097034,0.298681340751193,0.918965174939595,0.258052629056425,-0.992283057300661,0.0791402540343585,3,138,10,10,4,0.1,3.46666666666667,0.00333333333333334,-0.00961538461538449,0.0137499999999998,0.185416666666667,0.88015873015873,0.0108034238000756,-0.0245249542124542,0.0254947916666667,3,-0.489897948556636,10,9.99995500212771
3664,10559,170,0.99426952363625,0.00573047636375046,-0.908662253103984,0.091337746896016,0.426853801084531,0.573146198915469,0.955230782629999,0.0447692173700007,-0.179692018803454,0.820307981196545,-0.837334334352038,0.162665665647962,0.813843015647344,0.186156984352656,-0.982127351659573,0.0178726483404273,4,143,21,21,8,0.270833333333333,5.77447525062657,0.0158586272064612,0.00663766309038157,-0.00482025375939839,0.062811349361057,0.778665800303227,0.000739616738790909,0.00320785649630847,-0.00485076889755254,4,-1.67002226558621,21,-0.869731769677442
3664,10560,170,0.994228154800229,0.00577184519977059,-0.891417509814225,0.108582490185775,0.987215875822265,0.0127841241777351,0.896585494257284,0.103414505742716,-0.912789702557802,0.0872102974421983,-0.611993759143517,0.388006240856483,0.810047438768815,0.189952561231185,-0.987373762254441,0.0126262377455588,4,146,20,20,7,0.383333333333333,4.89965277777778,0.0267751736111111,0.0210454974068835,-0.0318159722222223,0.0446623093681917,0.863322010090586,0.000430144598871111,0.00242258967161643,-0.0027037252035317,4,-1.67764531862494,20,0.131497968344517
3664,10561,170,0.866025403784439,0.333333333333333,-1,9.48637384723993e-09,-0.247591832334893,0.840721612645519,0.135876398232696,0.913229991173222,0.247591832334893,0.840721612645519,-0.135876398232696,0.913229991173222,0.866025403784439,0.333333333333333,-0.866025403784439,0.333333333333333,3,147,10,10,5,0.194444444444445,3.66851851851852,0.0101954732510288,-0.0249999999999986,0.00687499999999968,0.0291580400276052,0.831021394064872,0.000247912579580596,0.00213940648723276,-0.000588336783989018,3,-0.93443497595062,10,2.57606963879881
3664,10562,170,0.5,0.666666666666667,-0.866025403784439,0.333333333333333,NA,NA,NA,NA,-0.866025403784439,0.333333333333333,0.866025403784439,0.333333333333333,NA,NA,NA,NA,3,150,8,8,4,0.125,3.04166666666667,0.00520833333333333,0.125000000000001,-0.0171875000000002,0.0327380952380952,0.862896825396825,0.000357260959939531,-0.032738095238095,0.00450148809523808,3,-0.357275005231098,8,9.99992830104803
3664,10570,170,0.983072068537602,0.0169279314623982,-0.913500278391139,0.0864997216088611,0.991557976609322,0.0084420233906779,-0.997608238486005,0.00239176151399533,-0.938950317277946,0.061049682722054,0.884855123846358,0.115144876153642,0.774596669241483,0.225403330758517,-0.964901281354015,0.0350987186459846,4,148,10,10,6,0.733333333333334,4.13125,0.109646990740741,0.105603448275862,-0.066229166666667,0.208080808080808,0.771347402597403,0.00878611787409587,-0.0300760063691098,0.0176676587301588,4,-0.601993241870442,10,-1.34177175634439
3664,10571,170,0.964901281354015,0.0350987186459846,-0.913500278391139,0.0864997216088611,-0.698246909743835,0.301753090256165,-0.993810454671457,0.00618954532854324,0.358469588552051,0.641530411447949,0.941909689895004,0.0580903101049959,0.774596669241483,0.225403330758517,-0.964901281354016,0.0350987186459844,4,152,9,9,5,0.428571428571428,3.77480158730159,0.0308996283698664,-0.0394772851669404,0.0134226190476191,0.123456790123457,0.814869929453263,0.00277382400719776,-0.0168346712886943,0.0105671296296297,4,-0.597727264559457,9,-0.592864346568813
3664,10572,170,0.950586375786717,0.0494136242132832,-0.93267331798025,0.0673266820197503,0.750386910797479,0.249613089202521,-0.986950921161692,0.0130490788383083,-0.860795656933511,0.139204343066488,0.867180836364243,0.132819163635757,0.774596669241483,0.225403330758517,-0.950586375786717,0.0494136242132831,4,154,8,8,4,0.142857142857143,3.06696428571429,0.00603210034013605,0.0221600688468158,-0.0142410714285715,0.214285714285714,0.857291666666667,0.00934674390589569,-0.0362808376362593,0.017858630952381,4,-0.392837100659193,8,9.99992830104803
3664,10579,170,0.99124070716193,0.0843232163219447,-0.924473451641905,0.24901011701139,-0.99124070716193,0.0843232163219436,0.986664973401841,0.104082055119856,0.866025403784439,0.333333333333333,-0.850092250830295,0.353092172131245,0.866025403784439,0.333333333333333,-0.99124070716193,0.0843232163219441,3,115,12,12,5,0.4,4.13333333333333,0.0533333333333334,-0.0604651162790697,0.055,0.154876033057851,0.64870523415978,0.00772385310657287,0.0229040937920431,-0.0205454545454547,3,0.811131115694674,12,2.5041294254926
3664,10581,170,0.981980506061966,0.121037718323677,-0.944911182523068,0.212295615009657,0.327326835353989,0.787704384990343,0.976749183241426,0.13754959396527,3.52578125151376e-17,1,-0.993115269376988,0.0747460210443869,0.866025403784439,0.333333333333333,-0.981980506061966,0.121037718323677,3,127,10,10,4,0.0444444444444447,3.41481481481481,0.000658436213991778,0.00317460317460343,-2.32079291549196e-16,0.024031007751938,0.712833763996555,0.000146380982268249,0.00446659283868591,-0.00330426356589153,3,1.03406602913901,10,9.99995500212771
3664,10590,170,NA,NA,-0.866025403784439,0.333333333333333,NA,NA,NA,NA,-0.866025403784438,0.333333333333333,0.866025403784439,0.333333333333333,0.866025403784439,0.333333333333333,-1,0,3,120,8,8,5,0.208333333333333,3.30555555555556,0.0144675925925926,0.104166666666667,-0.0286458333333336,0.0560952380952381,0.797269841269841,0.00104889191232048,-0.028047619047619,0.00771309523809522,3,0.198254237715854,8,0.299045240986007
3664,10597,170,0.925095433782381,0.0749045662176187,-0.959298661849095,0.0407013381509053,-0.983058778768576,0.0169412212314241,0.96255100144354,0.0374489985564597,0.926012485577718,0.0739875144222817,-0.903858802403351,0.0961411975966493,0.902571708196933,0.0974282918030673,-0.961729386593571,0.0382706134064286,4,72,348,348,17,1.33725490196078,10.7931306623515,0.396642997900141,-0.00391202412069267,0.124229591561536,0.0964626558588036,0.841150802051558,0.00205356213734197,0.000275613074991292,-0.008724947754679,4,-1.10528342078849,348,0.213637461839221
3664,10598,170,0.876909169351543,0.123090830648457,-0.965425070687742,0.0345749293122578,-0.888393511372193,0.111606488627807,0.869695293568017,0.130304706431983,0.869993171376192,0.130006828623808,-0.852846929875164,0.147153070124835,0.876894592760478,0.123105407239522,-0.898550759579576,0.101449240420424,4,83,138,138,14,2.75547445255475,9.58441836960549,1.69324262933118,-0.0178245031945731,0.241148052957312,0.615359559378748,0.653002724960169,0.0859701429526656,0.00393181797248286,-0.0532663862390648,4,-0.194188418988961,138,0.469424081397295
3664,10599,170,0.977355554850442,0.135737209330303,-0.952216581409108,0.19759612400303,-0.915424861821926,0.263709608018016,NA,NA,0.748753116344687,0.461305732021046,NA,NA,0.866025403784439,0.333333333333333,-0.977355554850442,0.135737209330302,3,113,19,19,6,0.666666666666667,4.60233918128655,0.123525187237099,-0.0340403246923278,0.0723684210526315,0.0110099810930836,0.792824165677351,6.06098418350292e-05,-0.00275249527327089,0.00302774480059798,2,1.06120399756503,19,9.99995224286959
3664,10600,170,0.970725343394151,0.154420958311266,-0.960768922830523,0.178912375022067,-0.954678408689282,0.192398525999179,NA,NA,0.834675065193022,0.371310901021246,NA,NA,0.866025403784439,0.333333333333333,-0.970725343394151,0.154420958311266,3,118,9,9,4,0.714285714285714,3.53968253968254,0.159486016628874,-0.0915750915750915,0.0916666666666667,0.0124389499389499,0.67876221001221,7.73637377918508e-05,-0.00621947496947494,0.00342071123321122,2,1.33906432644814,9,9.99992726797426
3664,10608,170,NA,NA,NA,NA,NA,NA,NA,NA,NA,NA,NA,NA,NA,NA,NA,NA,2,132,10,10,5,0.225,3.4875,0.0253125,0.1125,-0.061875,0.0361319966583125,0.76952798663325,0.000652760591258151,-0.0180659983291563,0.00993629908103596,2,0.743863449495505,10,9.3816297976328
3664,10617,170,0.859488610166015,0.140511389833985,-0.961647178653567,0.0383528213464327,-0.834825456543978,0.165174543456022,0.868258350145831,0.131741649854169,0.796880661560565,0.203119338439435,-0.831114004941202,0.168885995058798,0.885382025444773,0.114617974555227,-0.924688420063303,0.0753115799366968,4,89,119,119,13,2.24107142857143,8.84992005737446,1.21256937496849,-0.016540172218636,0.186919626408043,0.611405311342537,0.674518951002855,0.0870388286927235,0.00460889202186205,-0.0522306509632942,4,-0.616678026289192,119,0.347848325419887
3664,10618,170,0.889297291799888,0.110702708200112,-0.939336436627724,0.0606635633722761,-0.795989082710739,0.204010917289261,0.898712015482842,0.101287984517158,0.672802479633172,0.327197520366828,-0.791890537327897,0.208109462672103,0.859967573160803,0.140032426839197,-0.95501569826662,0.0449843017333797,4,102,55,55,12,1.93333333333333,8.21111111111111,0.761627800640146,-0.028080367949649,0.125074074074074,0.420427919595511,0.58885614536424,0.0425924268172526,0.00749740600930162,-0.0348128569363118,4,-0.634808762358444,55,-0.272428362786208
3664,10619,170,0.904371887270801,0.0956281127291991,-0.928043888918952,0.0719561110810479,-0.666189902428769,0.333810097571231,0.873424810282207,0.126575189717793,0.497792117509204,0.502207882490796,-0.735698671222064,0.264301328777936,0.839440402820074,0.160559597179926,-0.952266532186877,0.0477334678131231,4,112,48,48,11,1.71428571428571,7.51092325227964,0.513015263682431,-0.0221297053485961,0.075948898176292,0.423599708082467,0.630735414861803,0.0410323916715972,0.00820543070747729,-0.03174473503391,4,-0.923156972962879,48,-0.142628959546325
3664,10621,170,0.89536512322317,0.10463487677683,-0.930977292687792,0.0690227073122076,-0.653965699475636,0.346034300524364,0.877926807495154,0.122073192504846,0.499548818718753,0.500451181281247,-0.752924120245278,0.247075879754722,0.865616905583259,0.134383094416741,-0.964309489893387,0.0356905101066129,4,122,46,46,10,1.34615384615385,6.72119100706057,0.316957885065223,-0.0178190355964928,0.0599083054626533,0.465064102564103,0.735541891180478,0.0513632597641152,0.00962970636814724,-0.0363484434999382,4,-1.0742896896707,46,0.561726205832703
3664,10622,170,0.820001398932364,0.179998601067636,-0.939336436627724,0.0606635633722761,-0.327585248845754,0.672414751154246,0.796558329855394,0.203441670144606,0.291209938949429,0.708790061050571,-0.74887352943233,0.25112647056767,0.920851471769487,0.0791485282305127,-0.971855882837565,0.0281441171624347,4,124,32,32,9,0.857142857142857,6.07553283410138,0.122667226278519,-0.00795053044259176,0.0217259504608294,0.367176301958911,0.680798136967053,0.0319179717287603,0.00986149414838912,-0.0284993163174484,4,-0.73881785478075,32,0.443541629863489
3664,10623,170,0.795229753420005,0.204770246579995,-0.938188453997005,0.0618115460029945,-0.397109211259514,0.602890788740486,0.839910330063749,0.160089669936251,0.344903196281189,0.655096803718811,-0.809592433195885,0.190407566804115,0.927977485511446,0.0720225144885542,-0.969785827479884,0.0302141725201156,4,130,30,30,8,0.25,5.36566091954023,0.0108852721627692,-0.003041306019644,0.00766522988505756,0.371379310344828,0.743667711598746,0.0322804055581215,0.011077274768339,-0.0309844827586208,4,-0.781013927477073,30,9.99993463767849
3664,10624,170,NA,NA,-0.810884854079383,0.397972507160484,0.916354506553353,0.262235297830181,-0.985618724201647,0.108097507910832,-0.977355554850442,0.135737209330303,0.898113940821494,0.289874999249653,0.866025403784439,0.333333333333333,-0.99484975116711,0.0646391738271506,3,131,12,12,5,0.242424242424243,3.8030303030303,0.0153810835629018,0.0230386052303862,-0.0333333333333338,0.122766122766123,0.852887852887853,0.00467126185851904,-0.0136560547519451,0.0168803418803419,3,-1.34890104358135,12,9.99995390912231
3664,10635,170,0.83740361432108,0.16259638567892,-0.948026996831837,0.0519730031681634,0.838439324362427,0.161560675637573,0.790662754246928,0.209337245753071,-0.814091578410695,0.185908421589305,-0.72796821849735,0.272031781502649,0.886810694174929,0.113189305825071,-0.947344853089964,0.052655146910036,4,137,18,18,7,0.222222222222222,4.56944444444444,0.0131172839506173,0.01237129245428,-0.0198611111111112,0.231481481481481,0.739985640720935,0.0120653068585027,0.0111887595615527,-0.0170329520697168,4,0.324759526419165,18,2.43503023255428
3664,10636,170,0.870388279778489,0.129611720221511,-0.943879807448538,0.0561201925514616,0.998338179159142,0.00166182084085809,0.386049480851588,0.613950519148412,-0.936816722084023,0.0631832779159765,-0.276429476287575,0.723570523712425,NA,NA,NA,NA,4,138,10,10,6,0.6,3.88333333333333,0.081111111111111,0.0742424242424242,-0.0568333333333335,0.0666666666666667,0.626041666666667,0.0007421875,0.00274621212121212,-0.00160416666666666,4,0.712060971739296,10,-0.959544416560743
3664,10638,170,0.870388279778489,0.129611720221511,-0.943879807448538,0.0561201925514615,0.991836598134175,0.00816340186582454,-0.991550434349591,0.00844956565040877,-0.924016426393697,0.0759835736063026,0.923535948119356,0.0764640518806439,NA,NA,NA,NA,4,151,8,8,5,1.125,3.2375,0.281875,0.183333333333333,-0.1045,0.278195488721805,0.817481203007519,0.0172330732847156,-0.0453178400546822,0.0258251879699249,4,0.0353553390593276,8,-1.2435822300144
3664,10645,170,NA,NA,-0.866025403784438,0.333333333333334,NA,NA,NA,NA,-0.866025403784438,0.333333333333334,0.866025403784439,0.333333333333333,0.866025403784439,0.333333333333333,-1,9.48637384723993e-09,3,150,8,8,4,0.458333333333333,2.97222222222222,0.0700231481481482,0.0916666666666668,-0.0630208333333337,0.0125000000000001,0.791666666666667,5.20833333333339e-05,-0.00250000000000001,0.00171875000000002,3,0.20951312035157,8,9.99995434071618
3664,10653,170,NA,NA,-0.866025403784439,0.333333333333333,NA,NA,NA,NA,0.866025403784439,0.333333333333333,0.866025403784439,0.333333333333333,0.866025403784439,0.333333333333333,-1,NA,3,125,14,14,6,0.0119047619047619,4.57539682539683,4.72411186696898e-05,-0.00595238095238051,0.00163690476190453,0.00401820401820407,0.704391904391904,5.38198784397046e-06,-0.00200910200910198,0.000552503052503032,3,-0.192452830188679,14,0.135732912528766
3664,10654,170,NA,NA,-0.866025403784439,0.333333333333333,NA,NA,NA,NA,0.866025403784438,0.333333333333333,-0.866025403784439,0.333333333333333,0.866025403784439,0.333333333333333,-1,0,3,133,13,13,5,0.0629370629370629,3.86713286713287,0.00132035796371461,-0.0314685314685314,0.00865384615384614,0.0061740061740061,0.792813792813793,1.27061174122218e-05,0.00308700308700312,-0.000848925848925879,3,-0.433551897851927,13,9.9999525837364
3664,10659,170,NA,NA,-0.866025403784439,0.333333333333333,NA,NA,NA,NA,0.866025403784438,0.333333333333333,-0.866025403784439,0.333333333333333,NA,NA,NA,NA,3,140,8,8,4,0.160714285714286,3.17857142857143,0.00860969387755101,-0.160714285714285,0.0220982142857141,0.0257936507936508,0.704497354497355,0.000221770807088268,0.025793650793651,-0.00354662698412704,3,-0.173675349765117,8,9.99995434071618
3664,10672,170,0.993399267798783,0.0731863950403269,-0.917662935482247,0.260146938293006,-0.90730056673692,0.276278496100604,0.992218469271621,0.0794711805987574,0.66551322808247,0.53642543439361,-0.861047224407256,0.339618118891763,0.891751573614122,0.2989535469795,-0.998142680330566,0.0388066086864929,3,95,64,64,10,0.344827586206897,6.80693247126437,0.0310062464390111,-0.00610868496672712,0.0322265624999996,0.171895543456342,0.770614211134477,0.0097389812854522,0.00374400156471033,-0.023367724867725,3,-0.0943463956780744,64,1.58337476405691
3664,10673,170,0.99243368701167,0.0783630780806837,-0.920863697703815,0.25497025525265,0.999305999964413,0.0237191972682824,-0.714706665735546,0.493120394313018,-0.934747591343646,0.231251057984368,0.930842238817892,0.238150139060368,0.903451642439158,0.282049488388335,-0.999095482447475,0.0270792331356839,3,101,33,33,8,1.3030303030303,5.12783002438175,0.485803154595718,0.0427595133452005,-0.179166666666667,0.00996376811594202,0.802910548693907,2.86440925401345e-05,-0.000234827773359068,0.00137001811594199,3,-0.0800945619116108,33,2.05477910208645
3664,10674,170,0.99419162560192,0.0686487855020292,-0.914807404251074,0.264684547831303,0.99093755199671,0.0857721728092353,NA,NA,-0.960768922830523,0.178912375022067,NA,NA,0.906740519778909,0.27712520447507,-0.999809066318935,0.0124406566437604,3,112,18,18,6,0.5,4.29166666666667,0.0677083333333333,0.0277509652509653,-0.0687500000000004,0.00604011719630382,0.799278791976561,1.82415078725425e-05,-0.00302005859815203,0.00166103222898362,2,-0.402459494216126,18,9.99995727366422
3664,10675,170,0.99484975116711,0.0646391738271515,-0.912245460839306,0.268694159506182,0.998507503106759,0.0347861102242613,NA,NA,-0.933256525257382,0.233908049281922,NA,NA,0.903630048393528,0.281784432969595,-0.999788606370573,0.0130902734634115,3,116,10,10,4,0.4,3.24444444444444,0.0459259259259259,0.0433789954337901,-0.0550000000000003,0.00442386831275721,0.735236625514403,9.78530542430865e-06,0.00442386831275704,-0.00121656378600819,2,0.447814204077101,10,9.9999297648579
3664,10684,170,NA,NA,NA,NA,NA,NA,NA,NA,NA,NA,NA,NA,NA,NA,NA,NA,2,132,8,8,5,0.196428571428572,3.52678571428571,0.0192920918367347,0.19642857142857,-0.0540178571428569,0.036967418546366,0.614348370927318,0.000683295016991102,-0.0369674185463661,0.0101660401002507,2,-0.707106781186547,8,-0.762600632351778
3664,10691,170,0.989743318610787,0.0912578966859798,-0.928571428571428,0.242075436647354,0.999405120137717,0.0219599469357763,0.85005082360201,0.353142248138828,-0.940819302750333,0.220115489711578,-0.59384598120649,0.595217684786182,0.88180718991141,0.312654022302766,-0.993860814012078,0.0705785856554112,3,124,15,15,7,1.8,4.08717948717949,0.915108481262327,0.13657770800628,-0.247500000000001,0.0997770345596433,0.683569570526092,0.00252047897553621,0.00609660969022106,-0.0081987577639752,3,0.309084575949354,15,-0.717822157121265
3664,10696,170,NA,NA,NA,NA,NA,NA,NA,NA,NA,NA,NA,NA,NA,NA,NA,NA,2,139,10,10,6,0.4,4.2,0.0800000000000001,0.2,-0.11,0.0719406041986688,0.634536610343062,0.00258772526623476,-0.0359703020993345,0.019783666154634,2,0.530113451796359,10,-1.30794576420524
3664,10697,170,NA,NA,NA,NA,NA,NA,NA,NA,NA,NA,NA,NA,NA,NA,NA,NA,2,145,9,9,5,0.349206349206349,3.6031746031746,0.0609725371630134,0.174603174603174,-0.096031746031746,0.0774603174603175,0.656507936507936,0.00300005039052658,-0.0387301587301588,0.0213015873015874,2,0.411689421785429,9,-0.561665071494296
3664,10705,170,0.99484975116711,0.0646391738271499,-0.912245460839306,0.268694159506182,-0.99357048557317,0.0722299268498038,0.976897595724961,0.137108183921174,0.860002220664168,0.340924086355987,-0.803626215098341,0.405802343427356,0.866025403784439,0.333333333333333,-0.99484975116711,0.0646391738271513,3,105,31,31,9,0.488063660477454,6.06146430506831,0.0783311010030127,-0.0281861007019859,0.0661910669975185,0.091775245090895,0.613213537933312,0.00250293293786512,0.00495384996475659,-0.0110563402684991,3,0.240092807097478,31,0.622176193858821
3664,10710,170,0.99124070716193,0.0843232163219436,-0.924473451641905,0.24901011701139,-0.999594176499802,0.0181375409213863,0.949064942946636,0.204063053093292,0.913237891403566,0.267147657932774,-0.757262021547402,0.453073170104681,0.866025403784439,0.333333333333333,-0.99124070716193,0.0843232163219441,3,129,26,26,8,0.282051282051282,5.48931623931624,0.0238467017313171,-0.0203861061419201,0.0387820512820513,0.0366255342395321,0.77514064702824,0.000376132978641143,0.00243087732181175,-0.00403877423389623,3,-0.173093847477957,26,1.28129497180963
3664,10716,170,0.977355554850442,0.135737209330303,-0.952216581409108,0.19759612400303,0.788908420430156,0.421293129011356,-0.984132200073988,0.113561058402168,-0.563525576436521,0.618889253014387,0.882913615537958,0.311157182405199,0.866025403784439,0.333333333333333,-0.977355554850442,0.135737209330303,3,134,20,20,7,0.217171717171717,4.84057239057239,0.0118575485494677,0.0181780491481984,-0.0168750000000001,0.0449362041467305,0.772148529209073,0.000647584354982635,-0.00529937730948927,0.00617872807017543,3,-0.0616223834662437,20,2.31419122476567
3664,10717,170,NA,NA,-0.981980506061966,0.121037718323677,0.818073860797496,0.390083977141752,-0.996807759619574,0.0508813368008667,-0.694646410716663,0.511121695465429,0.963757606530783,0.171919055124542,NA,NA,NA,NA,3,145,8,8,5,0.314285714285715,3.5797619047619,0.0262287414965987,0.0867346938775514,-0.0309375000000003,0.104285714285714,0.83952380952381,0.00292721088435374,-0.0353061224489795,0.0143392857142857,3,0.175212299763039,8,-1.24358223001446
3664,10724,170,NA,NA,-0.933256525257383,0.233908049281921,0.35921060405355,0.766091950718079,-0.995729460724694,0.0588560562490531,3.52553917933723e-17,1,0.896108968648592,0.292764105530974,0.866025403784439,0.333333333333333,-0.987829161147262,0.0994252840514122,3,147,12,12,6,0.0909090909090908,4.03030303030303,0.00275482093663911,0.0058651026392962,-4.04789462004412e-17,0.0519104084321477,0.784014053579271,0.000838932950979697,-0.00897190700837265,0.00713768115942031,3,-0.616187877193312,12,6.93214010009685
3664,10735,170,0.921902194899292,0.078097805100708,-0.949614015155014,0.0503859848449863,-0.975330660058359,0.0246693399416413,0.923184886738711,0.0768151132612891,0.922749513857089,0.0772504861429115,-0.826265289423541,0.173734710576459,0.897989121446734,0.102010878553267,-0.9759846966387,0.0240153033613004,4,77,210,210,16,0.568181818181818,9.93562364359778,0.0769170649287886,-0.00287943926160855,0.0545134283819634,0.198936033552048,0.747856329957867,0.00909477438306105,0.000937193665484914,-0.0167850945829266,4,-1.13696893904218,210,0.0259607676117741
3664,10736,170,NA,NA,-0.866025403784439,0.333333333333333,-0.944911182523069,0.212295615009654,0.999588535651323,0.0182631682122305,0.65465367070798,0.545628948342987,-0.851327173816832,0.351596501545567,0.866025403784439,0.333333333333333,-1,NA,3,82,39,39,10,0.0789473684210531,6.21929824561404,0.00161588180978765,-0.00346260387811629,0.00723684210526286,0.0168613589666221,0.79328790513001,9.17801997495385e-05,0.000872976981010222,-0.00224286786786788,3,1.25077931440274,39,0.414687337511158
3664,10737,170,NA,NA,-0.866025403784439,0.333333333333333,NA,NA,NA,NA,0.866025403784438,0.333333333333333,-0.866025403784439,0.333333333333333,0.866025403784439,0.333333333333333,-1,0,3,112,9,9,5,0.244444444444444,3.63703703703704,0.019917695473251,-0.0611111111111109,0.033611111111111,0.131704980842912,0.648148148148148,0.00578206732627727,0.032926245210728,-0.0181094348659005,3,0.268875614755062,9,0.961740159279122
3664,10745,170,NA,NA,-0.866025403784439,0.333333333333333,-0.935129011498883,0.230566692719517,0.999785477365237,0.0131868008097689,0.632691781073326,0.56390002605285,-0.855483473202279,0.346520134143096,0.866025403784439,0.333333333333333,-1,1.34157585525081e-08,3,90,30,30,9,0.0960591133004929,5.73316912972085,0.00236801022430376,-0.00525451559934315,0.00846674876847274,0.0442828723001137,0.755271883289125,0.000638571113931999,0.00291729821902237,-0.00594496021220166,3,1.48279535664018,30,0.332693787694456
3664,10746,170,NA,NA,-0.866025403784438,0.333333333333333,NA,NA,NA,NA,-0.866025403784439,0.333333333333333,-0.866025403784439,0.333333333333333,0.866025403784439,0.333333333333333,-1,1.34157585525081e-08,3,100,15,15,8,0.0750000000000002,5.175,0.00187500000000001,0.0107142857142859,-0.0103125000000003,0.0581292517006803,0.522936507936508,0.00112633663442701,0.00830417881438291,-0.00799277210884359,3,1.69735843033392,15,-0.99672899145934
3664,10747,170,NA,NA,-0.866025403784438,0.333333333333334,NA,NA,NA,NA,-0.866025403784438,0.333333333333333,0.866025403784439,0.333333333333333,NA,NA,NA,NA,3,139,12,12,7,0.261904761904762,4.74603174603175,0.02286470143613,0.0523809523809526,-0.0360119047619052,0.0481776288227901,0.67295070520877,0.000773694639662178,-0.00963552576455797,0.0066244239631336,3,0.446550874908671,12,-1.18668199572553
3664,10748,170,NA,NA,-0.866025403784439,0.333333333333333,NA,NA,NA,NA,-0.866025403784439,0.333333333333333,0.866025403784439,0.333333333333333,NA,NA,NA,NA,3,146,10,10,6,0.4,4.26666666666667,0.0533333333333334,0.1,-0.0550000000000004,0.0898148148148148,0.698456790123457,0.00268890032007316,-0.0224537037037037,0.012349537037037,3,-0.0314037146510664,10,-1.30794576420524
3664,10749,170,NA,NA,-0.866025403784439,0.333333333333333,NA,NA,NA,NA,-0.866025403784439,0.333333333333333,0.866025403784439,0.333333333333333,NA,NA,NA,NA,3,151,9,9,5,0.177777777777778,3.71851851851852,0.0105349794238683,0.0444444444444445,-0.0244444444444445,0.0654970760233917,0.761598440545809,0.00142995565587132,-0.0163742690058479,0.00900584795321633,3,-0.089270955096542,9,-0.561665071496247
3664,10760,170,NA,NA,-0.866025403784439,0.333333333333333,-0.928571428571429,0.242075436647353,0.999701023177044,0.0155677089315995,0.618589574131742,0.575408769980687,-0.853540850796641,0.348901042264936,0.866025403784439,0.333333333333333,-1,NA,3,106,15,15,6,0.19047619047619,4.23015873015873,0.00925925925925919,-0.0193452380952379,0.0163690476190473,0.209626831501831,0.655513583638584,0.0142512355631561,0.0258384844322344,-0.028020976419414,3,0.918166019524583,15,6.78309018787853
3664,10761,170,NA,NA,-0.866025403784439,0.333333333333333,0.928571428571428,0.242075436647354,0.86602540378444,0.333333333333332,-0.989743318610787,0.0912578966859799,-0.500000000000002,0.666666666666666,0.866025403784439,0.333333333333333,-1,0,3,123,11,11,5,0.266666666666667,3.47777777777778,0.0181481481481481,0.0541666666666668,-0.036666666666667,0.0321513002364066,0.721040189125296,0.000258426526722889,0.00602836879432623,-0.00221040189125297,3,1.08400458704991,11,9.99994852375452
3664,10774,170,0.994238793692783,0.00576120630721677,-0.950912292033611,0.0490877079663889,-0.0788801129652561,0.921119887034744,0.975053101773466,0.0249468982265335,0.164986523123938,0.835013476876062,-0.889819597081963,0.110180402918037,0.841279482471434,0.158720517528566,-0.932566272468208,0.0674337275317918,4,90,171,171,15,0.467647058823529,9.38641934046346,0.0492300129519477,-0.000231027876626111,0.00779779411764731,0.125845125786163,0.788545672575498,0.00343841447298459,0.00075472592595799,-0.0111144863902188,4,-2.03593321775573,171,-0.0293317504206135
3664,10775,170,0.987592642452328,0.0124073575476715,-0.950695611421025,0.0493043885789754,0.399293948421793,0.600706051578207,0.907897630947996,0.0921023690520038,-0.250841063690215,0.749158936309785,-0.798940725895532,0.201059274104468,0.831929628465694,0.168070371534305,-0.933946189931265,0.0660538100687346,4,98,150,150,14,0.396103896103897,8.68885480061987,0.0262721037523566,0.000970679316549132,-0.00866072757557484,0.706678135752268,0.68754773045979,0.120851236178874,0.00473367081862591,-0.0591627601851892,4,-1.80082687515294,150,0.0388862040319986
3664,10776,170,0.996851771967128,0.00314822803287207,-0.926216457926115,0.073783542073885,0.685619753319606,0.314380246680394,0.96564367303439,0.0343563269656102,-0.453309971029027,0.546690028970973,-0.803589088710882,0.196410911289118,0.820356327645937,0.179643672354063,-0.973243648447819,0.0267563515521813,4,100,59,59,11,0.375,7.7014869742624,0.0243099533884513,0.0041456418044007,-0.0150555163214061,0.475970849555755,0.520269098432274,0.0542677589087983,0.00872377052765206,-0.0398761566728349,4,-1.26372382470744,59,-0.237979058234135
3664,10777,170,0.973194174380538,0.0268058256194617,-0.922521322429138,0.0774786775708618,0.922495194386687,0.0775048056133132,0.962682735775694,0.0373172642243058,-0.746313702279646,0.253686297720354,-0.791012255829153,0.208987744170847,0.82055242155812,0.179447578441879,-0.976099239995168,0.0239007600048315,4,116,58,58,10,0.375,6.76209743005856,0.031286432245026,0.00644192399066941,-0.0281195104098894,0.599419448476052,0.665988902704808,0.0876158033845911,0.0112498794952482,-0.0498749823764514,4,-1.80218590162655,58,0.657819376876298
3664,10778,170,0.960768922830523,0.178912375022067,-0.970725343394151,0.154420958311267,0.970725343394151,0.154420958311266,0.855824985054933,0.346100050843429,-1,1.34157585525081e-08,-0.706527848778099,0.500521009154696,0.866025403784439,0.333333333333333,-0.960768922830523,0.178912375022067,3,118,14,14,7,0.142857142857142,4.5,0.00510204081632649,0.0192307692307694,-0.0196428571428574,0.091991341991342,0.67030405491944,0.00226650249149939,0.0113003367441237,-0.00924996477881098,3,-0.326388888888889,14,-0.290683679817388
3664,10779,170,0.866025403784439,0.333333333333333,-1,9.48637384723993e-09,0.824771487798842,0.382607438494101,-0.915747944783864,0.263198117842242,-0.824771487798842,0.382607438494101,0.915747944783864,0.263198117842242,0.866025403784439,0.333333333333333,-0.866025403784439,0.333333333333333,3,141,10,10,6,0.291666666666667,4.01944444444444,0.0261342592592592,0.0666666666666669,-0.0366666666666669,0.036015325670498,0.809615033752965,0.000386689870675299,-0.00900383141762443,0.00495210727969345,3,-0.776667479419056,10,-0.689102531142935
3664,10781,170,0.944911182523068,0.212295615009657,-0.981980506061966,0.121037718323677,0.989289779992992,0.0932572696062288,-0.918020465964385,0.259573533460628,-0.999048038567828,0.0277804487174485,0.976415895879604,0.138535815136952,0.866025403784439,0.333333333333333,-0.944911182523068,0.212295615009657,3,144,8,8,5,0.425,3.41785714285714,0.0452423469387755,0.137755102040817,-0.0584375000000002,0.0516483516483517,0.812087912087912,0.000699492814877431,-0.0158948194662481,0.00710164835164838,3,-0.801758870006794,8,-0.762600632349776
3664,10791,170,0.975032648673186,0.024967351326814,-0.899349113986792,0.100650886013208,0.985873586147095,0.0141264138529045,0.969719707852516,0.0302802921474838,-0.834901549091549,0.165098450908451,-0.770852610851426,0.229147389148574,0.80241981768288,0.197580182317119,-0.981367152639123,0.018632847360877,4,121,44,44,9,0.772727272727272,6.03741685144124,0.129970169763177,0.0184774575018478,-0.0641158536585368,0.554952712792434,0.657644987750682,0.0757288506418722,0.0138731806877622,-0.0451866712439373,4,-1.61506255865358,44,0.917578174597921
3664,10792,170,NA,NA,-0.866025403784439,0.333333333333333,NA,NA,NA,NA,-0.866025403784439,0.333333333333333,0.866025403784439,0.333333333333333,0.866025403784439,0.333333333333333,-1,NA,3,129,16,16,8,0.125,5.33333333333333,0.00520833333333333,0.0312500000000001,-0.0171875000000002,0.0159645232815965,0.768736141906874,8.4955334536212e-05,-0.0039911308203991,0.0021951219512195,3,-0.969353960263424,16,-0.845568940577242
3664,10794,170,NA,NA,-0.866025403784439,0.333333333333333,NA,NA,NA,NA,0.866025403784438,0.333333333333333,-0.866025403784439,0.333333333333333,0.866025403784439,0.333333333333333,-1,0,3,133,14,14,7,0.0428571428571436,4.87142857142857,0.000612244897959205,-0.0107142857142858,0.00589285714285712,0.00252780252780249,0.771655171655172,2.12992853985489e-06,0.000631950631950676,-0.000347572847572902,3,-1.02996254681648,14,-0.71887540029072
3664,10796,170,NA,NA,-0.866025403784439,0.333333333333333,NA,NA,NA,NA,-0.866025403784439,0.333333333333333,0.866025403784439,0.333333333333333,NA,NA,NA,NA,3,134,12,12,6,0.111111111111111,4.2962962962963,0.00411522633744853,0.0370370370370372,-0.015277777777778,0.0201318742985409,0.718831836887392,0.000135097454257417,-0.00671062476618024,0.00276813271604933,3,-0.600388188034509,12,-0.496678315313414
3664,10799,170,0.866025403784439,0.333333333333333,-0.866025403784439,0.333333333333333,NA,NA,NA,NA,-0.866025403784439,0.333333333333333,0.866025403784439,0.333333333333333,NA,NA,NA,NA,3,135,9,9,5,0.174603174603174,3.83068783068783,0.0101620895271689,0.0873015873015876,-0.0240079365079367,0.0442176870748299,0.543310657596372,0.000651734616749192,-0.0221088435374149,0.00607993197278909,3,-0.292504831592926,9,-0.968867636565231
3664,10800,170,NA,NA,-0.866025403784439,0.333333333333333,NA,NA,NA,NA,-0.866025403784439,0.333333333333333,0.866025403784439,0.333333333333333,NA,NA,NA,NA,3,153,8,8,4,0.0833333333333335,3.22222222222222,0.00231481481481482,0.0416666666666669,-0.0114583333333335,0.0165266106442576,0.816433239962652,9.10429531289634e-05,-0.00826330532212878,0.00227240896358541,3,-1.63920208365972,8,9.99991873048828
3664,10807,170,0.969452112470742,0.0305478875292582,-0.905538513813741,0.094461486186259,0.974659132896941,0.0253408671030591,0.968437279361441,0.0315627206385591,-0.819967491819726,0.180032508180274,-0.77145585062142,0.22854414937858,0.788690837967812,0.211309162032188,-0.974933619329316,0.0250663806706839,4,136,28,28,7,0.714285714285714,4.98428571428571,0.107246258503401,0.0273031358885018,-0.0572000000000002,0.508039215686275,0.73046451914099,0.0633563586872657,0.0208514039762246,-0.0413632352941177,4,-1.53448887612432,28,9.06301705967849
3664,10808,170,NA,NA,-0.981980506061966,0.121037718323677,0.365983237721995,0.76146549597926,-0.913434932285932,0.266839606996266,-0.535259326578531,0.640427777655583,0.973888194102999,0.14580188867259,0.866025403784439,0.333333333333333,-0.944911182523068,0.212295615009657,3,143,13,13,6,0.307692307692307,4.15018315018315,0.0237088918407599,0.0184458398744115,-0.0226648351648354,0.0527065527065527,0.841391119168897,0.000732235921258147,-0.0080906747573414,0.00724715099715099,3,-0.440083961685753,13,0.659813763586606
3664,10809,170,NA,NA,-0.993399267798783,0.0731863950403275,0.678551143743977,0.525216357906686,-0.937128145951743,0.226947474598785,-0.758331235529205,0.452029962866358,0.970973789556437,0.153761079558457,0.866025403784439,0.333333333333333,-0.917662935482247,0.260146938293006,3,144,11,11,5,0.282828282828282,3.55723905723906,0.0224551916471108,0.0404040404040404,-0.0312500000000001,0.0641025641025641,0.813532763532763,0.00108962183748508,-0.0122919478182635,0.00881410256410252,3,-0.371718666464554,11,9.99991923499424
3664,10820,170,0.999242724972891,0.000757275027109428,-0.814091578410693,0.185908421589307,0.99592288094321,0.00407711905679031,0.995905279099318,0.00409472090068164,-0.766832822707895,0.233167177292105,-0.766723940907997,0.233276059092003,0.774596669241483,0.225403330758517,-0.997090902927147,0.00290909707285326,4,138,15,15,6,0.642857142857143,3.97976190476191,0.102318594104309,0.0515094926859633,-0.0522500000000001,0.410027472527473,0.680980998168498,0.041619259706163,0.0328510677775384,-0.0333191964285715,4,-1.31156129698027,15,9.99994552666382
3664,10821,170,NA,NA,-0.866025403784439,0.333333333333333,NA,NA,NA,NA,0.866025403784439,0.333333333333333,0.866025403784439,0.333333333333333,NA,NA,NA,NA,3,144,9,9,5,0.0555555555555554,3.48148148148148,0.00102880658436213,-0.0555555555555549,0.00763888888888883,0.0224358974358975,0.761752136752137,0.00016778983125137,-0.0224358974358972,0.00308493589743588,3,-1.53403919852466,9,9.99994847686742
3664,10834,170,0.999840616282691,0.0113663981592023,-0.874814047389251,0.321966935174131,-0.98738213684379,0.101238509622459,0.999996977963084,0.00156511088828681,0.940492566432969,0.220728425551672,-0.873620377096249,0.323532046062404,0.866025403784439,0.333333333333333,-0.999840616282691,0.0113663981592024,3,100,91,91,13,0.291011942174733,7.74305961227986,0.0239359625594187,-0.00545456822410362,0.0400141420490257,0.0537482900136799,0.814087898725382,0.000946289021693931,0.00109839931188874,-0.00739038987688102,3,-1.03226058176203,91,0.130586393760608
3664,10835,170,0.999423797128766,0.0216124342722601,-0.88249750329277,0.311720899061069,0.998876714633869,0.0301773314377236,0.996878456471332,0.0503144645921936,-0.90379203642159,0.281543567623345,-0.842610498967193,0.362035363653263,0.866025403784439,0.333333333333333,-0.999423797128766,0.0216124342722665,3,119,39,39,10,0.442982456140351,6.36537853643117,0.0600587157869857,0.0166176666601115,-0.0609100877192988,0.044100249982603,0.842676384988047,0.000617033831011271,0.00168099658761799,-0.00575591070947114,3,-1.16124137837958,39,0.0341013741892919
3664,10836,170,0.999375845148805,0.0224938548048546,-0.883147826354499,0.310839478528478,-0.996570399906676,0.0527401136648607,0.998587638355763,0.0338391313777342,0.841301741873944,0.363579592193338,-0.856977798198405,0.344678609906212,0.866025403784439,0.333333333333333,-0.999375845148805,0.0224938548048566,3,120,33,33,9,0.6036866359447,6.17972350230415,0.115334791564909,-0.0239117599699425,0.0785714285714284,0.114807987711213,0.793854326676907,0.00430594701778271,0.00462960478056287,-0.0154645257296468,3,-0.578880800456306,33,0.249596802467061
3664,10837,170,0.998777754686862,0.0314788280675358,-0.889680248530565,0.301854505265798,-0.973456994140491,0.147006150323337,0.995982076585699,0.0570875583785475,0.761567050104067,0.448860655589135,-0.845217197579316,0.358942063644345,0.866025403784439,0.333333333333333,-0.998777754686862,0.0314788280675329,3,124,26,26,8,0.113095238095238,5.50325396825397,0.00360319349962206,-0.00577633007600424,0.0125714285714281,0.0446034746601854,0.809598673748012,0.000634404894275308,0.00247985464143726,-0.00585442546583856,3,-0.462860942056013,26,0.337271663913983
3664,10838,170,0.997176464952738,0.0478513232833508,-0.901127113779166,0.285482010049984,0.997176464952738,0.0478513232833497,-0.999999787674406,0.000414854975109172,-0.866025403784438,0.333333333333333,0.901409449690605,0.285067155074998,0.866025403784439,0.333333333333333,-0.997176464952738,0.0478513232833488,3,129,20,20,7,0.428571428571429,4.85714285714286,0.0612244897959184,0.0370569280343718,-0.0589285714285719,0.0310532428632557,0.85589351986694,0.000296694650066496,-0.00258695915814243,0.00426982089369761,3,-0.379247045786103,20,0.155588672665154
3664,10839,170,0.970725343394151,0.154420958311266,-0.960768922830523,0.178912375022067,0.980315618063239,0.12652344220042,-0.903467837952907,0.282025436522475,-0.996615895540124,0.0523889328216474,0.986911572609113,0.103113061500409,0.866025403784439,0.333333333333333,-0.970725343394151,0.154420958311266,3,132,8,8,5,0.5,3.26190476190476,0.0629251700680272,0.118131868131868,-0.0687500000000002,0.0664160401002506,0.724310776942356,0.00113221650617772,-0.0146038172353962,0.00913220551378446,3,0.409634273239103,8,-0.380754042579203
3664,10846,170,NA,NA,-0.866025403784439,0.333333333333333,0.693375245281536,0.512245708355401,-0.996424955420534,0.0538474723210669,-0.240192230707631,0.845579041688734,0.820688028760968,0.387180805654399,0.866025403784439,0.333333333333333,-1,NA,3,131,12,12,6,0.121212121212121,4.38383838383838,0.00397918579736761,0.0094696969696971,-0.00416666666666698,0.034965034965035,0.747008547008547,0.000373032820585269,-0.00416666666666667,0.00435897435897437,3,0.0405720412966788,12,-0.515408410916148
3664,10847,170,NA,NA,-0.866025403784438,0.333333333333333,0.979075562484947,0.130461455509898,-0.999296241507825,0.0238853944751491,-0.746155792216122,0.463794788843231,0.846660787035477,0.35721872780848,0.866025403784439,0.333333333333333,-1,9.48637384723993e-09,3,133,11,11,5,0.466666666666666,3.61111111111111,0.0603703703703703,0.0595238095238096,-0.0504166666666669,0.0990990990990992,0.746146146146146,0.00314055797539281,-0.0138567138567138,0.013048048048048,3,0.18805123053605,11,3.42731733920399
3664,10848,170,NA,NA,-0.866025403784439,0.333333333333333,0.866025403784439,0.333333333333333,NA,NA,-0.5,0.666666666666667,NA,NA,0.866025403784439,0.333333333333333,-1,NA,3,148,8,8,4,0.285714285714286,3.14285714285714,0.0204081632653061,0.0357142857142858,-0.0196428571428574,0.0151515151515152,0.769480519480519,0.000114784205693298,NA,-0.00416666666666662,2,0.552681162306727,8,6.43190161793014
3664,10873,170,NA,NA,-0.866025403784438,0.333333333333333,-0.981119812509052,0.123903606152611,0.999396167109831,0.0221245965089469,0.946375138745331,0.209429727180722,-0.88287558896075,0.311208736824388,0.866025403784439,0.333333333333333,-1,9.48637384723993e-09,3,113,52,52,12,0.611666666666667,6.95388888888889,0.104434259259259,-0.0238768115942029,0.0841041666666666,0.114605574219236,0.809227738376674,0.00421262182745621,0.00488479910847115,-0.015758266455145,3,-0.386412741941655,52,-0.052142650585031
3664,10874,170,0.995402274496796,0.0610707393850509,-0.909934970960094,0.272262593948282,-0.999128276451603,0.0265837389510358,0.997891777002399,0.0413456403650641,0.926455747015147,0.245678854997246,-0.881099316130248,0.313608234313348,0.866025403784439,0.333333333333333,-0.995402274496796,0.0610707393850517,3,115,23,23,8,0.391304347826087,5.75845410628019,0.0445984737100049,-0.020210078447015,0.053804347826087,0.111989459815547,0.667286529895226,0.00403872776441455,0.00607424751820444,-0.0153985507246377,3,0.428600861737736,23,0.180408308575256
3664,10877,170,0.993399267798783,0.0731863950403282,-0.917662935482247,0.260146938293006,0.648243668253724,0.551007638849471,0.911883374110235,0.269256318770202,-0.292306411107732,0.811154577142477,-0.999897628272457,0.00910938047720334,0.866025403784439,0.333333333333333,-0.993399267798783,0.0731863950403281,3,125,20,20,7,0.166666666666667,5.07222222222222,0.00731481481481485,0.00635964912280707,-0.00687500000000018,0.0339571150097465,0.742764208997439,0.000288330445696252,0.00177614228208981,-0.00466910331384016,3,0.140524634106256,20,1.00036520561274
3664,10878,170,0.997608605584528,0.0440359440827756,-0.898512571288978,0.289297389250558,0.900698055327746,0.286111380730128,0.999650054549512,0.0168425545432491,-0.618589574131743,0.575408769980686,-0.886586595120647,0.306139943793806,0.866025403784439,0.333333333333333,-0.997608605584528,0.0440359440827756,3,134,16,16,6,0.266666666666667,4.47777777777778,0.0181481481481481,0.0167728237791933,-0.022916666666667,0.242361111111111,0.722497795414462,0.0186820081470517,0.0188873302328716,-0.0333246527777779,3,0.0874164901072794,16,2.38648333652016
3664,10879,170,NA,NA,-0.866025403784438,0.333333333333334,NA,NA,NA,NA,-0.866025403784439,0.333333333333333,-0.866025403784439,0.333333333333333,0.866025403784439,0.333333333333333,-1,0,3,135,13,13,5,0.589743589743589,3.72649572649573,0.115932500547885,0.058974358974359,-0.0810897435897439,0.175091575091575,0.697680097680098,0.0102190198893496,0.0175091575091575,-0.0240750915750917,3,0.147587577875483,13,9.99995388902262
3664,10896,170,0.944911182523068,0.212295615009657,-0.654653670707977,0.54562894834299,-0.82030433952308,0.387608100909547,0.905430668627673,0.279096116874993,0.969351617704149,0.158020847433443,-0.913630944819859,0.266532831467997,0.866025403784439,0.333333333333333,-0.944911182523068,0.212295615009657,3,120,29,29,11,0.580952380952382,6.04797178130511,0.089796291630507,-0.0804610733182163,0.0798809523809525,0.0777619047619048,0.770107855107855,0.00181105728319526,0.0126125501482644,-0.010692261904762,3,-0.515605493133583,29,-0.607851187759336
3664,10897,170,NA,NA,-0.866025403784439,0.333333333333333,0.5,0.666666666666667,-0.8794395358869,0.315835236520058,-0.866025403784439,0.333333333333333,0.999622285161218,0.0174980968132807,0.866025403784439,0.333333333333333,-1,0,3,133,11,11,4,0.1,3.53333333333333,0.00333333333333334,0.00833333333333342,-0.0137500000000002,0.0630630630630631,0.832832832832833,0.000994988982976972,-0.00800800800800798,0.00867117117117114,3,-1.36441072584275,11,9.99995219197752
3664,10907,170,NA,NA,0.866025403784439,0.333333333333333,NA,NA,NA,NA,0.866025403784439,0.333333333333333,-0.866025403784439,0.333333333333333,NA,NA,NA,NA,3,124,18,18,10,0.223529411764706,5.74901960784314,0.0166551326412918,0.111764705882353,0.0307352941176469,0.0158248081841432,0.641624040920716,8.34748513549755e-05,-0.0079124040920718,-0.00217591112531974,3,0.689285525461084,18,-1.43118267076672
3664,10908,170,NA,NA,0.866025403784439,0.333333333333333,NA,NA,NA,NA,0.866025403784439,0.333333333333333,-0.866025403784439,0.333333333333333,NA,NA,NA,NA,3,133,17,17,9,0.196428571428571,5.05952380952381,0.0128613945578231,0.0982142857142846,0.0270089285714283,0.0134268884268884,0.735331485331485,6.00937776093702e-05,-0.00671344421344441,-0.00184619715869722,3,0.432244102763558,17,-1.22296175915933
3664,10914,170,-0.866025403784439,0.333333333333333,0.866025403784439,0.333333333333333,NA,NA,NA,NA,0.866025403784439,0.333333333333333,-0.866025403784438,0.333333333333333,NA,NA,NA,NA,3,134,11,11,8,0.244444444444444,4.71851851851852,0.019917695473251,0.244444444444443,0.0336111111111109,0.0279320987654321,0.491409465020576,0.000260067380480617,-0.0279320987654324,-0.00384066358024695,3,0.672257162755044,11,-1.60213942125379
3664,10915,170,NA,NA,0.866025403784439,0.333333333333333,NA,NA,NA,NA,0.866025403784438,0.333333333333333,-0.866025403784439,0.333333333333333,NA,NA,NA,NA,3,153,10,10,7,0.222222222222222,4.14814814814815,0.0164609053497943,0.222222222222222,0.0305555555555555,0.0368814192343604,0.759025832555244,0.000453413028246883,-0.0368814192343609,-0.00507119514472462,3,-0.578725598569652,10,-1.42940369645225
3664,10916,170,NA,NA,0.866025403784439,0.333333333333333,NA,NA,NA,NA,0.866025403784439,0.333333333333333,-0.866025403784439,0.333333333333333,NA,NA,NA,NA,3,156,8,8,6,0.190476190476191,3.79365079365079,0.0120937263794407,0.190476190476189,0.026190476190476,0.0462585034013605,0.726303854875283,0.00071328304564456,-0.0462585034013609,-0.00636054421768713,3,-0.092735315565449,8,-1.68059870963733
3664,10924,170,0.989360064478924,0.0106399355210764,-0.931364382788267,0.0686356172117327,-0.995670449941556,0.00432955005844371,0.954338909722355,0.0456610902776446,0.945413322547764,0.0545866774522357,-0.925686119057526,0.0743138809424738,0.866025403784439,0.333333333333333,-0.997608605584528,0.0440359440827756,4,110,21,21,8,2.42857142857143,6.54285714285714,1.38829931972789,-0.12632160110421,0.237285714285715,0.538333333333333,0.451845238095238,0.0642411328420257,0.026045318610536,-0.0499779761904764,4,-0.982853628013233,21,-0.287496114985694
3664,10925,170,0.939454721929742,0.0605452780702578,-0.931127679037621,0.0688723209623788,-0.991272632458618,0.00872736754138161,0.927436235609209,0.0725637643907913,0.937269214907492,0.0627307850925081,-0.891887282843909,0.108112717156091,0.866025403784439,0.333333333333333,-0.996615895540124,0.0523889328216483,4,130,19,19,7,2.05263157894737,5.73684210526316,0.943674976915974,-0.11771645801927,0.193947368421053,0.683771929824561,0.616367819057448,0.10408742676524,0.0365776707659315,-0.061293924148607,4,-1.40797393064355,19,0.728619402766628
3664,10926,170,0.964208851210044,0.0357911487899556,-0.93834311681711,0.0616568831828904,-0.98929252172398,0.0107074782760202,0.942480720520306,0.0575192794796937,0.907909172450945,0.0920908275490553,-0.837678762854001,0.162321237145999,0.866025403784439,0.333333333333333,-1,0,4,135,13,13,6,1.46153846153846,5.01923076923077,0.474852071005917,-0.130393996247655,0.133269230769231,0.656410256410256,0.642490842490842,0.100226936270892,0.0570713839006522,-0.0564908424908427,4,-0.959955206494284,13,-0.489013205203709
3664,10927,170,0.97240688733183,0.0275931126681699,-0.92880922000386,0.0711907799961403,-0.963786795318629,0.0362132046813709,0.946921815513923,0.0530781844860768,0.843661487732106,0.156338512267894,-0.81741353226764,0.18258646773236,0.866025403784439,0.333333333333333,-1,0,4,136,12,12,5,1.16666666666667,4.16666666666667,0.314814814814815,-0.114427860696517,0.100833333333334,0.64349376114082,0.645276292335116,0.0983580165712912,0.0628408758347301,-0.0546078431372551,4,-0.780170667275651,12,9.99993118657984
3664,10931,170,0.992870755255589,0.00712924474441134,-0.853986492453439,0.146013507546561,-0.999846103177674,0.000153896822326478,0.983259893615793,0.0167401063842065,0.861103411863648,0.138896588136352,-0.764408056130484,0.235591943869515,0.866025403784439,0.333333333333333,-1,0,4,139,8,8,4,0.875,3.38392857142857,0.174426020408163,-0.145382395382395,0.0766071428571431,0.559139784946237,0.60752688172043,0.0761937796277026,0.0944933202997719,-0.0449462365591399,4,0.0231838288913624,8,9.99992830104803
3664,10944,170,0.89320177659007,0.041218997215595,-0.932156576215061,0.0209954813805179,0.153334165509634,0.80553662292446,0.840199041601979,0.0748184817919026,-0.217589850498807,0.725157915847435,-0.741011994181416,0.151920819303847,0.906990968915964,0.0335712801185863,-0.988501904997637,0.00147748215372927,5,22,4521,4521,23,0.454739506592619,14.7019072758296,0.0324833431448398,1.46660509911582e-05,-0.00682074295693006,0.0610531735452071,0.916609138917086,0.000711365390104291,1.18924804011229e-05,-0.00343743340383287,5,-2.65332952775301,4521,0.369014320192117
3664,10945,170,0.913740373522074,0.0300154344922228,-0.916709914111241,0.0284919544153651,0.309900676044529,0.611832234689114,0.852291622223167,0.0666158140087847,-0.426208552901818,0.474243537116339,-0.710704619582716,0.178459189952757,0.893137171643276,0.0412559901105851,-0.994492324687169,0.000490260873048399,5,25,2565,2565,22,0.478416530278233,13.6541963411496,0.0389527648882188,5.89840542586225e-05,-0.0146303257140568,0.0791403241996824,0.884622216139114,0.00121840310809638,2.86897438355938e-05,-0.00431466743574122,5,-1.61459206495959,2565,0.392825819687015
3664,10946,170,0.903941142622843,0.0352193458636751,-0.911429362457452,0.0312185639280088,0.774065596569689,0.124454937942545,0.827754556588762,0.0835610317356625,-0.810794129145637,0.0959420893227409,-0.66015617649383,0.225304596165816,0.884418997489232,0.0463433227572425,-0.994048876326843,0.000550610210009259,5,30,1857,1857,21,0.548191148469792,12.9794790063705,0.0558435398644364,0.000249215024701152,-0.0333242017305985,0.051760319971565,0.877175212172628,0.000492424869783582,2.50254304010127e-05,-0.00254788234700892,5,-0.969998602790181,1857,0.414529799331068
3664,10947,170,0.899168209590731,0.037848618668711,-0.920865598419737,0.0264033123529221,0.615935827757538,0.268647827976372,0.935113958136496,0.0196466307016256,-0.65673466326666,0.228583346365438,-0.816114646526575,0.0920020065448349,0.876806171999296,0.0509359809962702,-0.98213207595774,0.00285941757089556,5,37,1625,1625,20,0.33716050099696,12.4140300127698,0.0174466826590708,0.000125019838157413,-0.0150872143238643,0.0801647100236027,0.881474073569132,0.00118963216263008,4.95630384509789e-05,-0.00489576101977876,5,-1.06458485850162,1625,0.418479391400694
3664,10948,170,0.991237961241407,0.000983263670542023,-0.921058519545313,0.0263076002013393,0.959926730060568,0.00957167935664205,0.972066499950505,0.00558076558900567,-0.893341828918615,0.0411388392817717,-0.862840274319764,0.0597077341272222,0.858721471936606,0.0623768877421043,-0.965613429858365,0.00761490176622851,5,51,871,871,18,0.296687808315715,11.438984290863,0.0186900356137204,0.000379955200327957,-0.0212415118137427,0.154933341402119,0.854566472645891,0.00445647090029914,0.000187880088997234,-0.0100181754948289,5,-1.2636270654673,871,0.339968363849272
3664,10949,170,0.989869638924616,0.00122210975371262,-0.868653388331919,0.0560035050108583,0.926589474713933,0.0236118711826221,0.974237964575349,0.00494445837064883,-0.87865800242859,0.0498062287316084,-0.785958643985761,0.114979540592924,0.820251833673874,0.0889733625046496,-0.988326766268352,0.00151132798471316,5,68,444,444,17,0.348141486810553,10.4198522681389,0.0224794750473256,0.00087326393849472,-0.0229126668657786,0.052788719033161,0.860154273648071,0.000523543168925324,0.000140122016655832,-0.00312779753378271,5,-1.30079253069579,444,0.24803568620537
3664,10950,170,0.995700051005427,0.000338258328762553,-0.923036995644943,0.0253325338601092,0.936984891905054,0.0188084361242273,0.858166254424877,0.0627394747746037,-0.931066200083386,0.0215000694697777,-0.72836861183212,0.162841438645539,0.833992205326218,0.0791416773529592,-0.950964040892273,0.0129385446850485,5,82,159,159,13,0.59731543624161,8.32127714620524,0.0892559805183619,0.0045143142112341,-0.0483795598776423,0.173159191615567,0.815437702623576,0.00586073625651496,0.00105946851477659,-0.00969817464247659,5,-0.503174160730755,159,0.353006232148684
3664,10951,170,0.978110979823548,0.00387473712272879,-0.918103313878771,0.0277859389776253,0.944878668564641,0.0154059907110915,-0.816175665998727,0.0919571122265851,-0.888791502648515,0.0437683663417974,0.679224368352613,0.207275388638588,0.793064332068109,0.109427006134592,-0.914109861016046,0.0298244885376061,5,86,93,93,12,0.467032967032967,7.77222432739674,0.0619922853929335,0.00601783895933129,-0.038488537324744,0.2181975208291,0.829510600806773,0.0090977484771921,-0.00199134404032557,0.0112678981042535,5,-0.770262747674589,93,0.0671216158094251
3664,10952,170,0.905707760838849,0.0342616198653984,-0.90638991310463,0.03389407591882,0.922428273360868,0.025631269141386,0.998268849401809,0.00173115059819051,-0.829604822399623,0.0822424202370192,-0.789353038960614,0.210646961039386,0.791822544115487,0.110391386419304,-0.908057389707688,0.0330010013751126,5,122,50,50,11,1.47916666666667,7.08235507246377,0.382051952058391,0.0272368971550281,-0.0891856884057972,0.097262854609929,0.813823563894028,0.00231559614252897,0.00359382694529204,-0.00809116416876524,4,-1.51644736842105,50,-0.366560607518036
3664,10953,170,0.901302802719743,0.0366652647655257,-0.906133133307856,0.0340322800799237,0.951457422504507,0.0127447210059959,0.998352323785125,0.00164767621487516,-0.854351962920722,0.0652480652371165,-0.793039765128609,0.206960234871391,0.786393673161542,0.114637231301526,-0.90628871958559,0.0339485188595966,5,123,49,49,10,1.61702127659574,6.16673758865248,0.459261911149115,0.0315831699813506,-0.100700059101655,0.0921802113881945,0.825575678250014,0.00206493513259541,0.00352556502623461,-0.00767638044189013,4,-1.57764427669553,49,0.533221561170145
3664,10954,170,0.99279455359154,0.00720544640845966,-0.843436195206617,0.156563804793383,0.96728625553887,0.0327137444611296,0.40542653879733,0.59457346120267,-0.949775076997543,0.0502249230024568,0.140289999620588,0.859710000379412,0.872047755684869,0.12795224431513,-0.99451225046104,0.00548774953896016,4,128,26,26,9,0.384615384615385,5.7309364548495,0.0272619247361141,0.0153444816053512,-0.0334046822742477,0.0173630717108978,0.827611524948481,6.48191050528038e-05,0.000313604752735188,0.000240594972660196,4,-1.53039134995141,26,-0.170583483404503
3664,10961,170,0.995822446587322,0.00417755341267823,-0.857991978250253,0.142008021749747,-0.98071659178067,0.01928340821933,-0.997675168258671,0.0434185242742245,0.741376705295982,0.258623294704018,0.992576478833298,0.0776191940494524,0.854606963214802,0.145393036785197,-0.998491068247264,0.00150893175273637,4,129,19,19,8,1.625,5.8093932748538,0.631922135229643,-0.0925222386953299,0.125539108187135,0.0153794037940379,0.725302885381795,6.00193170211254e-05,-0.00505995080959204,0.00211466802168018,3,-1.05972858322966,19,-0.311498389064088
3664,10962,170,0.983748192689883,0.0162518073101174,-0.87352145002941,0.12647854997059,-0.983976301316575,0.0160236986834247,-0.609529136676145,0.58271706373897,0.773136542270735,0.226863457729265,0.748363980881457,0.461679345415293,0.862391290654421,0.137608709345579,-0.998160974152316,0.00183902584768371,4,138,16,16,7,1.06666666666667,5.23333333333333,0.262222222222222,-0.0725388601036269,0.0843333333333335,0.00319940476190472,0.793053647741148,2.84384677091576e-06,-0.000672913396127573,0.000347055288461485,3,-1.33064637914078,16,-0.174145031064589
3664,10964,170,0.971702711307771,0.0282972886922292,-0.887329493467099,0.112670506532901,-0.990645741793684,0.00935425820631583,0.937003139176977,0.22717540258605,0.858874310552819,0.141125689447181,-0.854103364819037,0.348213120909727,0.852769711175033,0.147230288824967,-0.996957095612623,0.00304290438737665,4,142,14,14,6,0.615384615384615,4.58966033966034,0.0794419533180771,-0.0468079929438243,0.0515659340659342,0.0122793872793873,0.835999318142175,4.89580982429967e-05,0.00429205148592907,-0.00164344583987443,3,-1.72888888888889,14,0.83511831579491
3664,10965,170,0.986927542439653,0.0130724575603467,-0.866400225443962,0.133599774556038,-0.952412043687665,0.0475879563123349,-0.565769518297469,0.617158387658387,0.673010220816368,0.326989779183632,0.565769518297469,0.617158387658387,0.800347579300514,0.199652420699486,-0.992552959757035,0.00744704024296486,4,144,12,12,5,0.2,3.86287878787879,0.00854224058769513,-0.017375049193231,0.01325,0.0126651126651126,0.843809893809894,4.03447742220078e-05,-0.00359362859362843,0.000988247863247824,3,-1.28431496242591,12,9.99992443561841
3664,10969,170,0.999493121628373,0.000506878371627106,-0.843661487732106,0.156338512267894,0.964208851210044,0.0357911487899556,NA,NA,-0.698430295769577,0.301569704230423,0.866025403784438,0.333333333333333,0.793698175055792,0.206301824944208,-0.994523739325094,0.00547626067490602,4,146,8,8,4,0.142857142857143,3.09821428571429,0.00435799319727891,0.0189075630252101,-0.0098214285714286,0.00744047619047616,0.768849206349206,1.84535619803476e-05,-0.00744047619047602,0.00102306547619044,3,-0.942809041582063,8,9.99995434071618
3664,10979,170,0.965034398728085,0.00780736280643102,-0.800661977771525,0.103582697149352,0.987791106676312,0.00161640940224173,-0.324357982945393,0.675642017054607,-0.802848916619952,0.101918538858406,-0.430434993307441,0.569565006692559,0.800260868283276,0.103888807755289,-0.995086228441159,0.000413176810239096,5,130,23,23,8,1.3,4.9750974025974,0.306022774709057,0.0628881052722112,-0.0772455357142858,0.0247186147186148,0.735770925894281,0.00011032883483773,-0.00129545008468597,-0.000963075657894757,4,-0.339956872371427,23,1.20743191362075
3664,10984,170,0.947894653167889,0.014165552577734,-0.785825277985743,0.115084543015802,0.95438340267798,0.0116151286002668,0.953040495282381,0.0469595047176186,-0.770521348455571,0.127321678554863,-0.730575312838289,0.269424687161711,0.799982054761815,0.104101748087309,-0.987203773846163,0.00173428856522039,5,140,18,18,7,1.75,4.33888888888889,0.566126543209876,0.104967948717949,-0.100833333333334,0.0548524460289166,0.775897454941573,0.000680957208336319,0.00988223306334761,-0.00406100217864924,4,-0.253378611587587,18,4.85721811560174
3664,10990,170,0.979850183945854,0.00342313066766287,-0.656392461740528,0.228911985510122,0.938803930240035,0.0180049502727297,0.348426704053551,0.651573295946449,-0.851664862799592,0.0670336363081729,0.945630200199665,0.0543697998003347,0.707106781186547,0.181690113816209,-0.979850183945854,0.00342313066766284,5,146,12,12,6,2.4,3.73666666666667,1.00505555555556,0.217065602836879,-0.1485,0.0851851851851851,0.723821548821549,0.00183537583088649,0.0149270482603816,0.00862962962962966,4,0.305287982871732,12,0.880966232314507
3664,10991,170,NA,NA,-0.774596669241482,0.225403330758518,NA,NA,NA,NA,-0.774596669241482,0.225403330758518,0.774596669241482,0.225403330758518,NA,NA,NA,NA,4,151,9,9,5,0.26984126984127,3.48809523809524,0.0182035777273872,0.134920634920635,-0.0222619047619049,0.0415622389306599,0.780858395989975,0.000431854926232316,-0.0207811194653299,0.00342888471177945,4,-0.433983894064839,9,0.961740159427621
3664,11001,170,0.962541043881641,0.00865390216605699,-0.930329269204292,0.0218432851995566,-0.296626347590551,0.627937549059357,-0.951884195347231,0.0481158046527686,0.200264858805727,0.746729671923067,0.70062510789425,0.29937489210575,0.845920898315711,0.0709003718857919,-0.965483747505803,0.00765786889501638,5,93,43,43,9,1.22222222222222,6.40664072736199,0.187231936793323,-0.00705801523891747,0.0150715321106702,0.0145531974800268,0.768069878265781,4.35592899649887e-05,-0.000545435754331789,0.000984995875161938,4,0.201204033084216,43,0.54335983532826
3664,11002,170,0.964901281354015,0.0350987186459846,-0.913500278391139,0.0864997216088611,-0.720476940682649,0.27952305931735,0.950538621217123,0.049461378782877,0.485838708491865,0.514161291508135,-0.756226724420431,0.243773275579568,0.774596669241483,0.225403330758517,-0.964901281354015,0.0350987186459846,4,148,10,10,6,0.333333333333333,4.16458333333333,0.0194618055555555,-0.0323275862068965,0.0144375,0.215909090909091,0.70748556998557,0.00979223668347045,0.030253271632582,-0.0159404761904762,4,-0.43664817153961,10,-0.807506875637172
3664,11003,170,0.981391804114084,0.0186081958859161,-0.93267331798025,0.0673266820197503,0.634264546027575,0.365735453972425,0.936405905534074,0.0635940944659263,-0.496717829849713,0.503282170150287,-0.800853735882514,0.199146264117486,0.774596669241483,0.225403330758517,-0.950586375786717,0.0494136242132832,4,149,9,9,5,0.238095238095238,3.45882936507937,0.0149370512093726,0.0294750430292598,-0.0129315476190476,0.159297052154195,0.685752078609221,0.0047477502800902,0.0245335081823894,-0.0117545351473923,4,-0.227705624594079,9,1.68758627973623
3664,11011,170,0.92776907290794,0.0230492300222953,-0.920216916808414,0.0267259566868054,0.0880534832079424,0.888031868771141,-0.993632678773143,0.00636732122685713,-0.174163413559738,0.779374473509105,0.815232932703722,0.184767067296278,0.843214724182571,0.072745311003344,-0.971191567842223,0.00584423470285085,5,106,33,33,8,1.13333333333333,5.64693181818182,0.199696689910468,0.00282726920730276,-0.013536458333333,0.0422910066244239,0.813142330294092,0.000388323096429247,-0.00232377086800869,0.0034220523216934,4,-0.359486365457465,33,1.20633733091445
3664,11012,170,0.896677459579846,0.0392444753983545,-0.906116966716343,0.0340409872922956,0.147608808395748,0.812743365145454,-0.994455846632204,0.00554415336779643,-0.269241794693289,0.661378718089459,0.87313975683439,0.12686024316561,0.850109158727008,0.068074237273319,-0.982084333226472,0.00287086500066134,5,113,18,18,7,1.11111111111111,4.69803921568627,0.208624887863642,0.008985476961655,-0.0213888888888886,0.0571895424836601,0.75499871001032,0.000738495681827383,-0.00619987145365995,0.00505435873179683,4,-0.414746657395525,18,0.563468099827131
3664,11017,170,NA,NA,-0.829288428862728,0.170711571137272,0.997811612739499,0.00218838726050063,-0.99901700581795,0.000982994182050046,-0.797009085469887,0.202990914530113,0.808049329053862,0.191950670946138,0.774596669241483,0.225403330758517,-0.994134846772434,0.00586515322756585,4,120,13,13,6,1.30769230769231,3.96634615384615,0.415772928994083,0.147604588394062,-0.109471153846154,0.223333333333333,0.699545454545455,0.0119718702173248,-0.025077086656034,0.0188333333333334,4,-0.491054880233237,13,0.810178668731438
3664,11019,170,0.994134846772434,0.00586515322756576,-0.829288428862728,0.170711571137272,0.997367811101283,0.00263218889871686,-0.997451299474013,0.00254870052598732,-0.79369817505579,0.20630182494421,0.794300805073316,0.205699194926684,0.774596669241483,0.225403330758517,-0.994134846772434,0.00586515322756574,4,137,11,11,5,0.727272727272727,3.53863636363636,0.129111570247934,0.0822169059011164,-0.0607500000000001,0.245179063360882,0.818487909397,0.0146629590934903,-0.0277093100059607,0.0204882154882155,4,-0.97324759663394,11,9.99994068451945
3664,11022,170,0.990147542976674,0.00985245702332582,-0.843661487732106,0.156338512267894,0.964208851210044,0.0357911487899556,NA,NA,-0.698430295769577,0.301569704230423,0.866025403784438,0.333333333333333,0.774596669241483,0.225403330758517,-0.990147542976674,0.00985245702332571,4,145,8,8,4,0.142857142857143,3.09821428571429,0.00435799319727891,0.0189075630252101,-0.0098214285714286,0.000952380952380927,0.78031746031746,3.02343159486e-07,-0.000952380952380683,0.000130952380952311,3,-1.10677583142242,8,9.99995434071618
3664,11029,170,0.979795897113271,0.020204102886729,-0.885437744847145,0.114562255152855,0.947615038304856,0.0523849616951444,-0.948853199042438,0.051146800957562,-0.70818602694257,0.291813973057429,0.718674735044773,0.281325264955226,0.774596669241483,0.225403330758517,-0.979795897113271,0.0202041028867288,4,125,15,15,7,0.952380952380952,4.47783882783883,0.190364958606717,0.101274725274725,-0.0658186813186814,0.157330077330077,0.745718355718356,0.00504809443911329,-0.0165134717134717,0.0108768823768824,4,0.114048109544631,15,0.410493996827418
3664,11031,170,0.992523259604837,0.007476740395163,-0.835657838081093,0.164342161918907,0.999780186752738,0.00021981324726239,-0.999672824857038,0.000327175142962294,-0.826058611274524,0.173941388725476,0.846871169418824,0.153128830581176,0.774596669241483,0.225403330758517,-0.992523259604837,0.00747674039516287,4,131,13,13,6,0.8,3.77916666666667,0.150625,0.100465549348231,-0.0682916666666668,0.154240631163708,0.784981471519933,0.00548626216199767,-0.0191716844488654,0.0133617685733071,4,-0.0893912287340073,13,9.99993220001081
3664,11036,170,0.986440050415621,0.013559949584379,-0.853986492453439,0.146013507546561,0.997848915264334,0.00215108473566605,-0.999443387797599,0.000556612202401346,-0.825064058869053,0.174935941130947,0.83972774322439,0.16027225677561,0.774596669241483,0.225403330758517,-0.986440050415621,0.0135599495843788,4,151,8,8,5,0.875,3.13392857142857,0.180378401360544,0.147546897546898,-0.0746428571428573,0.182330827067669,0.816729323308271,0.00771783782765183,-0.03056884635832,0.0157142857142858,4,-0.279350827135426,8,0.299045240986007
3664,11043,170,0.881771955283642,0.0479246443328236,-0.927446328618231,0.0232027355787906,0.388834427207889,0.517695422626797,0.893199098621102,0.0412205304151816,-0.574882025789681,0.310636721174011,-0.754003536510331,0.140933576757438,0.882035745683321,0.0477663061474685,-0.982988930244462,0.00265656235538963,5,107,66,66,10,0.672413793103448,6.76515889114266,0.0766048636283218,0.00467603653336632,-0.0276738505747125,0.305981948334889,0.798893537642071,0.0175967625618287,0.0051481320334539,-0.0173961225854614,5,0.153241508137182,66,0.673364148159962
3664,11044,170,0.942809041582063,0.0571909584179364,-0.912870929175276,0.0871290708247238,0.97385632548202,0.0261436745179799,0.971082124206097,0.0289178757939035,-0.939937714225919,0.0600622857740813,-0.829858916962008,0.170141083037992,0.849519725319613,0.150480274680387,-0.98281423968981,0.0171857603101898,4,108,46,46,9,0.848837209302325,6.01235465116279,0.164235031323238,0.0253699788583509,-0.0811409883720932,0.111527881970493,0.762859268604594,0.00287790808545339,0.00334878091817327,-0.00948311557656123,4,0.00649543492372066,46,0.610482722947769
3664,11045,170,0.870388279778489,0.129611720221511,-0.943879807448538,0.0561201925514615,0.955572500200824,0.044427499799176,0.764388182962486,0.235611817037514,-0.938482060332281,0.0615179396677189,-0.668611089727966,0.331388910272034,0.90720711915294,0.0927928808470599,-0.980830822667353,0.0191691773326469,4,117,23,23,8,1.38095238095238,5.07440476190476,0.516853269085412,0.0797258297258297,-0.143720238095239,0.501715265866209,0.646677693375807,0.0508148815644088,0.0199968318321663,-0.0321053459119497,4,0.73022355364755,23,-0.676794852774889
3664,11051,170,NA,NA,-0.810884854079383,0.397972507160484,0.987646079916047,0.100171836038813,-0.994774497466171,0.0651101132606974,-0.892569603966722,0.297800671121671,0.86639504175937,0.332862393899786,0.866025403784439,0.333333333333333,-0.99484975116711,0.06463917382715,3,121,17,17,7,1.26666666666667,4.81805555555556,0.503478009259259,0.142066210045662,-0.174166666666667,0.142274052478134,0.650574991901522,0.00674154590569626,-0.0165578364418174,0.0195626822157434,3,1.03891158339221,17,-0.584312286649692
3664,11053,170,NA,NA,-0.810884854079383,0.397972507160484,0.975515265636431,0.141166925429887,-0.971557318610943,0.152200182825022,-0.919735864612056,0.256805581730597,0.92640047295113,0.245772324335461,0.866025403784439,0.333333333333333,-0.99484975116711,0.06463917382715,3,133,15,15,6,0.969230769230769,4.4040293040293,0.277631123455299,0.104199909679362,-0.133269230769231,0.0866250866250866,0.662739662739663,0.00218589771604325,-0.00920836537274893,0.0119109494109494,3,0.762963556365415,15,-0.142194592055557
3664,11054,170,NA,NA,-0.810884854079383,0.397972507160484,0.932092549207239,0.235962326731197,0.963338034823731,0.172917457495785,-0.967793074670035,0.162010180429287,-0.624151040548182,0.57088996465627,0.866025403784439,0.333333333333333,-0.99484975116711,0.0646391738271506,3,138,14,14,5,0.583333333333333,3.83547008547009,0.0908256629410475,0.0569459079733053,-0.0802083333333336,0.0645032051282052,0.644449300699301,0.00106406874224018,0.00637034198678036,-0.00559895833333341,3,0.420689655172413,14,9.99992613043379
3664,11060,170,0.99124070716193,0.084323216321943,-0.924473451641905,0.24901011701139,0.998484855423034,0.0350491111611766,NA,NA,-0.902093814779984,0.284059228172567,NA,NA,0.866025403784439,0.333333333333333,-0.99124070716193,0.0843232163219436,3,157,8,8,4,1.25,2.79761904761905,0.480017006802721,0.182724252491694,-0.171875000000001,0.00732600732600741,0.860805860805861,2.68351916703571e-05,-0.00732600732600764,0.0020146520146521,2,-1.71299107555051,8,9.99993770741043
3664,11067,170,0.99145739820804,0.00854260179195965,-0.839419560983683,0.160580439016317,0.959122288365317,0.0408777116346835,0.990351727151448,0.00964827284855163,-0.651306204860293,0.348693795139707,-0.762763154842149,0.237236845157851,0.774596669241483,0.225403330758517,-0.99145739820804,0.00854260179195974,4,128,23,23,6,0.478571428571429,4.90535714285714,0.051492206386687,0.0301093643198907,-0.031482142857143,0.165945165945166,0.749677765843179,0.0066955468243271,0.0112108706489395,-0.0132950829454589,4,-0.881917103688197,23,3.40740946040933
3664,11068,170,0.950586375786717,0.0494136242132832,-0.93267331798025,0.0673266820197503,0.92307906478675,0.0769209352132503,-0.886573087855981,0.113426912144019,-0.73352585910195,0.26647414089805,0.735660025285584,0.264339974714416,0.774596669241483,0.225403330758517,-0.950586375786717,0.0494136242132833,4,145,12,12,5,0.606060606060606,4.07651515151515,0.0766169268441996,0.0971522453450165,-0.0432500000000001,0.0543030303030303,0.771272727272727,0.000516094276094276,-0.00765826944140195,0.00355999999999999,4,-0.32173912468835,12,0.593319488045817
3664,11069,170,0.980196058819607,0.0198039411803932,-0.867721831274624,0.132278168725376,0.994790003106488,0.00520999689351176,0.643369489892583,0.356630510107417,-0.824106754894592,0.175893245105408,-0.264688500003241,0.735311499996759,0.774596669241483,0.225403330758517,-0.980196058819607,0.0198039411803932,4,150,9,9,4,0.416666666666667,3.55208333333333,0.040943287037037,0.0845588235294117,-0.0355208333333333,0.0392857142857143,0.793849206349206,0.000258067733266146,0.00434173669467787,-0.000905753968253968,4,-0.591095061901378,9,0.430657147992737
3664,11070,170,0.980196058819607,0.0198039411803932,-0.867721831274624,0.132278168725376,NA,NA,0.95806691025951,0.0419330897404899,NA,NA,-0.721450744128541,0.278549255871458,0.774596669241483,0.225403330758517,-0.980196058819607,0.0198039411803931,4,152,8,8,3,0,3,0,0,0,0.224867724867725,0.769510582010582,0.0112446984966826,0.0426781823840647,-0.0162962962962963,4,-0.349188533919283,8,9.99992597220677
3664,11079,170,0.996110770356284,0.00388922964371607,-0.770674635588451,0.229325364411549,0.977009683584096,0.0229903164159035,0.0114617915721175,0.992703037082241,-0.633458879045145,0.366541120954855,-0.99993431150949,0.00729696291775333,0.774596669241483,0.225403330758517,-0.994936676326182,0.00506332367381812,4,131,11,11,5,0.9,3.60454545454545,0.169173553719008,0.0856749311294766,-0.0555000000000001,0.0495726495726496,0.737201070534404,0.000614442617377955,0.000492100492100473,-0.00681623931623937,3,-1.03923048454133,11,3.42731733909819
3664,11080,170,0.990147542976674,0.00985245702332582,-0.690268489962632,0.309731510037368,0.998347802968316,0.0016521970316834,NA,NA,-0.726522574698398,0.273477425301601,-0.866025403784438,0.333333333333333,0.774596669241483,0.225403330758517,-0.990147542976674,0.00985245702332571,4,141,8,8,4,1.25,2.91071428571429,0.371173469387755,0.180672268907563,-0.0942857142857146,0.0389983579638753,0.760536398467433,0.000506957307959519,-0.0389983579638755,-0.00536227422003289,3,-1.66605981320666,8,6.43190161793014
3664,11089,170,0.951746771892723,0.0126314962412892,-0.468164588784525,0.426467916179936,-0.847013955606642,0.0701593622343465,0.86622032657636,0.057544835826961,0.831176292878973,0.081127579631437,-0.830839045354238,0.0813664363423305,0.707106781186548,0.181690113816209,-0.951746771892723,0.0126314962412893,5,115,20,20,7,0.774509803921569,5.31036119711042,0.0931415554000644,-0.0478377652430835,0.0441191950464398,0.180606060606061,0.775406573474685,0.00559762236744398,0.0119933012640507,-0.0108113863089096,5,0.654756208094787,20,0.303897233297003
3664,11092,170,0.966125969362429,0.00744586396819291,-0.386024323488981,0.520993917371974,-0.721675227181188,0.168710905383716,0.776537822943309,0.122466858986347,0.881899569663029,0.0478480240743482,-0.861785345653701,0.0603878861434041,0.707106781186547,0.181690113816209,-0.91813958392311,0.0277676377033586,5,116,17,17,6,0.371794871794871,4.60855419090713,0.0185858285767027,-0.0218365860933233,0.0209109028226676,0.135232668566002,0.749522811973792,0.00290034928073479,0.00928196113891082,-0.00807210765360278,5,0.192376798064227,17,2.06948762805451
3664,11093,170,0.989810043940345,0.00123289869860921,-0.58966189416079,0.295337863082781,-0.771291656022127,0.126696968616577,0.959471232265511,0.00973466467754935,0.927814338002368,0.0230277271168626,-0.775193297523219,0.123546895079444,0.707106781186548,0.181690113816209,-0.985527456652575,0.00208548031497522,5,118,9,9,5,0.375,3.76111111111111,0.0236689814814815,-0.0402298850574712,0.0248263888888888,0.375686813186813,0.593437118437118,0.0258581198957229,0.052308323860048,-0.0216805937118438,5,0.302373668533281,9,-0.456136472548697
3664,11094,170,0.979957887012223,0.00339577706385885,-0.566946709513844,0.318931791912772,0.581914373962646,0.303332599837868,0.941838379009628,0.016690256772729,0.28867513459481,0.637618091400606,-0.789597144812735,0.112126006777716,0.707106781186547,0.181690113816209,-0.979957887012223,0.00339577706385897,5,131,8,8,4,0.125,3.05,0.0046875,0.0158730158730159,0.00343749999999998,0.36019536019536,0.681074481074481,0.0233892176199869,0.0573870573870574,-0.0210027472527473,5,0.19691581248233,8,9.99995434071618
3664,11101,170,0.6875,0.199582718999791,-3.51032578138846e-15,0.999999999999996,-0.439388029104872,0.459116119290096,0.450141801680302,0.446852892555217,0.757317246446104,0.138170196049284,-0.85513719163576,0.0647291285557641,0.707106781186547,0.181690113816209,-0.6875,0.199582718999791,5,148,8,8,5,0.55,3.44,0.0414375,-0.05,0.0268125000000001,0.186363636363636,0.752900432900433,0.00479653562526939,0.0174276244588745,-0.0103005952380953,5,-0.64409726603131,8,1.07793151846921
3664,11108,170,0.979664052475756,0.00347057361506842,-0.817261791916583,0.091159130412288,0.929500515397591,0.0222313613259955,0.795140025467195,0.107820722576947,-0.874953702883636,0.0520740889581158,-0.393808885748585,0.511866839328719,0.820470333183798,0.0888142737205739,-0.998491871047575,7.02899611686976e-05,5,75,285,285,16,0.590972222222222,9.89422055470736,0.0642690659876466,0.00237887629871663,-0.0385788037711253,0.0518550766398638,0.825987632583213,0.000367818048460717,0.00015395059208223,-0.00131360477533583,5,-1.17131418087735,285,0.160549497401106
3664,11109,170,0.963619266999828,0.00828431770678772,-0.836971207652398,0.0770573720758671,-0.80960564691101,0.0968290698703313,0.89668168018531,0.0392420965050642,0.481696895468525,0.411305425924385,-0.603076852726892,0.281627455682558,0.813747478958645,0.0937487738491187,-0.996874739694897,0.00020963290571665,5,76,243,243,15,1.34244670991659,9.53558100945751,0.254014452954845,-0.00444433704658912,0.0422246200876828,0.0660743853258593,0.781420359702427,0.00069832698204967,0.000258090460733614,-0.00277181831807915,5,-1.7200252208891,243,0.400243800008853
3664,11110,170,0.985753321083858,0.00203692033867897,-0.799873771378509,0.104184483748303,-0.956867770062997,0.0106833338195739,-0.987359593145647,0.00170274758344034,0.767851798698568,0.129493703039982,0.702880858434631,0.185506104950516,0.731280036645192,0.160307248962801,-0.99200636432869,0.00085689766435948,5,94,55,55,13,1.02,7.30461344537815,0.160137231716216,-0.0184484650406124,0.0534424369747902,0.265899122807018,0.794640302719291,0.0132132064472978,-0.00546816502919341,0.0140523356967948,5,0.0770912558399996,55,-0.0102002892743898
3664,11111,170,0.976445116315765,0.00432429057658745,-0.819910518803998,0.0892220471601484,-0.932887238295163,0.0206595351814716,-0.735807761214467,0.264192238785533,0.702233225395641,0.186092907195399,0.281433207056065,0.718566792943935,0.707106781186548,0.181690113816209,-0.976445116315765,0.00432429057658746,5,124,20,20,8,1.16666666666667,5.14938596491228,0.236836680517082,-0.0619535920807605,0.0594385964912283,0.0188278667683702,0.785553050358206,7.05953845587808e-05,-0.00338620421471411,0.000503699839966501,4,-0.366964755473135,20,-0.182618088055529
3664,11112,170,NA,NA,-0.8,0.2,0.601257165577579,0.39874283442242,-0.688506399483066,0.311493600516934,-0.149911304018003,0.850088695981997,0.364846224105305,0.635153775894695,NA,NA,NA,NA,4,138,10,10,7,0.375,4.28323412698413,0.0252513621189216,0.0740079365079365,-0.00507440476190476,0.0805059523809524,0.731423611111111,0.0010865235851285,-0.0175793650793651,0.00256175595238096,4,0.0775154981893411,10,-1.45369459631933
3664,11113,170,NA,NA,-0.8,0.2,0.18341345745467,0.81658654254533,-0.332209235652073,0.667790764347927,0.256117891040305,0.743882108959695,0.0252620269138541,0.974737973086146,NA,NA,NA,NA,4,139,9,9,6,0.317460317460317,3.7296626984127,0.024030966553288,0.0220238095238095,0.00845734126984126,0.0841013824884793,0.668029953917051,0.00133246647601115,-0.00939324116743471,0.000196428571428586,4,0.361368826230804,9,-1.03491775752901
3664,11121,170,0.989070710093681,0.00136933123688099,-0.792629087004269,0.109764729762179,-0.988062185071622,0.00156293857988689,0.580668339858028,0.419331660141972,0.762758571561473,0.133667795588245,-0.776819291478316,0.223180708521684,0.707106781186547,0.181690113816209,-0.989070710093681,0.00136933123688105,5,136,10,10,5,1.55555555555556,3.87222222222222,0.404841820987654,-0.185386473429952,0.0844097222222225,0.027077497665733,0.782008636788049,0.000182774407874988,0.0135971055088703,-0.0022371031746032,4,-0.38451292473922,10,9.99994324587987
3664,11130,170,0.99019890117234,0.00116307171736896,-0.785900098821387,0.115025631136484,-0.968156155844465,0.00678870157098364,-0.64623907788732,0.35376092211268,0.760551868743869,0.135488404851871,0.0825883740179486,0.917411625982052,0.739064313508054,0.153588687509284,-0.994949109771435,0.00043058256751428,5,95,35,35,12,1.375,7.03055555555556,0.30414737654321,-0.0396104690270898,0.0729513888888891,0.0195313696657783,0.53739628327666,0.000113649858335978,-0.00275573629874705,0.000187547674846057,4,0.40723610176737,35,-0.208094875332268
3664,11133,170,0.984014656590187,0.00242031959181177,-0.793345974283633,0.10920863626967,-0.946509791154923,0.0147309146733284,0.154210334328746,0.845789665671254,0.837939271664297,0.0763837615336334,-0.660621534706487,0.339378465293513,0.751469149302179,0.143057901501393,-0.99566115754865,0.000342856057128941,5,124,32,32,11,0.96551724137931,6.38936781609195,0.130212462016118,-0.0280940382312227,0.0525897988505748,0.0343756693082031,0.71023678766207,0.000268993929352588,0.0010116835991942,-0.0023079812966188,4,-0.371567625069785,32,0.177269886311123
3664,11138,170,0.981178621397836,0.00309087251475626,-0.760939804172681,0.13516781657703,-0.966409257782342,0.00735297086803384,0.953382366674807,0.0466176333251935,0.868693280677736,0.0559783431448015,-0.713621697199494,0.286378302800506,0.75250103687827,0.142191844462277,-0.992942266545567,0.00071100299819283,5,134,27,27,10,0.416666666666667,5.72106227106227,0.0264643628654618,-0.0148354910153664,0.0245787545787548,0.0111436711436711,0.801446864327299,2.91910717065805e-05,0.00217994409753007,-0.000821299171842669,4,-0.921303621047275,27,0.277978458951726
3664,11145,170,0.99813582172157,9.65925307165882e-05,-0.759703945176695,0.136189906553063,0.929931919920564,0.0220290738872859,0.314587747806879,0.685412252193121,-0.485476375509923,0.407093342858238,-0.907575960151708,0.0924240398482924,0.707106781186548,0.181690113816209,-0.98727143703637,0.00172056858636645,5,137,20,20,9,0.263157894736842,5.18859649122807,0.0127346875961835,0.0136275553977693,-0.00952850877192988,0.00877401465636762,0.737786273467388,1.40191603288645e-05,0.000832890306574519,-0.000723856209150323,4,-0.627581685732683,20,-0.15232947868818
3664,11149,170,0.990351497896315,0.00113604140160062,-0.739922991614368,0.152852715965873,0.99904542686319,3.53985502221654e-05,-0.990842624732707,0.00915737526729268,-0.712429087340528,0.176916479244158,0.284951144486793,0.715048855513207,0.707106781186548,0.181690113816209,-0.990351497896315,0.00113604140160051,5,145,16,16,8,0.866666666666666,4.65765567765568,0.137182546391338,0.0618433707819182,-0.045893772893773,0.0066373626373627,0.813,1.07972467093348e-05,-0.00340059940059943,0.000199450549450549,4,-0.921023104436942,16,-0.426988375616521
3664,11150,170,NA,NA,-0.404519917477943,0.595480082522057,-0.242603509895281,0.757396490104719,0.964370631432075,0.0356293685679252,0.930618508473848,0.0693814915261517,-0.617125992173612,0.382874007826388,NA,NA,NA,NA,4,146,11,11,7,0.0694444444444446,4.59513888888889,0.000835262345679015,-0.00732323232323259,0.00572916666666661,0.00942460317460325,0.677620701058201,1.99093429810199e-05,0.00449434824434828,-0.000586557539682542,4,0.147916184668416,11,-1.14327422734967
3664,11152,170,NA,NA,-0.774596669241482,0.225403330758518,0.333333333333333,0.666666666666667,-0.292031343683108,0.707968656316892,0.258198889747163,0.741801110252837,-0.297640139646121,0.702359860353879,NA,NA,NA,NA,4,151,9,9,6,0.375,4.09375,0.03515625,0.125,0.0103125000000002,0.0827067669172932,0.691416040100251,0.00166181431021162,-0.0238095238095238,-0.00258458646616545,4,-0.410057793740161,9,-1.29390088727842
3664,11153,170,NA,NA,-0.774596669241482,0.225403330758518,0.174077655955698,0.825922344044302,-0.118090385552847,0.881909614447153,0.404519917477947,0.595480082522053,-0.452417641495082,0.547582358504918,NA,NA,NA,NA,4,153,8,8,5,0.428571428571429,3.55357142857143,0.0420918367346939,0.071428571428572,0.0176785714285715,0.123249299719888,0.652380952380952,0.00342338242486537,-0.0138188608776845,-0.00563865546218491,4,-0.282842712474619,8,-0.380754042579203
3664,11164,170,0.949307253927653,0.0135963525130067,-0.845456754829009,0.07121575632326,-0.738132239426637,0.154388732333231,0.941329078623316,0.0169086447556657,0.394040548607354,0.511595726870671,-0.676906170720816,0.209444833333783,0.830430592602965,0.08165601385774,-0.99708538541143,0.000188805915804927,5,97,188,188,14,1.28152492668622,8.86706045560102,0.222613848562729,-0.00488772408394108,0.032335508389281,0.0777973552052181,0.868499682413081,0.00114773891705989,0.00044756843169401,-0.00398852865525366,5,-2.08239997158307,188,0.528946144757108
3664,11165,170,0.96795212322454,0.00685383971052222,-0.781632637021403,0.118400121194719,-0.948014355347952,0.0141170244950481,0.970065925590501,0.00618903474191757,0.716377329940183,0.173398883563162,-0.719966506581462,0.170218866884746,0.821180265382078,0.088297976972127,-0.996689109472539,0.000228578451750761,5,104,101,101,11,2.15168539325843,7.85773693396423,0.849737120338802,-0.0228574661628735,0.11485418350136,0.288229331104714,0.824634809046353,0.0162031135225948,0.00322976827132714,-0.015939482603133,5,-1.01384669100705,101,1.39898724776328
3664,11166,170,0.933007822647968,0.0206042614885851,-0.827668998587614,0.0836221614543732,-0.841881630947939,0.073659536929241,0.294976882829267,0.705023117170733,0.605389450868842,0.279281263947793,-0.904486584616004,0.0955134153839959,0.842361705787966,0.0733298972863998,-0.995711959603363,0.000336854708108359,5,108,65,65,10,1.625,6.87179852614016,0.414473304668814,-0.020559233230768,0.0677869073275866,0.00390973678333362,0.855906021618269,3.14237375044505e-06,4.77338295538715e-05,-0.000341538265030056,4,-0.756994890031968,65,2.41691427483424
3664,11167,170,NA,NA,-0.688846720193663,0.311153279806337,0.77728416514735,0.22271583485265,-0.85241498341473,0.14758501658527,-0.119597858210069,0.880402141789931,0.21138870193838,0.78861129806162,0.774596669241483,0.225403330758517,-0.889297291799887,0.110702708200112,4,130,22,22,7,0.118181818181818,4.74351604278075,0.00297565343590037,0.0205672643388907,-0.00138970588235299,0.00975856251591545,0.887220769587739,2.0135985210676e-05,-0.00185542349503832,0.000202058224605625,4,-0.220228464784344,22,8.18576267248173
3664,11173,170,0.816496580927726,0.183503419072274,-0.632455532033675,0.367544467966325,0.708917556958567,0.291082443041433,-0.71949895764587,0.28050104235413,0.0960768922830537,0.903923107716946,0.0515133456855133,0.948486654314487,0.774596669241483,0.225403330758517,-0.816496580927726,0.183503419072274,4,133,16,16,6,0.107142857142857,4.19345238095238,0.00230300453514738,0.0208333333333333,0.000982142857142801,0.0114030114030114,0.874615305865306,3.77701269841221e-05,-0.00270782145782145,6.74376299376291e-05,4,0.779261705600063,16,9.99992606159503
3664,11179,170,0.816496580927726,0.183503419072274,-0.632455532033675,0.367544467966325,0.894413558828863,0.105586441171137,-0.564384676868437,0.435615323131563,-0.317756722789253,0.682243277210747,-0.0679340379724142,0.932065962027586,NA,NA,NA,NA,4,134,10,10,5,0.225,3.49375,0.0105471965020576,0.1125,-0.00695138888888884,0.0289902998236331,0.802116402116402,0.0002101260981454,-0.0100198412698413,-0.000209766313932968,4,0.903249342651297,10,9.99994644256872
3664,11188,170,0.895784444353597,0.0397488441149383,-0.835569059897849,0.0780362662519615,-0.750606024144405,0.143783503465781,-0.471465168986421,0.528534831013579,0.560235429501703,0.32599044978553,-0.320701147981522,0.679298852018478,0.756751153935546,0.13864113019046,-0.933616637045828,0.0203259259082602,5,114,43,43,9,1.1304347826087,6.24684537430533,0.190133209698446,-0.0185981794063432,0.0424876048817698,0.00780591180371115,0.862525350563696,1.2060091490494e-05,-0.000181269272473717,-0.000237237934813169,4,-0.784635765607889,43,1.17124092485103
3664,11189,170,NA,NA,-0.705696796172045,0.294303203827955,0.95828160707971,0.04171839292029,-0.947650193247478,0.052349806752522,-0.871723089331126,0.128276910668874,0.888842112903374,0.111157887096626,0.774596669241483,0.225403330758517,-0.983934698056655,0.016065301943345,4,115,19,19,8,0.543859649122806,5.02730478156175,0.0622261748772194,0.052267709348365,-0.0463205194358447,0.0342636895268474,0.829201457297433,0.000252472069820036,-0.00329236888017246,0.00300842793257654,4,-0.318587213748655,19,0.0963576863776915
3664,11190,170,NA,NA,-0.705696796172045,0.294303203827955,0.5891059405327,0.4108940594673,-0.205454727185229,0.794545272814771,-0.921218646630195,0.0787813533698053,0.784915132607047,0.215084867392953,0.774596669241483,0.225403330758517,-0.983934698056655,0.0160653019433451,4,117,17,17,7,0.171428571428571,4.51357668067227,0.00868548430401567,0.0120045029964176,-0.0182880777310924,0.0148697214734951,0.808854249246869,4.24339612024784e-05,-0.000292635283084151,0.00108915028275463,4,-0.157000517569134,17,2.5607161179945
3664,11194,170,0.979795897113271,0.0202041028867288,-0.695701085237042,0.304298914762958,-0.933972570210047,0.0660274297899526,0.935095541920192,0.0649044580798082,0.483045891539646,0.516954108460354,-0.434480175408512,0.565519824591488,0.774596669241483,0.225403330758517,-0.979795897113271,0.0202041028867287,4,122,13,13,6,0.666666666666667,4.10606060606061,0.0803489439853076,-0.0648484848484848,0.0291666666666667,0.0820707070707071,0.76707702020202,0.00126495515976261,0.00814646464646465,-0.00329166666666668,4,0.396108779401078,13,9.99995008351559
3664,11199,170,0.986440050415621,0.013559949584379,-0.853986492453439,0.146013507546561,-0.941101164765955,0.0588988352340455,0.971626377969948,0.0283736220300521,0.663985499483273,0.336014500516727,-0.732033103212868,0.267966896787132,0.774596669241483,0.225403330758517,-0.986440050415621,0.0135599495843789,4,132,8,8,5,1.35714285714286,3.59821428571429,0.373405612244898,-0.20021645021645,0.0864285714285716,0.600250626566416,0.611998746867168,0.0817805596384445,0.0967380572643731,-0.044592731829574,4,-0.0889442492058553,8,1.07793151846921
3664,11207,170,0.963358844096415,0.00837309764376082,-0.810831655593833,0.0959141233366454,-0.841366686506233,0.0740136283513891,-0.946865108297336,0.0531348917026644,0.702478518557725,0.185870591874982,0.280118148173883,0.719881851826117,0.753839515797409,0.141070775680608,-0.944511679816051,0.0155592299337013,5,124,24,24,7,1,5.25942028985507,0.177074144087377,-0.0370533517469086,0.0514130434782611,0.0342982474362437,0.818352465115225,0.000217967241559211,-0.00310012665446673,0.000880937666618195,4,-0.500418678280465,24,1.788309420103
3664,11208,170,0.964901281354015,0.0350987186459846,-0.581318358976178,0.418681641023822,-0.268692999871045,0.731307000128955,-0.677843755866611,0.322156244133389,0.939336436627726,0.0606635633722745,-0.204067024043493,0.795932975956507,0.774596669241483,0.225403330758517,-0.964901281354016,0.0350987186459844,4,126,14,14,5,0.142857142857143,4.09065934065934,0.00461900736626014,-0.00587343690791971,0.0135989010989013,0.0440847031756123,0.642899713922441,0.000411435244390255,-0.00442223659308299,-0.000881722444222463,4,0.624413145539906,14,9.11574880465029
3664,11209,170,0.925820099772551,0.0741799002274486,-0.478091443733756,0.521908556266244,-0.577359079057241,0.422640920942759,-0.909251310008494,0.0907486899915055,0.992523500095144,0.00747649990485577,0.0694046484640752,0.930595351535925,0.774596669241483,0.225403330758517,-0.925820099772551,0.0741799002274487,4,154,10,10,4,0.225,3.47986111111111,0.00902970679012346,-0.0253968253968254,0.0200902777777778,0.0583333333333333,0.835875496031746,0.000672207287139394,-0.0109126984126984,0.000383308531746038,4,-0.612372435695794,10,9.99995169634625
3664,11221,170,0.953618160992782,0.011907237654126,-0.794429909506738,0.108369441733552,-0.791705132276081,0.110482701071128,-0.98136493959917,0.0186350604008303,0.591713525213063,0.293230064743289,0.388674479700937,0.611325520299063,0.727188222431698,0.163872158413653,-0.956905385302501,0.0106694226699176,5,130,10,10,6,1.14285714285714,4.25142857142857,0.196081632653061,-0.0927072927072927,0.0455714285714288,0.0530952380952381,0.73014880952381,0.000650485402494331,-0.0176984126984127,0.00211160714285715,4,-0.846079790381629,10,-1.13116052365469
3664,11222,170,0.931266147332835,0.0214072505968723,-0.799612738126059,0.104384012184031,-0.734280666751666,0.157707521796052,-0.892116804569164,0.107883195430836,0.615130757266377,0.269455679078901,0.138665979103122,0.861334020896878,0.730001392650534,0.161418799107666,-0.945173393913732,0.0152832838839431,5,135,9,9,5,0.666666666666667,3.56388888888889,0.0697916666666667,-0.0577064896755162,0.028263888888889,0.0352380952380953,0.744523809523809,0.00034671201814059,-0.0117460317460318,0.000549999999999983,4,-0.929446569523672,9,1.57227367409629
3664,11230,170,0.991056161741316,0.00101399605594965,-0.645207884195806,0.239724013318574,-0.959253277253632,0.00981297139400439,0.980048042840122,0.00337293583027343,0.821275261268626,0.0882289614011655,-0.771778361453116,0.126302728345494,0.72568114736693,0.165190871790121,-0.991974838060089,0.000861967877554681,5,108,36,36,10,2.72903225806452,6.66083857003212,1.21567500042804,-0.0846255530159541,0.157492607526882,0.347849462365591,0.682561039504251,0.021587442834036,0.0115214582707338,-0.0197222240287895,5,-0.317515667789989,36,0.123204743409476
3664,11231,170,0.982650334098797,0.00273613213862722,-0.580304860692453,0.305000368305506,-0.935679155195117,0.0193921689823974,0.973206801985864,0.00524345489067368,0.81531486586121,0.0925910536261656,-0.737210500775799,0.155181095924965,0.707106781186547,0.181690113816209,-0.982650334098797,0.00273613213862737,5,118,30,30,9,2.28,5.9725312899106,0.854137911983415,-0.0835205914870094,0.131054533844189,0.294551282051282,0.73092141599436,0.0164224585283535,0.0120455554143949,-0.0164313516084074,5,-0.583814280967189,30,0.418885640554957
3664,11232,170,0.956689206214921,0.0107494525314653,-0.488569918201842,0.403653222132534,-0.830452945748278,0.0816401581308402,0.912156559924005,0.0308383446001228,0.866446361897041,0.0574010908886748,-0.782901302952327,0.117393871549972,0.707106781186547,0.181690113816209,-0.956689206214921,0.0107494525314654,5,127,14,14,8,2.11363636363636,5.36298701298701,0.656942570416596,-0.159989727786338,0.122142857142857,0.505778717406624,0.575463606161281,0.0434863594892117,0.0452125787758425,-0.0283952849476106,5,-0.214007782101167,14,-1.29790056217318
3664,11233,170,0.946099833582532,0.0148996561569823,-0.459933105503903,0.43575173413331,-0.784918313086448,0.115799381998233,0.894332900213841,0.0405730277916772,0.884168356788711,0.0464923324543089,-0.786881243844335,0.114253943516908,0.707106781186547,0.181690113816209,-0.946099833582532,0.0148996561569822,5,135,13,13,7,1.75,4.63205128205128,0.439012163050625,-0.137529137529138,0.101891025641026,0.542539682539683,0.647429015429015,0.0496564803053781,0.0527010363374,-0.0304971916971918,5,-0.441109400043079,13,-0.792319095401823
3664,11234,170,0.825136997007035,0.0854374361479988,-0.218797487246845,0.723657353067015,-0.350335583619942,0.563239256117123,0.596742577637402,0.288080015029222,0.956264161923281,0.0109073743665413,-0.874072049463871,0.0526185308788749,0.707106781186547,0.181690113816209,-0.825136997007035,0.085437436147999,5,142,9,9,6,1.08333333333333,4.17222222222222,0.156018518518519,-0.0638297872340426,0.0656944444444445,0.396428571428571,0.567777777777778,0.022250283446712,0.0410587639311044,-0.0226765873015874,5,-0.0266119378336574,9,-1.63476927438757
3664,11235,170,0.738548945875997,0.154030903000936,-0.0870388279778523,0.889318807585348,0.113190760266127,0.856189387648317,0.407066537390474,0.496399298776868,0.951750012294223,0.0126302301157959,-0.89948120196574,0.0376743557875261,0.707106781186547,0.181690113816209,-0.738548945875996,0.154030903000936,5,147,8,8,5,0.55,3.52571428571429,0.0463864795918367,0.0134199134199135,0.0356517857142858,0.307246376811594,0.569109730848861,0.0127533745697397,0.0253058535667232,-0.0176671842650104,5,-0.0942809041582063,8,-1.2435822300144
3664,11245,170,0.991031208965115,0.0010182386748312,-0.637058989297035,0.247686410100061,-0.971374162864481,0.00578891957887384,-0.864021157660566,0.135978842339434,0.775697585654667,0.123141476693654,-0.918541133975024,0.0814588660249763,0.707106781186547,0.181690113816209,-0.991031208965115,0.00101823867483103,5,131,16,16,6,1.92857142857143,4.53190476190476,0.682300453514739,-0.129313543599258,0.111440476190477,0.0202122663661125,0.761121090448013,0.000121723876506959,-0.00995649649495805,-0.00215871254813564,4,-0.417879889391502,16,9.99992207529796
3664,11251,170,0.963086824686154,0.00846616206537165,-0.510753918455252,0.379187241785925,-0.905871563748009,0.0341732470933742,NA,NA,0.801289171295956,0.103104597164618,-0.894427190999916,0.105572809000084,0.707106781186548,0.181690113816209,-0.963086824686154,0.00846616206537172,5,142,10,10,5,1.625,3.79,0.4701875,-0.167210144927536,0.0955625000000003,0.0703231292517007,0.823256802721088,0.0016484475025838,-0.0351615646258503,-0.0077355442176871,4,-0.658300368372979,10,9.38162979965285
3664,11265,170,0.965778013825932,0.00756048536370058,-0.904815225623559,0.0347444291345431,0.702529246697468,0.185824625128922,0.847762125379472,0.0696535567925232,-0.870001589455926,0.0551551081226125,-0.585826504433529,0.299288732292802,0.869922294409042,0.0552048941872307,-0.995514716034867,0.000360351527370696,5,106,87,87,13,0.960084033613446,7.86259444318268,0.171843201010907,0.00867999055884764,-0.0627261904761903,0.11629199833395,0.809102353212064,0.00236361918622945,0.00122843287497509,-0.00495359457789143,5,-1.82783054333295,87,-0.06738538180431
3664,11266,170,0.870388279778489,0.129611720221511,-0.404519917477943,0.595480082522057,0.998656026272161,0.0013439737278389,-0.992293172233049,0.00770682776695129,-0.44845070324507,0.55154929675493,0.50773352808852,0.49226647191148,0.774596669241483,0.225403330758517,-0.870388279778489,0.129611720221511,4,113,11,11,6,0.161616161616162,4.21414141414141,0.00589327619630651,0.0800734618916437,-0.00733333333333341,0.0458355484671273,0.710244993797625,0.000468070024648815,-0.0224227925184863,0.00233991228070175,4,-0.570133390824755,11,-0.587800399937484
3664,11267,170,0.870388279778489,0.129611720221511,-0.404519917477943,0.595480082522057,0.997892793654681,0.00210720634531913,-0.960404705476812,0.0395952945231881,-0.45934578785703,0.54065421214297,0.62758149817716,0.37241850182284,0.774596669241483,0.225403330758517,-0.870388279778489,0.129611720221511,4,115,9,9,5,0.0634920634920633,3.75496031746032,0.000906767027798767,0.0313852813852812,-0.00294642857142861,0.0295815295815296,0.571735209235209,0.000196718698702826,-0.0140692640692641,0.00187499999999999,4,-0.0467609764791411,9,-0.456136472548697
3664,11268,170,0.870388279778489,0.129611720221511,-0.404519917477943,0.595480082522057,-0.997241374054808,0.00275862594519195,0.79320431592384,0.20679568407616,0.467099366496912,0.532900633503088,0.201687793635844,0.798312206364156,0.774596669241483,0.225403330758517,-0.870388279778489,0.129611720221511,4,140,8,8,4,0.0416666666666665,3.13988095238095,0.000389739229024941,-0.0205627705627705,0.00196428571428571,0.0214285714285715,0.793095238095238,0.000120408163265307,0.00909090909090912,0.000471428571428565,4,-1.00173460668094,8,9.99995434071618
3664,11276,170,0.893882357023193,0.040829937858029,-0.922334308667807,0.0256774835908678,0.937855887647576,0.018422288313606,0.870592415766044,0.0547845979526986,-0.962081793541961,0.0088129207081153,-0.642907619781124,0.241964466660538,0.850743227974832,0.0676495097832521,-0.980425497704538,0.00327786200199757,5,112,76,76,12,1.08918918918919,7.2194851994852,0.256531047870816,0.0162995462536261,-0.0847509652509651,0.0724446916326783,0.846613238360095,0.000778970397712318,0.000833767177381911,-0.00312084169486788,5,-1.80119109332152,76,0.0529106989390529
3664,11277,170,0.841052497845893,0.0742299322517606,-0.950213309633322,0.0132352939269786,-0.366178858785079,0.544406208180721,0.291610191563583,0.708389808436417,0.186937707302494,0.763377153261924,-0.0375315708837664,0.962468429116234,0.847583689478048,0.069774086325108,-0.951939708027398,0.0125561824148092,5,114,58,58,11,1.96,6.96163826232247,0.512114032159904,-0.0110126458262694,0.0232671365914792,0.0343344155844155,0.8234447726459,0.000213721440421192,0.000286822028936649,-0.000116877013963464,4,-1.57812246312324,58,0.305826893583154
3664,11278,170,0.988623065485961,0.00145421699205261,-0.796154028315135,0.10703864448397,-0.98424304912234,0.0023687159726351,0.433704438118207,0.566295561881793,0.687978515011277,0.199140418896995,-0.163264723047049,0.836735276952951,0.795159698501415,0.107805532850545,-0.997903771992702,0.000115174154336219,5,123,20,20,8,1.64705882352941,5.70427244582043,0.525075789090282,-0.0875904160187533,0.0867058823529415,0.00914428854781923,0.764822301634353,1.43317674894674e-05,0.00116099071207428,-0.000131658999919482,4,-0.738539620939652,20,0.0361658272561401
3664,11279,170,0.983738753675929,0.00248314702215291,-0.811543067580297,0.0953844252080456,-0.989665432455444,0.0012592093414973,0.870638897953079,0.129361102046921,0.727385860243219,0.163699449283601,-0.667767053535698,0.332232946464302,0.798377513597199,0.105329757289564,-0.997988095921883,0.000108296309397365,5,124,17,17,7,1.125,5.11365546218487,0.245955220323423,-0.0719763711936388,0.0627415966386557,0.023719939480809,0.699526110611469,0.000114666016895407,0.0065923526601276,-0.00152317804211987,4,-0.815191148553977,17,0.484054919187956
3664,11281,170,0.990351497896315,0.00113604140160062,-0.792774633872537,0.109651759348822,-0.962158328991863,0.00878635385210394,-0.825563301672091,0.174436698327909,0.625107054346009,0.259490800247323,0.725427728563194,0.274572271436806,0.793518100978734,0.109075243500142,-0.995976602804708,0.000306168810116652,5,135,15,15,6,0.846153846153846,4.39457875457875,0.117265386628024,-0.0550668140053615,0.0372307692307695,0.0132914704343277,0.819900575614861,3.95838792788785e-05,-0.0054250511393369,0.000972213500784944,4,-0.904910264526423,15,6.39336381412134
3664,11282,170,0.980498039005883,0.00325969341068344,-0.82448485789545,0.0859069114327625,-0.886636119162855,0.0450318337581647,-0.120464494681502,0.879535505318497,0.591829956172186,0.293110564023602,0.0190520912499184,0.980947908750082,0.817378131621902,0.0910737812385198,-0.992991899114877,0.000703521398564654,5,140,11,11,5,0.333333333333333,3.78424242424242,0.0167786960514233,-0.0272216547497447,0.0133333333333334,0.0196296296296297,0.812853535353535,7.12613414353035e-05,-0.00106213651668196,3.42592592592508e-05,4,-0.0208680820189018,11,9.99993620945769
3664,11297,170,NA,NA,-0.931015304883449,0.068984695116551,0.995549338326601,0.0044506616733988,-0.889477997927642,0.110522002072358,-0.899634077318812,0.100365922681188,0.928909919431963,0.0710900805680375,0.911965608496239,0.0880343915037605,-0.998712185828633,0.0012878141713666,4,121,38,38,10,2.05743243243243,5.76756323631324,0.936265054110364,0.0716181183131897,-0.185427278239779,0.0565580157416893,0.790907467233998,0.000909605653890417,-0.00199444698528164,0.00596772078200653,4,-1.26799533217627,38,0.164731045880449
3664,11303,170,0.915045828634571,0.0849541713654287,-0.938669759516728,0.0613302404832722,0.984629544510945,0.0153704554890552,-0.973567541132618,0.0264324588673823,-0.883606261237223,0.116393738762777,0.862174468723679,0.137825531276321,0.91359757153564,0.0864024284643601,-0.996989680189593,0.00301031981040658,4,127,32,32,9,1.84375,5.27061491935484,0.760806082395725,0.0637194806155667,-0.164173891129033,0.157489372343086,0.835032894736842,0.00563918872406184,-0.0054242135195798,0.0137915091437333,4,-1.5753659094064,32,0.508036786832363
3664,11304,170,0.930778410088755,0.0692215899112449,-0.939455994516219,0.0605440054837814,0.831540477750462,0.168459522249538,-0.998023912807416,0.0400285368172646,-0.931519770947101,0.0684802290528989,0.963611621309381,0.172267078192392,0.914511799824344,0.0854882001756561,-0.997372409951627,0.00262759004837268,4,139,14,14,6,0.285714285714286,4.12912087912088,0.0227327617437507,0.0212174460384485,-0.0299175824175826,0.0534483437709243,0.800536977956333,0.000769138329664286,-0.010461504701136,0.00734914726850209,3,-0.902912621359223,14,1.89969159889072
3664,11309,170,NA,NA,-0.960768922830523,0.178912375022067,0.99531653973852,0.0616379500327202,-0.999488124833521,0.020370218060783,-0.929457913785402,0.240550325054787,0.951404143643699,0.199282593082853,0.866025403784439,0.333333333333333,-0.970725343394151,0.154420958311266,3,144,9,9,5,0.177777777777778,3.70925925925926,0.00914609053497941,0.0457264957264959,-0.0244444444444446,0.12991452991453,0.753673178673179,0.00466149673033068,-0.0327815347046115,0.0178632478632478,3,-0.58248712433072,9,-0.561665071494296
3664,11317,170,0.900501012930286,0.0994989870697141,-0.935704382671731,0.0642956173282694,0.968311120686035,0.0316888793139656,-0.973508402914081,0.026491597085919,-0.866995441380887,0.133004558619113,0.875157694736697,0.124842305263303,0.91688831595559,0.0831116840444097,-0.995582821956584,0.00441717804341643,4,134,18,18,8,2.77777777777778,4.44570707070707,1.74991284902901,0.168800888771945,-0.244305555555556,0.312999273783587,0.782389251997095,0.0220908088707748,-0.0190676474266611,0.0277076978939725,4,-1.18270633501905,18,-0.514598153440939
3664,11319,170,0.886844053217739,0.11315594678226,-0.940031983880843,0.059968016119157,0.938996299790336,0.0610037002096639,NA,NA,-0.838723195440002,0.161276804559998,0.866025403784439,0.333333333333333,0.822588586341225,0.177411413658775,-0.926300539423429,0.0736994605765708,4,142,16,16,7,2.6875,3.92708333333333,1.67838541666667,0.170343137254902,-0.231458333333334,0.0461309523809523,0.793650793650794,0.000709354922524564,-0.00659013605442174,0.00634300595238093,3,-1.36860362575073,16,0.318879699872608
3664,11320,170,NA,NA,-0.866025403784438,0.333333333333333,NA,NA,NA,NA,0.866025403784439,0.333333333333333,0.866025403784439,0.333333333333333,0.866025403784439,0.333333333333333,-1,9.48637384723993e-09,3,144,13,13,6,0.0128205128205128,4.15811965811966,5.47885163269775e-05,-0.0018315018315017,0.00176282051282027,0.0357001972386588,0.750558842866535,0.000424834694293047,-0.00510002817695123,0.00490877712031555,3,-1.24233060057824,13,2.65056382902585
3664,11324,170,NA,NA,-0.866025403784439,0.333333333333333,NA,NA,NA,NA,0.866025403784438,0.333333333333333,-0.866025403784439,0.333333333333333,0.866025403784439,0.333333333333333,-1,0,3,153,9,9,5,0.111111111111111,3.59259259259259,0.00411522633744856,-0.0185185185185185,0.0152777777777778,0.207516339869281,0.706971677559913,0.0143543437709143,0.0345860566448802,-0.0285334967320263,3,-0.731671749614798,9,0.961740159431293
3664,11334,170,0.996588185209509,0.000239105543047513,-0.704694263812041,0.183865839445064,0.971747468012884,0.00567637179320934,-0.99981685946045,2.97508008280804e-06,-0.671010351848208,0.214990593099498,0.706460736331167,0.182272024087258,0.707106781186547,0.181690113816209,-0.996588185209509,0.000239105543047498,5,126,18,18,8,0.555555555555555,5.38692810457516,0.0519543765218505,0.0365621271215117,-0.0266013071895427,0.154560308972074,0.756725341651812,0.00441673479910248,-0.0109682687995518,0.00816584967320264,5,-0.548742823418969,18,-0.734944490502035
3664,11335,170,0.995307341538205,0.000385617151591244,-0.703788570566423,0.184684540641688,0.966436848789643,0.00734394400712102,-0.999969960707725,1.97636177347577e-07,-0.662589156449081,0.222981095255209,0.708452271670332,0.180479900745704,0.707106781186548,0.181690113816209,-0.995307341538205,0.000385617151591308,5,132,15,15,7,0.466666666666667,4.98666666666667,0.0364444444444445,0.0357053682896379,-0.0220000000000001,0.163659147869674,0.743096202043571,0.00495752896054257,-0.0136258609647137,0.00867572778099098,5,-0.518662107743171,15,-0.795265670846935
3664,11336,170,0.994378820001795,0.000505485346139034,-0.703132006691549,0.185278688462634,-0.924958989385374,0.024396753770899,0.626051234123578,0.258552916856919,0.678823536516102,0.20765004842007,-0.440076329049989,0.458329025409574,0.707106781186547,0.181690113816209,-0.994378820001795,0.000505485346139037,5,135,13,13,6,0.5,4.64615384615385,0.0424556213017752,-0.0403587443946188,0.0243269230769232,0.0212121212121212,0.668271728271728,7.79625524880274e-05,0.00117057830062314,-0.000675824175824166,5,-0.454680444660405,13,-0.626917663375717
3664,11337,170,0.993145909629702,0.000680474083218918,-0.702260207406847,0.18606844902484,-0.689327389518656,0.197895118506526,-0.995764943524577,0.000330633295005928,0.543961138140187,0.343266850187538,0.720118849365892,0.170084266118377,0.707106781186548,0.181690113816209,-0.993145909629702,0.000680474083218951,5,143,12,12,5,0.181818181818182,3.89393939393939,0.00594008264462808,-0.0124192747143567,0.00729166666666677,0.069023569023569,0.801212121212121,0.000835549660465485,-0.00672848705635591,0.0036203703703704,5,-0.790384450070746,12,8.29790582452104
3664,11341,170,0.979957887012223,0.00339577706385885,-0.692934867183586,0.194575496622165,0.940371788797692,0.0173216200964499,-0.997088801605839,0.000188474163106345,-0.603703429943299,0.280991266826729,0.723685189869374,0.166942057206386,0.707106781186548,0.181690113816209,-0.979957887012223,0.00339577706385895,5,147,8,8,4,0.25,3.15714285714286,0.0105867346938776,0.0385487528344671,-0.0108035714285715,0.248447204968944,0.812422360248447,0.0112041287844691,-0.0420487035393868,0.0133229813664597,5,-0.693765143805669,8,9.55904857363267
3664,11351,170,0.934166572443044,0.0200755653969718,-0.512669954371317,0.377091266210604,-0.10669239421731,0.864413193028664,0.782433996410802,0.117764218977883,0.888659815173921,0.0438452327409038,-0.908535626411709,0.0327462780281708,0.646350672060592,0.238613053258716,-0.964652679013933,0.00793510098483297,5,102,42,42,14,0.793906810035843,7.02601395963026,0.125900236083919,-0.00472107877178022,0.0548417751367666,0.0610506341755718,0.777220712387496,0.000560260775436687,0.00230960299816743,-0.0037402424976017,5,0.916081024750399,42,-0.718947095551458
3664,11358,170,NA,NA,-0.48245064067701,0.410464604963528,0.342608372471075,0.572468418126139,0.333801496478029,0.583020867716216,0.623585062741346,0.261004554991878,-0.94828920740528,0.0140058033680188,0.5725422322512,0.31307678715347,-0.972683992366368,0.00539724558821502,5,110,35,35,13,0.931034482758621,6.52548583393313,0.14802425108465,0.0223447132679162,0.0417277367009094,0.0345081699346406,0.779056584139032,0.000279002939991762,0.000945155024066237,-0.00275491299207854,5,1.23567909860497,35,-0.689254253056388
3664,11359,170,NA,NA,-0.136398867894098,0.826871587193755,0.799103072401549,0.104773923029348,-0.491677484720709,0.400204375968674,0.308752638416285,0.613222272341883,0.544901203318626,0.342262860314749,0.389741881476979,0.516631159086334,-0.95245629599504,0.0123552551801678,5,115,28,28,12,0.733333333333333,6.01625641025641,0.123654687705457,0.0606022659511032,0.0188833333333332,0.0461705288175875,0.767744915215503,0.000399551593890467,-0.00211956883365913,0.00189437908496732,5,1.09198742188669,28,-0.855835202429597
3664,11360,170,NA,NA,-0.386694595618269,0.520206769699513,0.422300984192084,0.478748854043841,-0.341825697133135,0.57340478154391,0.662906417953694,0.22267860033525,-0.71483174602702,0.174773471252788,0.559811241037921,0.326437904753144,-0.967082917244784,0.00713361758676005,5,124,19,19,11,1.15126050420168,5.82125116713352,0.218848382926155,0.0603951237815999,0.0539369747899158,0.0755266153284057,0.678474177853973,0.000827554226913586,-0.00300615278879136,-0.00357655371234333,5,0.723403481109678,19,-1.25687665643784
3664,11362,170,0.205075778107399,0.74073134686033,-0.386694595618269,0.520206769699513,0.0592157006110907,0.924648314053124,0.521360416102448,0.367619910953981,0.888171356507324,0.0441307210957136,-0.985347338504567,0.00212447581420312,0.539556054195784,0.347981169083414,-0.97304998629313,0.00528943012641737,5,127,17,17,10,1.2,5.43333333333333,0.266527777777778,0.0093457943925233,0.0797499999999998,0.126497533474278,0.607542031611799,0.00268242432061854,0.00825486366129705,-0.00887596899224807,5,0.951952591250947,17,-1.28036489603152
3664,11366,170,NA,NA,-0.218797487246845,0.723657353067015,0.391518129839949,0.514549258149806,-0.538316519995109,0.349310580393509,0.78666865781885,0.114421013667753,-0.670978842908781,0.215020339398673,0.365072840529367,0.545716931384809,-0.978816954750242,0.00368919549972816,5,143,13,13,9,1.36111111111111,5.098556998557,0.337904230409641,0.104978354978355,0.0795337301587299,0.107557052001496,0.604990647212869,0.00211932798772388,-0.011431095828259,-0.00537242798353909,5,0.00360160667494557,13,-1.45570696079584
3664,11367,170,0.825136997007035,0.0854374361479988,-0.218797487246845,0.723657353067015,0.185053084070992,0.765734858575094,0.0475417605453338,0.939490760799142,0.891830316101075,0.0420065582090696,-0.95148045095878,0.012735697701147,0.609733957714758,0.274887676622087,-0.900103908298243,0.0373284193631598,5,150,12,12,8,1.375,4.565,0.396125,0.0537234042553191,0.0976249999999999,0.171666666666667,0.678858585858586,0.00539541067238037,0.00161078873844831,-0.0121555555555555,5,-0.39475499640012,12,-1.22402892893396
3664,11369,170,0.559016994374947,0.327276131496145,0.158113883008416,0.799525145791335,0.759570325500495,0.136300550020311,-0.892519604682079,0.0416101419537921,0.742935609605548,0.150278790582776,-0.562694893915688,0.323399144218406,0.376968517462526,0.531652051667905,-0.827832723165652,0.0835051950816372,5,155,10,10,7,1.13333333333333,3.90333333333333,0.222555555555556,0.179166666666667,0.0609583333333332,0.108148148148148,0.792486772486772,0.00219884101788864,-0.0209259259259259,-0.00458915343915343,5,-0.962299541807677,10,-1.36632555883761
3664,11371,170,0.579601155968481,0.305730282129914,0.353553390593271,0.559404344163491,0.94640893701027,0.0147723688491861,-0.987851374248921,0.00160446996388763,0.625352605272508,0.259246799254631,-0.429460615644687,0.470500979473057,0.0781744823340809,0.900566631219603,-0.846933432868635,0.0702138679508337,5,157,8,8,6,1.125,3.44666666666667,0.216826388888889,0.246354166666667,0.0506458333333332,0.15018315018315,0.779413919413919,0.00456502837821519,-0.0373111263736263,-0.00504670329670326,5,-0.775536469688472,8,-1.64364871593035
3664,11378,170,0.838525491562421,0.07597674073144,0.353553390593272,0.559404344163491,0.838525491562421,0.07597674073144,-0.946147072715865,0.0148801802762792,0.158113883008416,0.799525145791335,-0.463411413417743,0.431823239427045,-0.707106781186547,0.181690113816209,-0.875,0.0520455487437587,5,116,9,9,5,0.5,3.25,0.0625,0.1171875,0.00687499999999988,0.143077601410935,0.676269841269841,0.00360662942589015,-0.0317639440035273,-0.00484038800705464,5,1.7273392034343,9,9.99994627250967
3664,11392,170,0.926854373376216,0.0234851391593232,-0.933435573684282,0.0204085756011144,-0.392004454998207,0.513979544986956,-0.387269766097622,0.519531497783343,0.409769598511556,0.49325778449254,0.416015639888961,0.486014637516628,0.911052330712518,0.0314162846702621,-0.975293659614293,0.00464440884583725,5,58,427,427,17,0.670454545454545,10.5947547159569,0.0608824600053432,-0.000501775185743093,0.0175852489053876,0.059509814897746,0.895964274943681,0.000471445187664462,-4.36215685913004e-05,0.00157104256226997,5,-0.455818996856494,427,0.405014523310113
3664,11393,170,0.968121163125403,0.031878836874597,-0.889810784420009,0.110189215579991,-0.887739283406291,0.112260716593709,0.990140328140453,0.00985967185954673,0.913807837345976,0.0861921626540241,-0.840372028064364,0.159627971935636,0.894020849626428,0.105979150373572,-0.999733319021203,0.000266680978797342,4,60,119,119,14,0.138107416879794,8.4553252269634,0.00323551463180074,-0.00109446856556576,0.0110722244656826,0.0750039668457355,0.744556106675506,0.00127432930173616,0.000766096987333035,-0.00639029256926274,4,-0.0528211622907637,119,-0.0267854341718704
3664,11394,170,0.975853174361381,0.0241468256386193,-0.875530299159551,0.124469700840449,-0.958167981681305,0.041832018318695,0.980700696689954,0.0192993033100461,0.739049107371616,0.260950892628384,-0.787903934130853,0.212096065869147,0.843116463648459,0.156883536351541,-0.996723899916219,0.0032761000837809,4,110,63,63,11,0.970909090909092,7.39698956780924,0.215099063834702,-0.0187189654940653,0.0730131147540985,0.21367941712204,0.802065889743876,0.0112044370025923,0.00437272769031709,-0.0177654661536746,4,-1.25271925844248,63,0.357031754395429
3664,11395,170,0.96922336919512,0.0307766308048802,-0.871847063453668,0.128152936546332,-0.903756781876265,0.0962432181237351,0.992589964686218,0.00741003531378159,0.637866788075787,0.362133211924213,-0.833667296052292,0.166332703947708,0.806399576656974,0.193600423343026,-0.982191890023536,0.0178081099764643,4,114,34,34,10,0.585185185185185,7.01535143097643,0.0685071999632975,-0.0221872315530674,0.0355636574074076,0.137179834054834,0.702100949379175,0.00431509756792202,0.00611573456473419,-0.0116653129390025,4,-0.282853209022785,34,-0.615510314270184
3664,11396,170,0.962659829841541,0.0373401701584595,-0.878829008130656,0.121170991869344,-0.954077665074429,0.0459223349255706,0.99621868812133,0.00378131187867026,0.736515824778273,0.263484175221727,-0.85650442527607,0.14349557472393,0.810949863711711,0.189050136288289,-0.978982384508915,0.0210176154910853,4,115,31,31,9,0.666666666666667,6.51149425287356,0.106531025674902,-0.0321186924268363,0.0512068965517245,0.188049460118426,0.645346909878394,0.00786676891274787,0.00911357882202247,-0.0161821464267867,4,-0.260257776805579,31,-0.46062656240295
3664,11397,170,0.958579529184549,0.0414204708154511,-0.882609210605537,0.117390789394463,-0.969662380499492,0.0303376195005076,0.999716465707832,0.000283534292168319,0.763017553751089,0.236982446248911,-0.882678887252908,0.117321112747092,0.792171547333776,0.207828452666224,-0.967304920586292,0.0326950794137079,4,119,30,30,8,0.482758620689655,5.66347183551082,0.0509201500280977,-0.0237448218271349,0.036676483186978,0.179896862959743,0.676018603924136,0.00700399282549776,0.00907931789701983,-0.0157356216266284,4,-0.536115557493364,30,1.34286900910276
3664,11398,170,0.832493581686466,0.167506418313534,-0.948304052263602,0.0516959477363983,0.554034688851555,0.445965311148445,NA,NA,-0.547722557505167,0.452277442494833,0.866025403784439,0.333333333333333,0.866025403784439,0.333333333333333,-1,0,4,142,8,8,4,0.75,3,0.125,0.0575539568345324,-0.0412500000000003,0.00680272108843538,0.793083900226757,1.54256714023478e-05,-0.00170068027210884,0.000935374149659859,3,-0.613922166611576,8,9.99991873048828
3664,11405,170,0.990867388613725,0.00913261138627552,-0.810162722151319,0.189837277848681,-0.908575158992734,0.0914248410072663,0.991842072034284,0.00815792796571624,0.491722528237337,0.508277471762663,-0.731446579187715,0.268553420812285,0.774596669241483,0.225403330758517,-0.990867388613724,0.00913261138627551,4,135,22,22,7,0.25,5.0875,0.0139583333333333,-0.0177272727272728,0.0123750000000001,0.196802721088435,0.760993853681824,0.00852626835624629,0.0151246840043832,-0.0143870062059912,4,-0.579729582639853,22,0.773497634031416
3664,11406,170,0.977139836403677,0.0228601635963226,-0.756889262661455,0.243110737338544,NA,NA,0.982288150110419,0.0177118498895807,NA,NA,-0.774340043794556,0.225659956205444,0.774596669241483,0.225403330758517,-0.977139836403678,0.0228601635963225,4,137,12,12,6,0,4,0,0,0,0.634527089072544,0.618901132537496,0.0971530990431659,0.0690401705810026,-0.051412457912458,4,-1.12830846846064,12,3.04707815028946
3664,11417,170,0.962250448649376,0.0377495513506236,-0.894427190999915,0.105572809000085,-0.628539361054708,0.371460638945292,0.819191230073608,0.180808769926392,0.316227766016835,0.683772233983165,-0.551343814072219,0.448656185927781,0.774596669241483,0.225403330758517,-0.962250448649376,0.0377495513506236,4,142,10,10,6,0.333333333333333,4.13333333333333,0.0266666666666666,-0.059259259259259,0.0109999999999999,0.0898809523809524,0.502876984126984,0.0017952806122449,0.0200396825396826,-0.0049761904761905,4,0.97754865881714,10,-1.05599119257738
3664,11418,170,0.927172649945531,0.0728273500544692,-0.923380516876638,0.0766194831233617,0.797528000507008,0.202471999492992,-0.999769229709073,0.000230770290927127,-0.867721831274625,0.132278168725375,0.918491968107431,0.0815080318925689,0.774596669241483,0.225403330758517,-0.927172649945531,0.0728273500544694,4,153,9,9,5,0.222222222222222,3.40972222222222,0.00983796296296294,0.0628654970760229,-0.0183333333333333,0.105228758169935,0.667180205415499,0.00196883546446901,-0.0352548036758563,0.00868137254901963,4,0.355383421241473,9,1.72760860776356
3664,11428,170,0.979719888736214,0.0202801112637858,-0.877155985348298,0.122844014651702,0.985440361212845,0.0145596387871547,0.848140538482226,0.355444484240174,-0.789799318242357,0.210200681757643,-0.601233224316381,0.589352533522096,0.827849517508591,0.172150482491409,-0.99509203291804,0.00490796708196028,4,117,29,29,7,1.35714285714286,5.00157956735918,0.446358234576375,0.0502613988225481,-0.112400139216107,0.00341356452923314,0.830598767611393,2.95649660884906e-06,0.00045366606516952,-0.000284291816355992,3,-1.16350028785262,29,4.88688899229559
3664,11435,170,NA,NA,-0.944911182523068,0.212295615009657,-0.832652898222006,0.373641921069994,0.977154574165573,0.136340548878094,0.968055073079195,0.161346306060338,-0.853757560158152,0.348636163887751,0.866025403784439,0.333333333333333,-0.981980506061966,0.121037718323677,3,121,22,22,6,0.0508021390374331,4.8019268313386,0.000688499890854629,-0.00825784859398274,0.00698529411764679,0.0151646372834848,0.810841695985754,7.46139376084383e-05,0.0031902464139645,-0.00202804336020126,3,-1.05496112492982,22,9.99994436406154
3664,11436,170,NA,NA,-0.866025403784439,0.333333333333333,NA,NA,NA,NA,-0.866025403784439,0.333333333333333,0.866025403784439,0.333333333333333,NA,NA,NA,NA,3,128,15,15,5,0.0619047619047626,4.11269841269841,0.00127739984882845,0.0619047619047638,-0.00851190476190521,0.00549450549450547,0.838566195709053,1.00631968763836e-05,-0.00549450549450528,0.000755494505494452,3,-1.29406498237922,15,9.99992579988885
3664,11442,170,0.5,0.666666666666667,-0.866025403784439,0.333333333333333,NA,NA,NA,NA,-0.866025403784438,0.333333333333334,0.866025403784438,0.333333333333333,NA,NA,NA,NA,3,129,9,9,4,0.0694444444444446,3.4212962962963,0.00160751028806585,0.0694444444444451,-0.0095486111111113,0.0277777777777778,0.77416440831075,0.000257201646090535,-0.0277777777777776,0.0038194444444444,3,-0.503049662754551,9,5.85923652915743
3664,11456,170,0.958717038322142,0.0412829616778581,-0.903807650130343,0.0961923498696568,0.913746376796894,0.0862536232031057,0.916488898937113,0.0835111010628866,-0.676106539161016,0.323893460838984,-0.993489018547934,0.00651098145206607,0.888198023066503,0.111801976933497,-0.999344001715624,0.000655998284375915,4,75,56,56,13,1.35,7.43358665269043,0.395513883517168,0.0256246841016502,-0.0905741614255768,0.033653315679135,0.691239825495039,0.00022739062750648,0.000616262121641617,-0.00319122679703616,4,0.804875216712203,56,-0.475046309237663
3664,11457,170,0.966792917849399,0.0332070821506005,-0.888851129902567,0.111148870097433,0.959793694628236,0.0402063053717638,0.988677316599163,0.0113226834008369,-0.752830266581605,0.247169733418395,-0.83060837576411,0.16939162423589,0.9046084932357,0.0953915067643001,-0.998698008634956,0.00130199136504419,4,97,45,45,12,1.58235294117647,6.96604278074866,0.60501749168311,0.0404727571343813,-0.124735294117647,0.0998580903009065,0.736305983773799,0.0023260595394544,0.0025850319594139,-0.00853326118596535,4,0.265293759932327,45,-0.71864183177595
3664,11463,170,0.973653942591042,0.0263460574089582,-0.894427190999915,0.105572809000085,0.95300784413772,0.0469921558622799,0.903539024740662,0.0964609752593382,-0.750400388904401,0.249599611095599,-0.95017128211816,0.0498287178818398,0.899021574421216,0.100978425578784,-0.999889878360202,0.000110121639797828,4,101,39,39,11,2.16551724137931,6.38874773139746,1.12340580784209,0.0647980103515493,-0.169421960072596,0.0318201496691199,0.720895965855723,0.000253926255927967,0.000923629047432643,-0.00322525475222155,4,0.0701214682576333,39,-0.783755876057484
3664,11464,170,0.877124561397281,0.122875438602719,-0.958153256596223,0.0418467434037768,-0.67002365346995,0.32997634653005,0.946139215680189,0.0538607843198116,0.454482075716087,0.545517924283913,-0.913566296146402,0.0864337038535978,0.892343682835073,0.107656317164927,-0.972402393665125,0.0275976063348749,4,121,18,18,8,0.323529411764706,5.30245098039216,0.0221155324875048,-0.0134458032074742,0.0143970588235295,0.20063025210084,0.493968420701614,0.0105886274253525,0.0131378044389228,-0.0200248015873017,4,0.507872524931213,18,-0.500515020471779
3664,11465,170,0.930778410088755,0.0692215899112447,-0.939455994516219,0.0605440054837814,0.511384854985289,0.488615145014711,0.346817488123191,0.653182511876809,-0.721023677971039,0.27897632202896,-0.068389096813112,0.931610903186888,0.81341334304677,0.18658665695323,-0.95503385276725,0.0449661472327497,4,139,15,15,7,0.666666666666666,4.5702380952381,0.0835430839002266,0.0250142061597908,-0.0443928571428573,0.057347670250896,0.637106620977589,0.000587515085157574,0.00142263703738797,-0.000353105675686301,4,-0.411050621623368,15,-0.477230284879357
3664,11466,170,0.917985092043157,0.0820149079568431,-0.948090926279954,0.051909073720046,0.882470982129666,0.117529017870334,-0.998404137041698,0.00159586295830249,-0.9571982773423,0.0428017226576997,0.950628338785127,0.0493716612148729,0.836990743740042,0.163009256259958,-0.959471113161114,0.0405288868388865,4,149,14,14,6,0.642857142857143,3.79960317460317,0.102434492315445,0.0518548243267345,-0.0652579365079369,0.0617477760334904,0.866634688063259,0.000752021764456043,-0.00502674900748737,0.00555308448165592,4,-0.92156862745098,14,9.99993351522388
3664,11471,170,0.949288905069135,0.0507110949308656,-0.979795897113271,0.020204102886729,0.989250226832147,0.0107497731678525,-0.97790878330564,0.0220912166943602,-0.981947716036465,0.0180522839635346,0.945780903933253,0.0542190960667466,0.258198889747161,0.741801110252839,-0.210818510677892,0.789181489322108,4,151,9,9,5,1.05555555555556,3.05763888888889,0.241992669753086,0.153888888888889,-0.102895833333334,0.178362573099415,0.889243943191312,0.00623978667079841,-0.0244277360066834,0.0159141604010026,4,-1.24754756116049,9,1.57227367375584
3664,11481,170,0.995418074407504,0.00458192559249637,-0.801284682779561,0.198715317220439,0.997792152572259,0.00220784742774116,0.989751229985785,0.0102487700142149,-0.771390870731481,0.228609129268519,-0.761400984734453,0.238599015265547,0.816345319488591,0.183654680511409,-0.998854375188288,0.00114562481171179,4,117,21,21,10,3.85714285714286,5.47722431077694,3.51684797179875,0.219130827067669,-0.308148182957394,0.324285556658943,0.563785249286739,0.0249662681330626,0.0183142636465377,-0.0256270471776927,4,-0.405228216171384,21,-1.21367876427834
3664,11482,170,NA,NA,-0.5,0.666666666666667,0.618589574131742,0.575408769980686,-0.964395317047072,0.170390647554208,0.371153744479044,0.757924563352647,0.253164354518947,0.837057314220875,0.866025403784439,0.333333333333333,-0.866025403784439,0.333333333333333,3,131,18,18,9,0.166666666666667,6.07638888888889,0.0070891203703704,0.0520833333333332,0.00859374999999959,0.0143162393162394,0.700599128540305,5.50918964140213e-05,-0.00715811965811968,0.000516748366013065,3,-0.536651807591013,18,-1.31228043889789
3664,11483,170,NA,NA,-0.5,0.666666666666667,0.445662408475398,0.705936363793542,-0.921434993237666,0.254035800168808,0.552435693839299,0.627396969539792,0.124238426054516,0.920702466835475,0.866025403784439,0.333333333333333,-0.866025403784439,0.333333333333333,3,134,17,17,8,0.158088235294118,5.39436274509804,0.00627180651672435,0.0352941176470584,0.0120312499999998,0.0117724867724868,0.715652557319224,4.08081613989903e-05,-0.00588624338624337,0.000218253968253952,3,-0.566243830043673,17,-1.02278182974816
3664,11484,170,NA,NA,-0.5,0.666666666666667,0.0622152585994484,0.960366939934552,-0.450339642054134,0.702605809789518,0.833240070528333,0.372966393398781,-0.548067306312222,0.630727523543815,0.866025403784439,0.333333333333333,-0.866025403784439,0.333333333333333,3,142,15,15,7,0.147619047619048,4.88070818070818,0.00679417855242035,0.00512820512820482,0.0188873626373624,0.00989010989010985,0.813967381824525,2.45316665758467e-05,-0.0022305075876504,-0.000746500523286281,3,-0.718289147068534,15,-0.958092437663163
3664,11485,170,NA,NA,-0.5,0.666666666666667,-0.195420606944507,0.874785607546438,0.00620794778432082,0.996047872309477,0.947038325961845,0.208118940879771,-0.869112689805707,0.32938120564281,0.866025403784439,0.333333333333333,-0.866025403784439,0.333333333333333,3,143,14,14,6,0.173076923076923,4.18040293040293,0.0083499376081794,-0.0178571428571433,0.0237980769230769,0.00949667616334282,0.811830145163479,2.98490892259265e-05,3.39167005833654e-05,-0.00130579297245969,3,-0.558011049723757,14,9.99993362532918
3664,11491,170,NA,NA,-0.866025403784439,0.333333333333333,NA,NA,NA,NA,0.866025403784438,0.333333333333333,0.866025403784438,0.333333333333333,0.866025403784439,0.333333333333333,-1,0,3,149,8,8,4,0.0416666666666665,3.13888888888889,0.0005787037037037,-0.0208333333333328,0.00572916666666639,0.0159863945578231,0.836961451247165,8.51882703194657e-05,-0.00799319727891145,0.00219812925170063,3,-0.961665222413705,8,9.99995434071618
3664,11501,170,0.907264708726555,0.0927352912734454,-0.958314847499909,0.0416851525000907,-0.936447165183954,0.0635528348160459,0.826033187630903,0.381184656616682,0.98298040313498,0.0170195968650197,-0.949947488731667,0.202272281594616,0.792884928074042,0.207115071925958,-0.920702773974304,0.0792972260256961,4,123,11,11,5,0.4,3.80277777777778,0.0271913580246914,-0.0382086167800453,0.0345277777777779,0.0373522458628841,0.725768321513002,0.00038652202829055,0.00780141843971641,-0.00513593380614665,3,0.634824051642892,11,9.99994068451945
3664,11504,170,0.942809041582063,0.0571909584179364,-0.912870929175276,0.087129070824724,0.471404520791032,0.528595479208968,-0.99629556198859,0.0548138675391834,-0.258198889747161,0.741801110252839,0.819819728169125,0.388147200872517,0.774596669241483,0.225403330758517,-0.942809041582063,0.0571909584179366,4,138,8,8,4,0.142857142857143,3.03571428571429,0.00510204081632653,0.0119047619047619,-0.00392857142857142,0.0470238095238096,0.801388888888889,0.000673746929327288,-0.0223958333333333,0.00585193452380952,3,0.565685424949238,8,9.99995434071618
3664,11511,170,0.918826036549178,0.027421997782874,-0.928323612604901,0.0227862470430727,0.409730971442482,0.49330264775614,-0.669277725203109,0.216627990366311,-0.3802524737358,0.527782060574831,0.657802036089095,0.227559111112748,0.909261130838957,0.0323610620183441,-0.994162745581159,0.000534892074562826,5,64,308,308,16,0.492478681613491,9.88377216909792,0.0442593915622106,0.000624036585247133,-0.0139135341147413,0.117388608379839,0.897139088666071,0.0023981144506385,-0.000237273842155338,0.00560264178491907,5,-0.365350048529332,308,0.597701713483334
3664,11512,170,0.883121263058024,0.0471164805525457,-0.928034140859395,0.0229234034111671,-0.349855002256071,0.563812426962361,-0.690564764213749,0.196754694667587,0.344281178532024,0.570468090250777,0.67426636161372,0.211922912784964,0.904603445383085,0.0348593066578942,-0.997486093537592,0.000151249412004765,5,69,252,252,15,1.55,9.61177084545842,0.313207577068759,-0.00173596185310633,0.0335113636363641,0.128438776080998,0.903201987841619,0.00294927804990904,-0.000332505041005574,0.00636871834205015,5,0.198727589637561,252,0.523720121557391
3664,11513,170,0.891912198659356,0.0419594042801275,-0.919782363621086,0.0269428017090608,-0.741582517454183,0.151433267878976,0.96605317857641,0.0339468214235898,0.714789431709058,0.174811147899266,-0.817945026281583,0.182054973718416,0.75091996906141,0.143519455087087,-0.870148792567388,0.0550627228638103,5,73,97,97,14,3.45744680851064,9.24675437598433,2.36922782053405,-0.0256376494056585,0.191356942889139,0.0267359949378502,0.743859313671742,0.000147110079176029,0.000335186597881052,-0.00211326348794124,4,0.580047702981348,97,0.236624216523291
3664,11514,170,0.994491400157511,0.00550859984248886,-0.835428012868318,0.164571987131682,0.985172193921774,0.0148278060782259,0.993894225100922,0.00610577489907804,-0.73746828980399,0.26253171019601,-0.78023676744935,0.21976323255065,0.798083716830871,0.201916283169129,-0.99790094630633,0.00209905369367001,4,89,34,34,8,0.835125448028674,5.37373976961264,0.158703938958054,0.032983742557853,-0.0625814358001266,0.121037902628317,0.650370846735445,0.00352519863336668,0.00495936299700382,-0.00986794062009513,4,1.30336025164983,34,6.00119584328326
3664,11515,170,0.995727617311263,0.00427238268873653,-0.821863511961787,0.178136488038213,-0.99941839642477,0.000581603575229848,NA,NA,0.837544442861482,0.162455557138518,-0.866025403784439,0.333333333333333,0.800616568776364,0.199383431223636,-0.999065674224629,0.00093432577537076,4,125,22,22,7,1.09090909090909,5.21704545454545,0.276864669421488,-0.0515042511445389,0.0938750000000003,0.0209159261790841,0.714528746107693,0.000145825322642965,0.0104579630895421,-0.00287593984962411,3,0.13077606104077,22,5.17191821742184
3664,11516,170,NA,NA,-0.774596669241482,0.225403330758518,NA,NA,NA,NA,0.774596669241482,0.225403330758518,NA,NA,0.807132967479812,0.192867032520188,-0.998067720652398,0.00193227934760243,4,136,16,16,6,0.625,4.53125,0.09765625,-0.0416666666666666,0.0515625000000001,0,0.751225490196078,0,NA,-5.28814738755481e-17,3,-1.09966404863814,16,9.99994998715921
3664,11517,170,NA,NA,-0.774596669241482,0.225403330758518,NA,NA,NA,NA,0.774596669241482,0.225403330758518,NA,NA,0.774596669241483,0.225403330758517,-1,0,4,153,8,8,4,0.875,3.34375,0.19140625,-0.125,0.0721875000000001,0,0.848739495798319,0,NA,-2.64407369377741e-17,3,-0.975319698188342,8,9.99992830104803
3664,11524,170,NA,NA,NA,NA,NA,NA,NA,NA,NA,NA,NA,NA,0.866025403784439,0.333333333333333,NA,NA,3,141,8,8,5,0,3.625,0,NA,-3.17288843253289e-16,0,0.597290640394089,0,NA,-2.64407369377741e-17,3,-0.824957911384305,8,-1.24358223001446
3664,11536,170,NA,NA,-0.894427190999915,0.105572809000085,0.999854872649987,0.000145127350013041,-0.981877205218272,0.0181227947817276,-0.888910051506412,0.111089948493588,0.93814859236587,0.0618514076341303,0.774596669241483,0.225403330758517,-0.962250448649376,0.0377495513506236,4,122,12,12,5,0.416666666666667,3.76325757575758,0.0329574150596878,0.10479797979798,-0.0343750000000001,0.0647772366522367,0.700032693001443,0.000715142900032393,-0.0151597823472824,0.00534412202380955,4,0.937497214706517,12,6.85795095510496
3664,11537,170,NA,NA,-0.923380516876638,0.0766194831233617,0.992414955013453,0.00758504498654666,-0.997489400909131,0.00251059909086939,-0.889621111952445,0.110378888047555,0.936474859860214,0.0635251401397865,NA,NA,NA,NA,4,146,8,8,4,0.45,3.08392857142857,0.0383801020408164,0.154511278195489,-0.0371250000000001,0.0913690476190476,0.711582341269841,0.00142789807859872,-0.0299550960735171,0.00753794642857146,4,0.251415744421883,8,6.43190161793014
3664,11547,170,0.989388562748062,0.00131009470544341,-0.917915015581952,0.0278810135714825,-0.925682228542073,0.0240475784783723,0.996537328371529,0.00346267162847047,0.860735452451523,0.061067181635249,-0.827006516987189,0.172993483012811,0.354744867738115,0.557985629122026,-0.483160545018494,0.409673053870532,5,92,63,63,13,2.38709677419355,9.29693961952026,1.05528531875286,-0.0330569570117373,0.153786186931349,0.114371677865811,0.621578174026044,0.00301057543989315,0.00236858337672323,-0.00966589355300181,4,-0.281329534053935,63,-0.265383424702181
3664,11548,170,0.987006779934027,0.00177443789526999,-0.911766617615013,0.0310420422696338,-0.870818017794871,0.0546433291437327,0.960428140380084,0.0395718596199162,0.786036637966391,0.114918147300433,-0.685814041886348,0.314185958113652,0.353553390593274,0.559404344163488,-0.475054158655335,0.418732661236988,5,103,58,58,12,2.05882352941176,8.53190846305397,0.724434100220638,-0.0281188104348566,0.11636032388664,0.0705130456315707,0.675657023109082,0.00102781604455457,0.00147914763672887,-0.00468352010008589,4,-0.339698752634447,58,-0.119654624211066
3664,11549,170,0.983371969224899,0.0025674908051756,-0.914427402478037,0.0296607006394415,-0.781241715249219,0.118710701105955,0.839720909808406,0.160279090191594,0.710937321911476,0.178250790523891,-0.478413076468772,0.521586923531227,0.353553390593274,0.559404344163488,-0.461855583710729,0.433579444228363,5,109,53,53,11,1.65957446808511,7.75683549768609,0.488606506122352,-0.0225588127637392,0.0864318136543444,0.0237179778815484,0.703321997499341,9.6795158297012e-05,0.00043868380144739,-0.0010026241887287,4,-1.23441247854541,53,0.0383224935381168
3664,11556,170,0.942558494508244,0.016383051882811,-0.916982486371702,0.0283533980745604,-0.891465197544574,0.0422170247460515,0.983689541517641,0.0163104584823595,0.790111084774603,0.111724685916659,-0.737713217371724,0.262286782628276,0.353553390593274,0.559404344163488,-0.466208218907584,0.428670291180255,5,126,46,46,10,1.075,7.23559288537549,0.202201137730632,-0.0192132952695383,0.0617934782608696,0.0591385886840432,0.839524293612445,0.000834224083813065,0.00173688028702514,-0.00453876027915463,4,-1.549873553955,46,0.10363441721216
3664,11558,170,0.935944001211513,0.019273301415869,-0.919465872188075,0.0271010878810506,-0.824722720119098,0.0857355827905796,0.973504815969723,0.026495184030277,0.737990816383674,0.154510228482281,-0.734930069671254,0.265069930328745,0.353553390593274,0.559404344163488,-0.461225007892177,0.43429168924669,5,128,44,44,9,0.948717948717949,6.32917818615493,0.146757337869099,-0.0157031803911687,0.0491715116279071,0.0539828592460172,0.872346083711707,0.000652410270158769,0.00158887352601399,-0.00399866232153348,4,-1.80427747504514,44,1.78752174126232
3664,11559,170,0.996116490183504,0.00388350981649555,-0.8198127976897,0.1801872023103,0.968743995687059,0.0312560043129411,0.992917127525017,0.00708287247498252,-0.675764606376912,0.324235393623088,-0.757287223588242,0.242712776411758,0.774596669241483,0.225403330758517,-0.996116490183505,0.00388350981649542,4,130,14,14,7,0.282051282051282,4.52289377289377,0.0163996565095466,0.0231706278217906,-0.0184340659340659,0.0413461538461539,0.663679029304029,0.000409663485298789,0.00375351392793254,-0.00326499542124544,4,-0.568281938325991,14,-0.084303716877061
3664,11562,170,0.992523259604837,0.007476740395163,-0.835657838081093,0.164342161918907,0.968617438338635,0.0313825616613645,-0.975835812852321,0.0241641871476785,-0.69781020313794,0.30218979686206,0.717337826324228,0.282662173675772,0.774596669241483,0.225403330758517,-0.992523259604837,0.00747674039516287,4,144,11,11,6,0.866666666666667,3.92878787878788,0.160229568411387,0.100389368545793,-0.0595000000000001,0.226495726495726,0.815520590520591,0.0113213797770907,-0.0268837928055805,0.016258547008547,4,-1.09882793168348,11,-0.150923304385333
3664,11563,170,NA,NA,-0.774596669241482,0.225403330758518,NA,NA,NA,NA,-0.774596669241482,0.225403330758518,0.774596669241482,0.225403330758518,0.774596669241483,0.225403330758517,-1,0,4,146,8,8,5,1.125,3.34375,0.31640625,0.1875,-0.0928125000000002,0.342261904761905,0.743303571428571,0.0292858028628118,-0.0570436507936508,0.0282366071428572,4,-1.27149476250058,8,-0.762600632351789
3664,11572,170,0.920469828260807,0.0266000122560548,-0.922576378428743,0.0255584814757432,-0.884679952222656,0.0461883422779921,0.968190183902122,0.0318098160978777,0.734650152517641,0.157388256883005,-0.737597649509902,0.262402350490098,0.353553390593274,0.559404344163488,-0.451633855395801,0.445157220092129,5,131,30,30,8,0.730769230769231,5.55516799292661,0.0776954328853053,-0.0184468261543113,0.0356156609195404,0.122775429698507,0.859038979735266,0.00339485421076752,0.00547276462377102,-0.00915457964522953,4,-1.38508319324363,30,3.6174776726473
3664,11573,170,0.965909839799152,0.00751699234812042,-0.933256525257383,0.0204904123444532,-0.679431408286428,0.207081941378859,0.918398287360931,0.0816017126390691,0.44889902412823,0.448266361438702,-0.680683186612995,0.319316813387005,0.353553390593274,0.559404344163488,-0.293294230042707,0.631991376015267,5,132,15,15,7,0.538461538461538,4.67326007326007,0.0405104053455702,-0.0224211272598369,0.0157142857142858,0.130518604202815,0.802429149797571,0.00353742908977148,0.0144278406212311,-0.00862377096587625,4,-0.841928167567514,15,-0.042467045251051
3664,11574,170,0.971987235320443,0.00560446930758229,-0.930260509419064,0.0218753987827573,0.300803403669339,0.62286198556843,0.827054030927553,0.172945969072447,-0.495542420274141,0.395924678371619,-0.609854193532233,0.390145806467767,0.353553390593274,0.559404344163488,-0.219264504826757,0.723077166571075,5,133,13,13,6,0.505494505494505,3.92687312687313,0.0442586384644326,0.0124106662568201,-0.018131868131868,0.0737802737802739,0.78025083025083,0.00103452428505754,0.00940500940500942,-0.00417834867834869,4,-0.320833706716556,13,9.99994058734867
3664,11579,170,0.983037136681294,0.00264529723562124,-0.867721831274626,0.0565920879662706,0.59534657271479,0.28950721955454,-0.992983138849353,0.00701686115064738,-0.863097717563106,0.0595421175396627,0.948532002875982,0.0514679971240182,0.353553390593274,0.559404344163488,0,1,5,140,8,8,5,0.541666666666667,3.1452380952381,0.0559913548752834,0.0483193277310924,-0.0355208333333332,0.059047619047619,0.738174603174603,0.000845578231292516,-0.0301587301587301,0.00587539682539685,4,0.272918406773755,8,0.299045240959206
3664,11587,170,0.994049800664249,0.00595019933575136,-0.807970008094719,0.192029991905281,-0.96676940279722,0.0332305972027798,-0.998924324240124,0.0295307685287395,0.682394024272563,0.317605975727437,0.539619923898558,0.637135898137927,0.774596669241483,0.225403330758517,-0.99220261006383,0.00779738993617039,4,133,15,15,6,0.923076923076923,4.3728021978022,0.178636537455219,-0.0623727728582098,0.0614368131868133,0.0315216315216315,0.762056562056562,0.00024893857979691,-0.0157608157608157,0.00234135234135228,3,-0.520923234530474,15,9.99994193114118
3664,11594,170,NA,NA,-0.5,0.666666666666667,0.752847770519914,0.457359262206493,-0.897390222580866,0.290920930944334,-0.946437197225034,0.209307404460173,0.830818247611957,0.375745735722333,NA,NA,NA,NA,3,155,8,8,5,0.261904761904762,3.3234126984127,0.0191444633408919,0.104166666666667,-0.036011904761905,0.0534920634920636,0.783439153439153,0.000888292600991016,-0.0267460317460318,0.0068095238095238,3,-0.385694607919935,8,1.0779315184752
3664,11609,170,0.87569545710414,0.0516174230347455,-0.933100393889918,0.0205618610674281,0.995118424368495,0.000409124633610647,0.781633770918318,0.218366229081682,-0.934513828871278,0.0199179943278495,-0.373808238864517,0.626191761135483,0.843457250878765,0.0725793689230487,-0.908137201257597,0.032958447387424,5,72,155,155,13,1.60810810810811,8.03274485380923,0.508705882875895,0.0103934916014482,-0.115926253858585,0.0256499239588422,0.813984025980487,0.000116172500347804,0.000161036453022118,-0.000858240206835543,4,-0.0431456417707339,155,0.687885055645683
3664,11610,170,0.993127066322842,0.00687293367715847,-0.769272917707238,0.230727082292762,0.916340136880926,0.0836598631190739,-0.981850867246359,0.0181491327536407,-0.536029609394549,0.463970390605451,0.691330546421982,0.308669453578018,0.774596669241483,0.225403330758517,-0.993127066322841,0.0068729336771586,4,88,54,54,11,0.25925925925926,6.64324618736383,0.0120264760467247,0.00831667014852619,-0.0125217864923748,0.0184966045527482,0.784341939363054,6.37857715898706e-05,-0.000648979542374773,0.00117613174532992,4,-0.015971861888487,54,0.878747523821799
3664,11611,170,0.994936676326182,0.00506332367381779,-0.770674635588451,0.229325364411549,0.265334241713403,0.734665758286597,-0.962444093122703,0.0375559068772974,-0.129426888974754,0.870573111025246,0.702393439430604,0.297606560569396,0.774596669241483,0.225403330758517,-0.994936676326182,0.005063323673818,4,92,21,21,6,0.0523809523809522,4.91536796536797,0.000627237120743611,0.00141676505312868,-0.000690476190476137,0.0226051726051726,0.567149590175906,9.04024268131305e-05,-0.00195098628112982,0.00142258691600797,4,0.345754550350745,21,2.61812615590278
3664,11614,170,0.993660791896455,0.00633920810354471,-0.769686339758848,0.230313660241152,-0.93021932364028,0.0697806763597199,0.986902694942432,0.0130973050575676,0.747935848737468,0.252064151262531,-0.789876566573566,0.210123433426434,0.774596669241483,0.225403330758517,-0.993660791896455,0.00633920810354462,4,133,18,18,5,0.150326797385621,4.34150326797386,0.00505147592806188,-0.0157668122541276,0.0113235294117648,0.064498321851263,0.849397191308956,0.000978140803032736,0.00736078983918404,-0.00526221074015192,4,-0.979691238031146,18,9.99995457408899
3664,11615,170,0.984731927834662,0.015268072165338,-0.762770071396473,0.237229928603527,0.98360818910522,0.0163918108947798,0.987039643742986,0.0129603562570135,-0.725952683905826,0.274047316094174,-0.796061587067949,0.203938412932051,0.774596669241483,0.225403330758517,-0.984731927834662,0.0152680721653381,4,136,11,11,4,0.145454545454546,3.48636363636364,0.0037741046831956,0.0223140495867769,-0.00950000000000001,0.155228758169935,0.73527183600713,0.00585440659846046,0.0278885107762113,-0.0129746732026144,4,-0.434634472311291,11,9.99993067683054
3664,11631,170,NA,NA,-0.768273325346535,0.231726674653465,0.942618888612286,0.0573811113877143,-0.975708678783052,0.0242913212169479,-0.552623084129128,0.447376915870872,0.656040232596937,0.343959767403063,0.774596669241483,0.225403330758517,-0.991836598134176,0.0081634018658243,4,106,33,33,10,0.390374331550801,6.11135069863723,0.028483768691931,0.021516596052626,-0.0198671726755218,0.0390050551470589,0.762285075950743,0.000282090281395119,-0.00221642445518236,0.00234710681777753,4,-0.0735949751412449,33,0.0507755946450349
3664,11632,170,NA,NA,-0.766153946618235,0.233846053381765,0.9386672975002,0.0613327024997998,-0.924465184226118,0.0755348157738825,-0.51027901054604,0.48972098945396,0.472501021607124,0.527498978392876,0.774596669241483,0.225403330758517,-0.989100491961172,0.0108995080388282,4,123,24,24,9,0.416666666666667,5.75189393939394,0.0345643939393939,0.0272542498152255,-0.0202083333333335,0.0353427895981087,0.792327914402382,0.000256699520299677,-0.00231318922289342,0.00161258865248227,4,0.0437409398468701,24,-0.297267092412669
3664,11633,170,NA,NA,-0.766153946618235,0.233846053381765,0.445420674037933,0.554579325962067,-0.264179525295527,0.735820474704473,0.168444522581853,0.831555477418147,-0.363657845569231,0.636342154430769,0.774596669241483,0.225403330758517,-0.989100491961172,0.0108995080388282,4,124,23,23,8,0.178053830227743,5.04451345755694,0.00680843646007023,0.00573987106330688,0.00296066252587999,0.0170148691887823,0.781710740949871,5.99204782596218e-05,-0.000319370547366307,-0.000599637681159429,4,0.0744329013342983,23,2.23931919062829
3664,11638,170,0.987189222821407,0.012810777178593,-0.764673483908549,0.235326516091451,-0.953552358661968,0.0464476413380321,0.976631940486814,0.023368059513186,0.871860746722137,0.128139253277863,-0.845126658087017,0.154873341912983,0.774596669241483,0.225403330758517,-0.987189222821407,0.0128107771785929,4,131,18,18,7,0.9625,4.76840277777778,0.184572241512346,-0.0693284274728189,0.0797881944444446,0.226495726495727,0.728865007541478,0.0111314308363335,0.017437733308855,-0.0189935268979387,4,-0.476463803466179,18,4.75756714427394
3664,11643,170,0.973851681096353,0.0261483189036467,-0.682500147701743,0.317499852298257,-0.8193286362613,0.1806713637387,0.831577447292739,0.168422552707261,0.931568202450879,0.0684317975491207,-0.956953096651673,0.0430469033483265,0.774596669241483,0.225403330758517,-0.973851681096353,0.0261483189036468,4,137,13,13,6,0.490909090909091,4.11733682983683,0.0420181134910157,-0.0467305812467104,0.0406762820512823,0.117079889807163,0.743632125450307,0.00243660146348826,0.0114214101310875,-0.0100621600621601,4,-0.350753485880884,13,9.99994058734867
3664,11648,170,0.870388279778489,0.129611720221511,-0.404519917477943,0.595480082522057,-0.262431940540739,0.737568059459261,0.0856832044746777,0.914316795525322,0.934198732993828,0.0658012670061723,-0.889621111952446,0.110378888047554,0.774596669241483,0.225403330758517,-0.870388279778489,0.129611720221511,4,150,8,8,5,0.333333333333333,3.35416666666667,0.0190972222222222,-0.0189393939393939,0.0275000000000001,0.055,0.778630952380952,0.00057333238851096,0.00107142857142859,-0.00453750000000001,4,0.25712973861329,8,0.299045240982753
3664,11655,170,NA,NA,-0.774596669241482,0.225403330758518,NA,NA,NA,NA,0.774596669241482,0.225403330758518,-0.774596669241482,0.225403330758518,0.774596669241483,0.225403330758517,-1,0,4,122,9,9,5,0.444444444444445,3.66666666666667,0.0493827160493828,-0.222222222222222,0.0366666666666667,0.130291005291005,0.733630952380952,0.0042439365149352,0.0651455026455027,-0.010749007936508,4,-0.117656650495904,9,1.7276086077805
3664,11663,170,0.970419683358717,0.00607997327883614,-0.936045810416981,0.0192276707790095,0.969883552246742,0.00624550828455339,-0.985887300278131,0.0141126997218689,-0.931529509969333,0.0212851918213821,0.948856719310808,0.0511432806891916,0.811418032824369,0.188581967175631,-0.989300484396829,0.010699515603171,5,83,101,101,12,2.12371134020619,7.36952093023925,0.871885491717337,0.0194959196164482,-0.151282618334996,0.0256054890653185,0.749904409692034,0.000129737602721936,-0.000277723350566751,0.00230219385740666,4,0.0280105211458826,101,0.481279610805787
3664,11664,170,0.985719938782123,0.00204407350413316,-0.889896717414258,0.0431249396233116,-0.972562324901389,0.00543324523333621,0.991677226002135,0.00832277399786507,0.905821627315678,0.0342001803961278,-0.848742650122786,0.151257349877214,0.774596669241483,0.225403330758517,-1,0,5,123,12,12,6,0.7,4.54,0.078,-0.0664670658682635,0.0440000000000001,0.0773049645390071,0.685992907801418,0.00132165551699278,0.0144208037825059,-0.00657269503546102,4,0.135869161551669,12,-1.33672661228451
3664,11665,170,0.952335112084816,0.0124022946095197,-0.883883476483185,0.0466618819197815,-0.563833888522279,0.322200867130972,-0.159553872862008,0.840446127137992,0.508475179873131,0.381683596396356,-0.494359593933972,0.505640406066028,0.774596669241483,0.225403330758517,-1,0,5,134,11,11,5,0.4,3.76444444444444,0.0231111111111111,-0.0239583333333334,0.0134444444444446,0.0185185185185185,0.823148148148148,5.9870827617741e-05,-0.000617283950617269,-0.000814814814814828,4,0.0346410161513778,11,0.639386704037986
3664,11675,170,0.973796612744355,0.0262033872556446,-0.890209452885626,0.109790547114374,0.973026646003675,0.0269733539963251,0.979411308073723,0.020588691926277,-0.970212629029501,0.0297873709704985,-0.785962719021703,0.214037280978297,0.79848449073686,0.201515509263139,-0.982868405113169,0.0171315948868307,4,99,89,89,11,0.448275862068965,7.26514395203046,0.0387573429118567,0.00504159861663104,-0.0406866787789346,0.0992504542388034,0.813769919325107,0.00236643390363072,0.0012539460128608,-0.0081443692371195,4,-0.221272482407236,89,1.07258782038601
3664,11676,170,NA,NA,-0.912245460839306,0.268694159506182,0.97842374649937,0.132485124078768,-0.556167135003816,0.624542868657236,-0.977198457911473,0.136209035427414,0.847803986596773,0.355848709151053,0.866025403784439,0.333333333333333,-0.99484975116711,0.0646391738271513,3,107,32,32,10,0.09375,6.05275537634409,0.00230100210284426,0.00951447193990282,-0.0128906250000001,0.00148276156340665,0.803548084082212,7.04693463857456e-07,-9.46465179687714e-05,0.000195716873705995,3,-0.37392703308356,32,-0.255609185019209
3664,11677,170,NA,NA,-0.866025403784439,0.333333333333333,NA,NA,NA,NA,-0.866025403784439,0.333333333333333,0.866025403784439,0.333333333333333,NA,NA,NA,NA,3,124,11,11,4,0.207792207792208,3.56709956709957,0.0143925338730534,0.0519480519480521,-0.0285714285714288,0.0512328251458686,0.706010414706067,0.000874934124142381,-0.0128082062864671,0.00704451345755693,3,0.408956440675985,11,9.99994852375452
3664,11687,170,NA,NA,-0.944911182523068,0.212295615009657,0.988334401359621,0.0973356052820569,-0.998023234592131,0.0400354076137052,-0.884036543152698,0.309631220291713,0.92247212337913,0.252331022623361,0.866025403784439,0.333333333333333,-0.981980506061966,0.121037718323677,3,114,21,21,9,0.169642857142857,5.79821428571429,0.00920599489795914,0.0358418367346943,-0.0233258928571434,0.00374149659863943,0.748272466881489,4.11267334491409e-06,-0.000764986445706075,0.000514455782312901,3,-0.60939278912626,21,-1.096030588096
3664,11688,170,NA,NA,-0.944911182523068,0.212295615009657,0.972628782813028,0.149292428368811,0.999630000724414,0.0173184471774892,-0.842988683945305,0.361588043378467,-0.935658145870227,0.229614062187146,0.866025403784439,0.333333333333333,-0.981980506061966,0.121037718323677,3,119,20,20,8,0.105263157894737,5.06842105263158,0.00351800554016621,0.0218045112781959,-0.0137500000000004,0.00575458253476835,0.788564548626468,9.45656145849325e-06,0.00116186825607438,-0.000791255098530659,3,-0.687376191385667,20,-0.352342410130123
3664,11694,170,NA,NA,-0.866025403784439,0.333333333333333,NA,NA,NA,NA,-0.866025403784438,0.333333333333333,0.866025403784439,0.333333333333333,0.866025403784439,0.333333333333333,-1,NA,3,129,14,14,7,0.083333333333333,4.47222222222222,0.0023148148148148,0.041666666666667,-0.0114583333333336,0.00599806697367666,0.850029374419618,1.19922691402369e-05,-0.00299903348683824,0.000824734208880492,3,-1.41379310344828,14,-0.618296230015119
3664,11700,170,NA,NA,-0.866025403784439,0.333333333333333,NA,NA,NA,NA,-0.866025403784439,0.333333333333333,0.866025403784439,0.333333333333333,NA,NA,NA,NA,3,136,8,8,6,0.125,4.08333333333333,0.00520833333333333,0.125,-0.0171875,0.0210084033613446,0.801120448179272,0.000147117670597651,-0.0210084033613444,0.00288865546218484,3,-1.1850951639998,8,-1.72494095517933
3664,11707,170,0.979660313372622,0.0203396866273784,-0.881595406505786,0.118404593494214,0.973590101726619,0.0264098982733811,-0.992295207607203,0.00770479239279733,-0.963337954790922,0.0366620452090779,0.820789484692072,0.179210515307928,0.789179839498004,0.210820160501995,-0.984553589315923,0.0154464106840766,4,109,57,57,9,0.654545454545454,6.39396853146853,0.0836123506446932,0.0121674402807653,-0.0593365384615387,0.0609262019098085,0.81844718192692,0.00085974764376691,-0.00125751810912103,0.00512655475300966,4,0.121862296730451,57,1.85415736879353
3664,11708,170,0.988613598620028,0.0113864013799718,-0.857212836557362,0.142787163442638,0.968092080533417,0.031907919466583,-0.99723582680937,0.00276417319062969,-0.943157274760064,0.0568427252399362,0.817204562263486,0.182795437736514,0.800110102444492,0.199889897555508,-0.994507777722691,0.00549222227730916,4,128,26,26,8,0.384615384615385,5.24297202797203,0.0310134203791547,0.0150936587905889,-0.0353807692307693,0.159120879120879,0.884345475952619,0.00598182906968292,-0.00682838342957779,0.0134634419152277,4,-1.13419927702322,26,1.76045443482862
3664,11713,170,0.998467127187277,0.00153287281272263,-0.872395452477461,0.127604547522539,-0.84148721038962,0.15851278961038,-0.895131893521682,0.294162487417937,0.49970373671053,0.50029626328947,0.736371841558948,0.473074862440004,0.798806732981385,0.201193267018615,-0.990298302572471,0.00970169742752949,4,130,21,21,7,0.294117647058823,4.82885154061625,0.0152063962840038,-0.0111303581835419,0.0131260504201681,0.00771478328173369,0.805921636198339,1.6344909830049e-05,-0.00173847018564502,0.000818693102240838,3,-0.647383792498083,21,6.08429471367568
3664,11714,170,NA,NA,-0.866025403784439,0.333333333333333,NA,NA,NA,NA,-0.866025403784438,0.333333333333333,0.866025403784439,0.333333333333333,NA,NA,NA,NA,3,144,8,8,4,0.107142857142857,3.17857142857143,0.0038265306122449,0.107142857142857,-0.0147321428571429,0.00549450549450547,0.772893772893773,1.00631968763836e-05,-0.00549450549450508,0.000755494505494452,3,-0.077138921583987,8,9.99993770741043
3664,11721,170,0.995007706822727,0.00499229317727323,-0.886592641311615,0.113407358688385,0.994404694570898,0.00559530542910158,NA,NA,-0.917291968146793,0.082708031853207,0.866025403784439,0.333333333333333,0.818964378023257,0.181035621976743,-0.986370202945985,0.013629797054015,4,137,13,13,6,0.153846153846154,4.10192307692308,0.00526134122287971,0.0127012522361359,-0.0141730769230769,0.00688940688940687,0.794060260726927,1.58213090959356e-05,-0.00229646896313561,0.000947293447293435,3,-0.573295746947432,13,2.22913283854756
3664,11724,170,0.975342893301088,0.0246571066989119,-0.876376933562473,0.123623066437527,0.998338179159142,0.00166182084085786,NA,NA,-0.853986492453439,0.146013507546561,0.866025403784438,0.333333333333333,0.774596669241483,0.225403330758517,-0.975342893301088,0.024657106698912,4,141,10,10,5,0.6,3.425,0.0825,0.0671232876712328,-0.0522500000000001,0.0344006568144499,0.751696770662288,0.000394468396421853,-0.0172003284072249,0.00473009031198686,3,0.371959553533742,10,9.38162979965285
3664,11733,170,0.968761028437254,0.0312389715627464,-0.902653948858425,0.0973460511415747,0.983316689742105,0.0166833102578949,-0.997230408156371,0.002769591843629,-0.965601356083653,0.0343986439163468,0.920630709014816,0.0793692909851837,0.774596669241483,0.225403330758517,-0.968761028437254,0.0312389715627464,4,119,31,31,8,0.896551724137931,5.53432311621967,0.15349902298035,0.0324537612920329,-0.08058588761175,0.041018706333108,0.745163108246273,0.000327951586192482,-0.00152131518403022,0.00355139226335984,4,1.07445339190076,31,1.2354855270979
3664,11735,170,0.966003081634581,0.0339969183654192,-0.906985175165036,0.0930148248349643,-0.708766852975667,0.291233147024333,0.965963481849997,0.0340365181500031,0.355109123376081,0.644890876623919,-0.773137981226522,0.226862018773478,0.774596669241483,0.225403330758517,-0.966003081634581,0.0339969183654192,4,124,29,29,7,0.65,5.1437962962963,0.0752280178326475,-0.017071789012663,0.0207472222222221,0.422028985507246,0.662311929954951,0.0439600607986737,0.0177858930775816,-0.0345298323847524,4,0.967604433077578,29,9.9999575468144
3664,11736,170,0.973728991120295,0.0262710088797047,-0.895668589502959,0.104331410497041,-0.760639993616939,0.239360006383061,0.952173243552945,0.0478267564470549,0.397586096554139,0.602413903445861,-0.724821471552723,0.275178528447277,0.774596669241483,0.225403330758517,-0.973728991120295,0.0262710088797048,4,148,15,15,5,0.681818181818182,4.11525974025974,0.0834422612020014,-0.0401154401154401,0.0244642857142857,0.108264462809917,0.803976705113069,0.00263293753022516,0.00892022119294847,-0.00792245254745257,4,0.0163396075311314,15,9.99994062969345
3664,11741,170,0.984287059892209,0.0157129401077913,-0.943119125143015,0.0568808748569853,-0.393862773939722,0.606137226060278,0.4712038630868,0.5287961369132,0.0938853718685909,0.906114628131409,-0.201271266439037,0.798728733560963,0.774596669241483,0.225403330758517,-0.936585811581694,0.0634141884183061,4,150,10,10,4,0.357142857142857,3.34404761904762,0.0226814058956916,-0.0166666666666666,0.0030119047619047,0.0714285714285714,0.832718253968254,0.000862771373981691,0.00388888888888888,-0.00125932539682538,4,-0.695125467546578,10,9.9999297648579
3664,11750,170,NA,NA,-0.960768922830523,0.178912375022067,0.979704303404991,0.128479659208697,-0.944091411963874,0.213884270810463,-0.996863774140361,0.0504327158133707,0.998491522307797,0.0349718957883964,NA,NA,NA,NA,3,131,14,14,6,0.341880341880342,4.06766381766382,0.0294046923320428,0.0807034845496385,-0.0470085470085472,0.0413653298268682,0.786954024133511,0.000429066124935198,-0.00939431486768757,0.00568773285119435,3,0.830985915492958,14,9.99992882545502
3664,11763,170,0.846314543161862,0.0706332320502048,-0.928137258577072,0.022874514068607,0.942070045385249,0.0165912242381436,0.987762998886253,0.0122370011137467,-0.979319844010332,0.00355887539074409,-0.764886421630331,0.235113578369669,0.817030220161172,0.0913290888909546,-0.849767033985363,0.0683037508586794,5,101,56,56,9,0.472727272727273,6.27770396270396,0.037909252557854,0.00722622932967493,-0.0331634615384615,0.162883693549744,0.79982631706231,0.00645716401151042,0.00386535180240945,-0.0130926084251233,4,-1.41421356237309,56,1.95021707652451
3664,11764,170,0.880450664452828,0.0487202272082707,-0.941904147389903,0.0166621226797163,0.89652162296513,0.0393323429784345,0.921630021394081,0.0783699786059193,-0.922222900012173,0.0257323122346668,-0.679507331491584,0.320492668508416,0.785770370885035,0.115127781126969,-0.886011167361103,0.0454003016644932,5,105,28,28,7,0.423076923076923,5.19347206738511,0.0398142091222623,0.015671393203176,-0.0320049857549857,0.115490692881997,0.72186938590952,0.00269977404722086,0.006098107631218,-0.00752083697796074,4,-0.138831957955417,28,2.76604686147379
3664,11765,170,0.980196058819607,0.0198039411803932,-0.867721831274624,0.132278168725376,-0.807820763584604,0.192179236415396,NA,NA,0.474928312332276,0.525071687667724,0.866025403784439,0.333333333333333,0.774596669241483,0.225403330758517,-0.980196058819607,0.0198039411803932,4,133,16,16,6,0.692307692307693,4.60817307692308,0.0826630300788955,-0.0325226244343891,0.0290865384615384,0.0378551628551629,0.835816585816586,0.000477671118263635,-0.0126183876183876,0.00520508489258486,3,-0.359671117897251,16,1.30041734196904
3664,11770,170,0.949427865407411,0.0505721345925894,-0.903177909981555,0.0968220900184446,-0.296945560792852,0.703054439207148,NA,NA,-0.00900389502708305,0.990996104972917,0.866025403784438,0.333333333333333,0.774596669241483,0.225403330758517,-0.953998092005724,0.0460019079942759,4,134,11,11,5,0.375,3.86079545454545,0.0265474345730028,-0.0102570650323459,-0.000312500000000073,0.0570887445887446,0.710948773448773,0.00108637491957297,-0.0190295815295815,0.00784970238095237,3,0.725388799751068,11,1.6806470765589
3664,11771,170,0.927172649945531,0.0728273500544692,-0.923380516876638,0.0766194831233619,0.99145739820804,0.00854260179195965,NA,NA,-0.943879807448539,0.0561201925514613,0.866025403784439,0.333333333333333,0.774596669241483,0.225403330758517,-0.927172649945531,0.0728273500544694,4,140,9,9,4,0.333333333333333,3.20833333333333,0.025462962962963,0.0419103313840156,-0.0320833333333335,0.0401851851851851,0.675432098765432,0.00053828303612254,-0.013395061728395,0.00552546296296292,3,0.728072773964947,9,9.99994187785417
3664,11780,170,0.984916179296249,0.00221878812567744,-0.812514394160846,0.0946626474058802,0.27639868336984,0.652611986170456,-0.549147278828711,0.450852721171289,-0.669894998452493,0.216044248315994,0.715205845165262,0.284794154834738,0.707106781186547,0.181690113816209,-0.984916179296249,0.00221878812567746,5,125,12,12,6,0.311111111111111,4.0359595959596,0.013536169778594,0.00786911026431986,-0.0135555555555555,0.0655555555555556,0.772629068462402,0.000742133508254596,-0.0183221099887767,0.00415030864197533,4,-0.234449508009592,12,0.838285393722826
3664,11781,170,NA,NA,-1,NA,0.501161441750734,0.498838558249266,-0.179825701895725,0.820174298104275,-0.501161441750733,0.498838558249267,0.179825701895723,0.820174298104277,NA,NA,NA,NA,4,131,8,8,5,0.314285714285715,3.52857142857143,0.0175510204081633,0.0514285714285714,-0.0141428571428572,0.111843711843712,0.636263736263736,0.00272941728375184,-0.00727716727716734,0.00200122100122101,4,0.135493514957902,8,-0.380754042579203
3664,11791,170,0.995187321669956,0.0048126783300444,-0.831726846581918,0.168273153418082,-0.981811871064598,0.0181881289354016,-0.226285281590439,0.854683679411363,0.713357460492936,0.286642539507064,0.0381274955149912,0.97572139773504,0.856388825944281,0.143611174055719,-0.993304793470705,0.00669520652929488,4,116,28,28,8,1.6,5.85824175824176,0.584410900454856,-0.0589698367476145,0.116164835164835,0.00325027510212694,0.825743102348041,3.37617071357382e-06,-0.000272194981189584,1.92656280618842e-05,3,-1.65947099080682,28,0.323261207357007
3664,11792,170,0.998523984435339,0.0014760155646607,-0.803201558366784,0.196798441633216,-0.997769798361142,0.00223020163885791,NA,NA,0.767712436704415,0.232287563295585,0.866025403784438,0.333333333333333,0.774596669241483,0.225403330758517,-0.998523984435339,0.00147601556466084,4,123,19,19,6,1.33333333333333,5.00438596491228,0.440622755719708,-0.0763080267039279,0.108552631578948,0.00481596147230823,0.810103760304669,7.73116163425241e-06,-0.00481596147230808,0.000662194702442366,3,-1.20933279984237,19,5.02010999679267
3664,11793,170,0.995863477615015,0.00413652238498496,-0.821159792959174,0.178840207040826,-0.995245766369821,0.00475423363017892,NA,NA,0.770985651652806,0.229014348347194,0.866025403784439,0.333333333333333,0.774596669241483,0.225403330758517,-0.995863477615015,0.00413652238498496,4,130,12,12,5,1.09090909090909,4.18371212121212,0.296157598714417,-0.104395346655409,0.0893750000000002,0.00712121212121208,0.765353535353535,1.69038873584326e-05,-0.0071212121212117,0.000979166666666612,3,0.0511890240659034,12,9.99995694407654
3664,11810,170,NA,NA,-1,9.48637384723993e-09,0.999015263178192,0.0282547100451311,-0.999249597930389,0.0246643283877228,-0.999015263178192,0.0282547100451312,0.999249597930389,0.0246643283877246,0.866025403784439,0.333333333333333,-0.866025403784439,0.333333333333333,3,128,9,9,7,0.619047619047619,4.01587301587302,0.0959939531368102,0.30952380952381,-0.0851190476190481,0.0802154195011338,0.777116402116402,0.00161104533776221,-0.0401077097505667,0.0110296201814059,3,-0.77144634435541,9,-1.75165641016527
3664,11811,170,0.981980506061966,0.121037718323677,-1,9.48637384723993e-09,0.998269116298615,0.0374620662620866,-0.998839817218011,0.0306690501806742,-0.998269116298615,0.0374620662620867,0.998839817218011,0.0306690501806743,0.866025403784439,0.333333333333333,-0.866025403784439,0.333333333333333,3,129,8,8,6,0.583333333333333,3.4484126984127,0.08536470143613,0.291666666666667,-0.0802083333333337,0.0841463414634146,0.720073557878436,0.0017742662535303,-0.0420731707317072,0.0115701219512195,3,-0.515772005100776,8,-1.60996989062982
3664,11818,170,0.84399392527625,0.072212582702738,-0.920589810174181,0.0265403309225013,-0.0413310767254316,0.947390625191699,0.911117366565753,0.031382150383785,-0.0985052643163789,0.874782330691785,-0.785168222685058,0.115602279128608,0.886644889735527,0.0450266694565427,-0.991142437028002,0.000999372443894428,5,45,754,754,19,0.532018335879982,11.402048817095,0.0402882818949197,-2.71663001926073e-05,-0.0034388363102763,0.130064162009245,0.825539027081305,0.00317550774089298,0.000168130039519786,-0.00769541404968673,5,-0.208957119692502,754,0.494044748114651
3664,11819,170,0.794446185750808,0.108356855380384,-0.925792437175408,0.0239945133131115,0.943247130207074,0.0160910189357319,-0.997560525312758,0.00243947468724236,-0.86591087927319,0.0577418086504791,0.882205968444386,0.117794031555614,0.807731011787202,0.0982331737400362,-0.900938809754768,0.03686620197029,5,49,200,200,18,3.75132275132275,9.69043300653595,2.50312393121812,0.0174410475937834,-0.238274222883598,0.0564467903684538,0.736171353563258,0.000694007860224507,-0.000437955506066539,0.0049506304102825,4,1.17766529927562,200,-0.0264532342293325
3664,11820,170,NA,NA,-0.857157730703647,0.142842269296353,0.97566558606049,0.0243344139395096,0.848842303352008,0.151157696647992,-0.933786412524492,0.0662135874755081,-0.66231690756093,0.33768309243907,0.802816706220938,0.197183293779062,-0.994024591199281,0.00597540880071945,4,65,172,172,17,0.483116883116883,10.2155319352597,0.0499193093352342,0.0037302669864828,-0.0444416477992016,0.0115664049461959,0.734221981524032,2.84087984478397e-05,7.74208783163635e-05,-0.000751970136728775,4,0.475377899229739,172,-0.0882928794255394
3664,11821,170,NA,NA,-0.913500278391139,0.0864997216088611,0.999618562458822,0.000381437541177476,-0.995603933698343,0.00439606630165711,-0.9038309870136,0.0961690129864004,0.873740009573446,0.126259990426554,0.855773296923124,0.144226703076876,-0.989420747235675,0.0105792527643252,4,98,10,10,5,1.13333333333333,3.40833333333333,0.259537037037037,0.163793103448276,-0.0980833333333336,0.150308641975309,0.721434082892416,0.00483834339491398,-0.0222739159520769,0.0129460978835979,4,1.28127155776351,10,-1.22355848743351
3664,11830,170,0.987486054143468,0.0125139458565315,-0.853520266759365,0.146479733240635,0.91162731575405,0.0883726842459498,0.932363020287537,0.0676369797124627,-0.977913749051189,0.0220862509488113,-0.671176107129502,0.328823892870498,0.800050330782912,0.199949669217088,-0.993921471869378,0.00607852813062205,4,71,162,162,16,0.363771712158808,9.59276647214266,0.0274866988797831,0.00273015308711697,-0.0345358511270514,0.0252534206610574,0.742605296095115,0.000127351992878779,0.00019006243564006,-0.00161342090438016,4,0.0812419880984181,162,0.0140564777590176
3664,11836,170,0.986021847531194,0.0139781524688054,-0.857392564955338,0.142607435044662,0.991744452897191,0.00825554710280918,0.29598040207051,0.70401959792949,-0.915662755863617,0.0843372441363828,-0.130787409248508,0.869212590751492,0.799853357103835,0.200146642896165,-0.992841172036421,0.00715882796357856,4,85,156,156,15,0.608673205988643,8.78288555721442,0.076697544028054,0.00524163291709143,-0.0540175145460384,0.00453482171285569,0.84695511409458,4.28133050539553e-06,1.16876831057023e-05,-5.76452641561857e-05,4,-0.210998462419264,156,0.173070468059974
3664,11837,170,0.988247583172436,0.0117524168275638,-0.849219114501614,0.150780885498386,0.182030406320429,0.817969593679571,0.926427340153694,0.0735726598463056,-0.657213392021161,0.342786607978839,-0.689156751287412,0.310843248712588,0.806036852333446,0.193963147666554,-0.995633682999739,0.00436631700026089,4,91,123,123,14,0.228870858688303,8.58270270973111,0.00892223574265454,0.000398251877110414,-0.0132236568367402,0.0264935803391897,0.842979442961541,0.000142746786977092,0.000256372583611475,-0.00175391888748817,4,-0.0501279493037958,123,-0.067042054034656
3664,11838,170,0.980192895126189,0.0198071048738113,-0.837991619370799,0.162008380629201,0.586021364271636,0.413978635728363,0.955166222178252,0.0448337778217485,-0.831946211007948,0.168053788992052,-0.74993814379781,0.25006185620219,0.813076997666957,0.186923002333043,-0.991199231364721,0.00880076863527891,4,106,67,67,11,0.221918639951427,7.47371327822148,0.0131396305671536,0.00292640249679732,-0.0203139858016907,0.0332331910751722,0.794296141785262,0.000250586625417209,0.000658698890478427,-0.00252878965594065,4,0.068564190067604,67,0.0978221873068103
3664,11839,170,0.981306762925316,0.0186932370746837,-0.847822751996794,0.152177248003206,-0.54589697085084,0.45410302914916,0.931756488473689,0.0682435115263111,0.0361992239335665,0.963800776066433,-0.602674928181866,0.397325071818134,0.82478683394547,0.17521316605453,-0.994937314361112,0.00506268563888776,4,108,24,24,10,0.4,6.02219202898551,0.0322597996744382,-0.0111018208844296,0.00138496376811579,0.108573853989813,0.625464152859517,0.00259789369150242,0.00537731913682308,-0.00654337983809453,4,0.133435313750705,24,-0.749881972750545
3664,11840,170,0.972228844446342,0.0277711555536575,-0.881269943737761,0.118730056262239,0.840074488171681,0.159925511828319,0.999467457769836,0.000532542230163635,-0.930865105652112,0.0691348943478879,-0.892261752961336,0.107738247038664,0.831024518978157,0.168975481021843,-0.992311633870964,0.00768836612903577,4,121,22,22,9,0.118181818181818,5.26464646464646,0.00390368329762269,0.00651443835012511,-0.0123888888888889,0.0566127749801218,0.736649724824995,0.0007158236799156,0.00331889553580797,-0.00508514834505231,4,-0.685518052278712,22,-0.392827691182333
3664,11841,170,0.927172649945531,0.0728273500544694,-0.923380516876638,0.0766194831233619,0.981501292962498,0.0184987070375016,NA,NA,-0.864630243798809,0.135369756201191,0.866025403784439,0.333333333333333,0.882137317922086,0.117862682077914,-0.989462208621362,0.0105377913786384,4,134,9,9,4,1.44444444444444,3.01388888888889,0.474022633744856,0.179012345679012,-0.126805555555556,0.0567901234567901,0.821399176954733,0.00107503937407915,-0.0189300411522633,0.00780864197530861,3,-0.936225141980225,9,9.99994627250967
3664,11849,170,0.994134846772434,0.00586515322756576,-0.829288428862728,0.170711571137272,0.662266178532522,0.337733821467478,-0.914801197960732,0.085198802039268,-0.894427190999916,0.105572809000084,0.944728680553855,0.0552713194461454,0.774596669241483,0.225403330758517,-0.994134846772434,0.00586515322756574,4,135,13,13,8,0.173076923076923,4.83653846153846,0.00998520710059175,0.0151821862348179,-0.0190384615384617,0.0476190476190476,0.665584415584416,0.000521417014923507,-0.00479228373965215,0.0045952380952381,4,-0.304403173783493,13,-1.25886866089653
3664,11852,170,0.990147542976674,0.00985245702332582,-0.843661487732106,0.156338512267894,-0.513436030810273,0.486563969189727,0.882024205329817,0.117975794670183,0.0608580619450202,0.93914193805498,-0.539692812223689,0.460307187776311,0.774596669241483,0.225403330758517,-0.990147542976674,0.00985245702332582,4,143,10,10,7,0.222222222222222,4.57777777777778,0.00888888888888888,-0.0143790849673204,0.00122222222222233,0.0915637860082305,0.560751028806584,0.00150048758940315,0.0101488743645606,-0.00445318930041152,4,-0.598131216261009,10,-1.51756891819846
3664,11853,170,0.986440050415621,0.013559949584379,-0.853986492453439,0.146013507546561,0.976085965677683,0.023914034322317,-0.948998617661119,0.0510013823388807,-0.923380516876638,0.076619483123362,0.940695426256987,0.0593045737430129,0.774596669241483,0.225403330758517,-0.986440050415621,0.0135599495843789,4,154,9,9,6,0.333333333333333,3.88541666666667,0.0247395833333334,0.0534511784511785,-0.0309375000000001,0.0746527777777778,0.806981646825397,0.00126515057942544,-0.0117519440436107,0.00712735615079369,4,-1.3596653160858,9,-1.23175307306859
3664,11862,170,0.983000294822333,0.0169997051776669,-0.831579225540615,0.168420774459385,0.928494661130696,0.0715053388693039,0.941354755119073,0.0586452448809269,-0.873070105467852,0.126929894532148,-0.801822130446051,0.198177869553949,0.80939270057087,0.19060729942913,-0.989242537265051,0.0107574627349486,4,113,43,43,10,0.426829268292683,6.73635127992147,0.0356377979272153,0.0124071692186379,-0.0351085479121045,0.0647456320586515,0.682293113011725,0.000893804372255884,0.00199210590249849,-0.00510631491668048,4,0.182156898201087,43,0.370794461914976
3664,11863,170,0.986740871822807,0.013259128177193,-0.788981876354459,0.21101812364554,0.948887822531424,0.0511121774685761,-0.917752860729908,0.0822471392700916,-0.920981615659792,0.0790183843402084,0.91089752139899,0.0891024786010095,0.814974333454692,0.185025666545308,-0.992513638596555,0.00748636140344484,4,116,35,35,9,1.10606060606061,6.20266457680251,0.264384605613662,0.0465903135749064,-0.100873563218391,0.0910306771417883,0.619933242754124,0.00172592048792066,-0.00364081672368132,0.00806098719819987,4,-0.401627080615168,35,0.244418160275957
3664,11864,170,0.978145723164583,0.0218542768354171,-0.809921413623403,0.190078586376597,0.98454624444787,0.0154537555521301,-0.993147781601696,0.0068522183983035,-0.89955817424316,0.10044182575684,0.869652122527217,0.130347877472782,0.823733804298767,0.176266195701233,-0.98967571476433,0.0103242852356695,4,130,32,32,8,1.09318996415771,5.51108747882941,0.262586861810046,0.0510504334130889,-0.0981915396431527,0.0869937275985664,0.742207408556199,0.00156973382630955,-0.00398156401411108,0.00733950699614009,4,-1.20662023162185,32,1.09971960392156
3664,11865,170,0.973025545134656,0.0269744548653441,-0.811679449913427,0.188320550086573,0.981973253796953,0.0180267462030472,-0.980657335844251,0.0193426641557486,-0.905467506152234,0.0945324938477656,0.910239294553871,0.0897607054461291,0.831755715666674,0.168244284333326,-0.987762224511877,0.0122377754881231,4,136,28,28,7,1.14880952380952,4.91208213083213,0.286042198111177,0.0589639896362585,-0.103156415343916,0.0715808062355378,0.763144564774999,0.00112266556490403,-0.00368905076184407,0.006496644458601,4,-1.43615309288084,28,3.87261415783235
3664,11872,170,0.967274779878099,0.0327252201219008,-0.844896480956336,0.155103519043664,0.97811491964862,0.0218850803513804,-0.946712344203025,0.0532876557969747,-0.93600074123663,0.0639992587633702,0.721595297493355,0.278404702506645,0.786599988981644,0.213400011018356,-0.972219289948788,0.027780710051212,4,147,21,21,6,0.777777777777778,4.49861111111111,0.13025462962963,0.0435902866017224,-0.0719583333333334,0.178467908902691,0.873469799819241,0.00716542392118247,-0.00989560249444117,0.0130113679339013,4,-1.61449754874685,21,5.90280176614526
3664,11873,170,0.981501292962498,0.0184987070375016,-0.76026763238496,0.23973236761504,-0.61842467788954,0.38157532211046,0.894715574715863,0.294756448753135,-0.0403238919272773,0.959676108072723,0.44663636256004,0.705243551246865,NA,NA,NA,NA,4,150,12,12,5,0.1,3.95416666666667,0.00284722222222223,-0.00670103092783505,-0.00045833333333338,0.0148989898989899,0.746077441077441,5.56992483760158e-05,0.00578282828282825,0.000916666666666642,3,-1.00101019130255,12,5.6092814736401
3664,11876,170,0.993872837482828,0.00612716251717194,-0.768273325346535,0.231726674653465,0.95062600749655,0.0493739925034502,0.0213784562404536,0.986389015129904,-0.928743292069505,0.0712567079304954,0.999771454687908,0.0136109848700978,NA,NA,NA,NA,4,155,9,9,4,0.375,3.23958333333333,0.0282118055555556,0.0431910569105692,-0.0332291666666669,0.0142857142857142,0.807231040564374,5.10437371107562e-05,0.000264550264549995,0.00196428571428564,3,-1.51136094348632,9,9.99994187785417
3664,11884,170,0.924891601078248,0.0751083989217523,-0.934198732993827,0.065801267006173,0.984731927834662,0.0152680721653384,-0.997754118352393,0.0426746402429914,-0.948683298050514,0.0513167019494865,0.830588924339078,0.376007973576325,0.802684526706645,0.197315473293355,-0.925971965594128,0.0740280344058716,4,151,9,9,5,1.5,2.9,0.54,0.218181818181818,-0.148500000000001,0.025187969924812,0.841729323308271,0.000196873763355757,-0.00808270676691727,0.00320488721804511,3,-0.800132264198639,9,0.208305153906271
3664,11897,170,NA,NA,-0.866025403784439,0.333333333333333,NA,NA,NA,NA,-0.866025403784439,0.333333333333333,0.866025403784438,0.333333333333333,NA,NA,NA,NA,3,138,8,8,4,0.125,3.08333333333333,0.00520833333333333,0.0416666666666667,-0.0171875000000001,0.0549107142857143,0.663392857142857,0.00100506218112245,-0.0183035714285714,0.00755022321428569,3,1.25383882849573,8,9.99995434071618
3664,11904,170,0.990042139053938,0.00995786094606199,-0.855613647505666,0.144386352494334,-0.443529181851946,0.556470818148054,0.959866773073025,0.040133226926975,-0.0685310028662127,0.931468997133787,-0.677677427937125,0.322322572062875,0.801257548163393,0.198742451836607,-0.994621036859131,0.00537896314086927,4,93,56,56,13,0.234848484848485,7.7166889483066,0.0144112265308003,-0.00261391963895418,-0.00175245098039238,0.0824338298709671,0.761945098643955,0.00149174557360447,0.00182002727810641,-0.00557543450326619,4,-0.147556604530966,56,-0.366895461942065
3664,11905,170,0.995910003310479,0.00408999668952137,-0.828571428571428,0.171428571428572,0.0689042178148453,0.931095782185155,-0.984673732066376,0.111601381033349,-0.615385945311896,0.384614054688104,0.984673732066376,0.111601381033349,0.825591463528157,0.174408536471843,-0.998737629732413,0.00126237026758715,4,111,21,21,7,0.21111111111111,4.99722222222222,0.00743827160493822,0.000657596371882056,-0.0113055555555555,0.0159282386757854,0.76334952258235,6.54170285424462e-05,-0.00796411933789249,0.00219013281792045,3,0.167774098561572,21,1.25456326993305
3664,11906,170,0.986927542439653,0.0130724575603467,-0.866400225443962,0.133599774556038,0.944301464743392,0.0556985352566075,-0.772991126944813,0.437519393886625,-0.907519968539307,0.0924800314606926,0.772991126944813,0.437519393886626,0.85788881898287,0.14211118101713,-0.99617469424438,0.00382530575562047,4,126,12,12,6,0.363636363636363,4.22424242424242,0.0274012855831037,0.0308539944903581,-0.0320000000000001,0.0237373737373737,0.668380777471687,0.00016081664236769,-0.00980257116620746,0.00269570707070707,3,-0.326711700967994,12,-0.370944798842046
3664,11907,170,0.983934698056655,0.016065301943345,-0.875064027253336,0.124935972746664,0.985448602289506,0.0145513977104939,-0.375926585997286,0.75464896569885,-0.826372582010841,0.173627417989159,0.375926585997286,0.75464896569885,0.865666112123967,0.134333887876033,-0.99528293564816,0.00471706435184016,4,135,11,11,5,0.7,3.4729797979798,0.10292036526885,0.0691255181295022,-0.0564722222222224,0.0253968253968254,0.747051467051467,0.000164369177933392,-0.00481962481962475,0.00132539682539682,3,-0.696119467422921,11,9.99992460591587
3664,11917,170,NA,NA,NA,NA,NA,NA,NA,NA,-0.866025403784439,0.333333333333333,0.866025403784439,0.333333333333333,NA,NA,NA,NA,3,130,9,9,5,0.25,3.58333333333333,0.0208333333333333,NA,-0.0343750000000002,0.00982142857142865,0.798511904761905,3.21534863945583e-05,NA,0.00135044642857139,3,0.557152060177002,9,1.72760860777832
3664,11925,170,0.983487894097672,0.0165121059023283,-0.875508901784597,0.124491098215403,0.995154121967214,0.00484587803278647,-0.991983400485298,0.00801659951470204,-0.896956995188994,0.103043004811006,0.926027174033712,0.0739728259662875,0.774596669241483,0.225403330758517,-0.983487894097672,0.0165121059023285,4,102,35,35,12,0.8,7.50625,0.121822916666667,0.0305914673561733,-0.0666875000000003,0.0785714285714285,0.674922591394734,0.00115582041637273,-0.00297026400189578,0.00670621126648658,4,-0.17223375314415,35,-0.70146734006548
3664,11927,170,0.991956194933795,0.00804380506620506,-0.883710927777271,0.116289072222729,0.99573740203631,0.00426259796369011,-0.998671356824812,0.00132864317518819,-0.841334141263089,0.15866585873691,0.858904138752685,0.141095861247315,0.774596669241483,0.225403330758517,-0.980180563731059,0.0198194362689407,4,104,33,33,11,1.15151515151515,6.78787878787879,0.28099173553719,0.050888435086731,-0.0950000000000003,0.12645202020202,0.659543566134802,0.00335745601246547,-0.00557898587131695,0.0106012769491577,4,-0.282491277851284,33,-0.530185604463311
3664,11928,170,0.98018056373106,0.0198194362689406,-0.883710927777271,0.116289072222729,0.995293798011504,0.00470620198849581,-0.99951430701279,0.000485692987210123,-0.851137641936182,0.148862358063818,0.877280220839757,0.122719779160243,0.774596669241483,0.225403330758517,-0.98018056373106,0.0198194362689404,4,114,32,32,10,0.788194444444445,6.08210608237548,0.126972730270019,0.0341927498360296,-0.0646045857279695,0.103002592165899,0.735458529115978,0.00214109306509142,-0.00445896731876091,0.00864697949864195,4,-0.784016947818323,32,0.068920642714221
3664,11929,170,0.978145723164583,0.0218542768354171,-0.888300905264378,0.111699094735622,-0.47973464039324,0.52026535960676,-0.990614319332583,0.00938568066741698,0.248645213386135,0.751354786613865,0.907387524781607,0.0926124752183926,0.774596669241483,0.225403330758517,-0.978145723164583,0.0218542768354172,4,125,28,28,9,0.113333333333333,5.78934265010352,0.00260614527474506,-0.00247814781054132,0.00270388198757759,0.0531452087007642,0.789698692701108,0.000518000820664723,-0.00228137481295715,0.00439912545050229,4,-0.993154205734004,28,0.296524799486204
3664,11930,170,0.965824278773163,0.0341757212268372,-0.905624115601881,0.0943758843981193,-0.743832376035451,0.256167623964549,-0.121739577904472,0.878260422095528,0.778935236484594,0.221064763515406,0.466068306046095,0.533931693953905,0.774596669241483,0.225403330758517,-0.965824278773163,0.0341757212268372,4,128,19,19,8,0.125,5.4406798245614,0.00296442174515235,-0.00617605059159526,0.0090339912280702,0.0187651668854676,0.652536599435096,7.16497678729233e-05,-0.000157146588632278,0.000840359828141783,4,-0.184353421134623,19,-0.157797783050428
3664,11933,170,0.952786134680662,0.0472138653193379,-0.922531208028884,0.0774687919711155,-0.98739349296328,0.0126065070367201,0.968528546325084,0.0314714536749161,0.919733244734953,0.0802667552650471,-0.813062386482758,0.186937613517242,0.774596669241483,0.225403330758517,-0.952786134680662,0.0472138653193383,4,143,16,16,7,0.729166666666667,5.19270833333333,0.109194155092593,-0.0582890070921986,0.0647395833333335,0.318518518518519,0.699816541483208,0.0237477724498214,0.0266637092878228,-0.0266896961063629,4,-0.479358630339088,16,0.0529150461820395
3664,11934,170,0.966091783079296,0.0339082169207041,-0.908688222502242,0.0913117774977579,-0.888782942211215,0.111217057788785,0.972276720413386,0.0277232795866142,0.82507600953283,0.17492399046717,-0.80063606201842,0.19936393798158,0.774596669241483,0.225403330758517,-0.966091783079296,0.0339082169207041,4,145,14,14,6,0.416666666666667,4.43208874458874,0.0314347674331441,-0.032622139764997,0.0311607142857144,0.290909090909091,0.716767898767899,0.0197154122198518,0.0282620998049569,-0.02394673992674,4,-0.844311377245509,14,1.42535702618408
3664,11935,170,0.971060761117723,0.0289392388822773,-0.882994419226433,0.117005580773567,0.870388279778491,0.129611720221509,0.970512470825659,0.0294875291743408,-0.939336436627725,0.060663563372275,-0.773343049061213,0.226656950938787,0.774596669241483,0.225403330758517,-0.971060761117723,0.0289392388822773,4,147,12,12,5,0.0833333333333335,3.70416666666667,0.00118055555555556,0.00757575757575761,-0.00687500000000005,0.235748792270531,0.727393500219587,0.0138720222085539,0.0289561506720307,-0.0194021739130435,4,-1.19070121196775,12,9.99994995062723
3664,11948,170,0.990147542976674,0.00985245702332582,-0.843661487732106,0.156338512267894,0.685994340570035,0.314005659429965,-0.993634641171795,0.00636535882820486,-0.894427190999916,0.105572809000084,0.789416505938555,0.210583494061445,0.774596669241483,0.225403330758517,-0.990147542976674,0.00985245702332582,4,139,9,9,5,0.0555555555555554,3.52777777777778,0.00102880658436213,0.00653594771241826,-0.00611111111111109,0.300179211469534,0.777041730670763,0.0221103442308309,-0.0438879853016475,0.0250041602662571,4,-1.21826279118504,9,1.72760860780524
3664,11959,170,0.972381248188587,0.0276187518114135,-0.892685364242672,0.107314635757328,0.997498734528116,0.00250126547188412,-0.963658888739523,0.036341111260477,-0.869269659137947,0.130730340862053,0.960348851973539,0.0396511480264614,0.774596669241483,0.225403330758517,-0.972381248188587,0.0276187518114135,4,117,33,33,8,0.5625,5.38413149350649,0.069124121110221,0.0283348703825357,-0.0486830357142858,0.0302288120684348,0.788885529356467,0.000194854598228818,-0.00145335840573981,0.00285556907475655,4,-0.615258005540052,33,5.64966584281444
3664,11960,170,0.969189495071241,0.0308105049287595,-0.897933102735433,0.102066897264567,0.914585569745789,0.0854144302542106,-0.993145088006413,0.00685491199358688,-0.852085922996071,0.147914077003929,0.841531804063032,0.158468195936968,0.774596669241483,0.225403330758517,-0.969189495071241,0.0308105049287595,4,124,25,25,7,0.166666666666667,4.92333333333333,0.0052888888888889,0.0075839653304442,-0.0132,0.0570258349086327,0.770976188107319,0.000747736564818212,-0.00309654061505535,0.00490177262627271,4,-0.345194794207261,25,9.99995174619185
3664,11961,170,0.975342893301088,0.0246571066989119,-0.876376933562473,0.123623066437527,0.959258244808532,0.0407417551914677,-0.979123189425938,0.0208768105740623,-0.738037487673211,0.261962512326789,0.784240355192069,0.21575964480793,0.774596669241483,0.225403330758517,-0.975342893301088,0.024657106698912,4,139,11,11,5,0.777777777777778,3.55808080808081,0.13899091929395,0.0837138508371385,-0.0586111111111112,0.272140762463343,0.797173346366895,0.0182896606570652,-0.0309962193744783,0.0225922939068101,4,-0.0468121839883484,11,9.99993620945769
3664,11971,170,0.960987652240945,0.0390123477590554,-0.916157334902188,0.0838426650978117,-0.355636020211176,0.644363979788824,-0.980719847274593,0.0192801527254066,0.102736957718343,0.897263042281657,0.830901405949823,0.169098594050177,0.774596669241483,0.225403330758517,-0.960987652240945,0.0390123477590555,4,140,14,14,6,0.25,4.15590659340659,0.0129783792215111,-0.00898486759142498,0.00249313186813186,0.141880341880342,0.799630924630925,0.00417001736931807,-0.0140446074872304,0.0114294871794872,4,-0.628415300546448,14,9.99992442006227
3664,11972,170,0.958423217380105,0.0415767826198952,-0.898684364939247,0.101315635060753,-0.742705434442952,0.257294565557048,-0.995358498043916,0.00464150195608384,0.4639484259402,0.5360515740598,0.865265079315855,0.134734920684145,0.774596669241483,0.225403330758517,-0.958423217380105,0.0415767826198953,4,149,9,9,5,0.714285714285714,3.59920634920635,0.0875745359872344,-0.0665212649945475,0.0292460317460318,0.222222222222222,0.844104308390023,0.0112140346186346,-0.0319018192518738,0.0195181405895692,4,-0.340419908768148,9,0.961740159432888
3664,11984,170,NA,NA,-0.774596669241482,0.225403330758518,NA,NA,NA,NA,0.774596669241482,0.225403330758518,0.774596669241482,0.225403330758518,0.774596669241483,0.225403330758517,-1,0,4,138,8,8,4,0.0357142857142856,3.25892857142857,0.000318877551020406,-0.0357142857142856,0.00294642857142857,0.0107886904761905,0.811848958333333,2.90989605477607e-05,-0.0107886904761904,0.000890066964285709,4,-0.791959594928933,8,9.55904857363267
3664,11991,170,0.991785205874113,0.000892674263025972,-0.743047872847208,0.150183122096943,-0.770440815530557,0.127387042533658,0.808710936362371,0.191289063637629,0.926198732295409,0.0237992107077014,-0.831889091020648,0.168110908979352,0.766930396253941,0.130245912663895,-0.996890879145495,0.000208011630624854,5,81,28,28,8,0.625,5.64143356643357,0.0839804208029732,-0.0209848124490351,0.0466826923076923,0.123203209426952,0.643191782163448,0.00329006473526461,0.0242247789367743,-0.0101642647777235,4,1.2801929935184,28,1.27762707540132
3664,11996,170,0.995105208005666,0.000410786436167765,-0.649519052838332,0.23554029439172,-0.22943059259853,0.710463311330008,-0.729232268543954,0.270767731456046,0.841319289706506,0.0740462462605103,-0.190072826803557,0.809927173196443,0.707106781186548,0.181690113816209,-0.995105208005666,0.000410786436167611,5,110,23,23,7,0.152882205513785,4.96942355889724,0.00330211493646397,-0.00150441207184631,0.00840852130325829,0.00860206070732383,0.758995753272069,1.96140011411926e-05,-0.00322960178223327,-0.000179312865497062,4,1.16864877286761,23,2.91240070396882
3664,11997,170,NA,NA,0.774596669241482,0.225403330758518,NA,NA,NA,NA,0.774596669241482,0.225403330758518,-0.774596669241482,0.225403330758518,NA,NA,NA,NA,4,124,10,10,5,0.402777777777778,3.47569444444444,0.0405574845679012,0.402777777777777,0.0332291666666667,0.0427018633540373,0.727678571428571,0.000455862283476717,-0.0427018633540373,-0.00352290372670809,4,1.55316807712788,10,2.87629640949271
3664,12006,170,0.986690271720408,0.00183958003889551,-0.651182356593347,0.233931553924836,0.990861412323851,0.00104726420606571,0.896250092173051,0.103749907826949,-0.735930609921047,0.15628329816051,0.74316770854356,0.25683229145644,0.707106781186547,0.181690113816209,-0.986690271720408,0.00183958003889544,5,129,13,13,6,0.307692307692307,4.22762237762238,0.0167923859357426,0.0251815492200108,-0.0165865384615386,0.0148217636022514,0.723098243220194,5.2996307650339e-05,0.0068146930674646,0.00115243902439024,4,0.372354447941112,13,0.543759054744856
3664,12007,170,0.980498039005883,0.00325969341068344,-0.637101935646485,0.247644262140056,0.966773775396714,0.00723400742029612,0.967791316819207,0.0322086831807931,-0.760583550042434,0.135462215134054,0.607524895745977,0.392475104254023,0.707106781186547,0.181690113816209,-0.980498039005883,0.00325969341068323,5,134,11,11,5,0.777777777777778,3.58646464646465,0.108271400877461,0.0754000680966973,-0.0435277777777778,0.0534652076318743,0.693283529741863,0.000639262655942768,0.0255573410876442,0.00327199074074077,4,0.736121593216773,11,9.99994083648797
3664,12018,170,0.855583515902427,0.0644347417236273,-0.916998021268399,0.0283455077842341,-0.630771904517296,0.253877440372393,0.943990307157643,0.0157777808759612,0.469236377895701,0.42526244799088,-0.81950380424645,0.0895186598985777,0.881919750031033,0.0478359112401481,-0.991305395908204,0.000971944263269374,5,63,554,554,15,0.555859802847756,10.4199475035943,0.0442057654270472,-0.000602308920495537,0.0171590729520774,0.0847156759743984,0.880783857381415,0.00130759150520046,0.000155028333019654,-0.00515406283298913,5,-1.00636763314383,554,0.829714108582711
3664,12019,170,0.861468971663557,0.0605923340394878,-0.926500507910544,0.0236544838169276,-0.630717799273179,0.253930897518173,0.986895348273635,0.00179728333493578,0.455326631766032,0.440966677730353,-0.892305406798175,0.0417332011504759,0.879289442241714,0.0494228375391763,-0.987941914503471,0.00158658856995738,5,66,303,303,14,0.83381324557795,9.6560120181081,0.0964087760175796,-0.00166551982802185,0.0245891789030845,0.108712579111584,0.808062737017772,0.002095707350227,0.000384231402219796,-0.00710463109562251,5,-1.40988582219021,303,0.896836254278494
3664,12020,170,0.933806183303555,0.0202395205821688,-0.863986658399183,0.058971360113301,-0.298495229616079,0.625665801032679,-0.845672454418032,0.0710691348853632,0.00427407052296197,0.994558100961751,0.935342293589306,0.0195437005240766,0.806641213395799,0.0990522544533023,-0.987754772750759,0.00162362158650628,5,71,192,192,13,0.804569761789013,8.8514548227555,0.0859851287473795,-0.00123907842484792,0.000217979697852937,0.0545198996355085,0.740624409948922,0.000662676847340439,-0.000308178836160935,0.00418778291336644,5,-1.3381604886236,192,1.27885384025744
3664,12021,170,0.8884107197413,0.0439907475341637,-0.900708633534609,0.0369934483311793,-0.368742522601871,0.541370414735127,0.792017353045347,0.110239927972188,0.17726866845438,0.775482258403446,-0.581638591484322,0.303618196789618,0.83938784711208,0.0753792193535829,-0.984467709693499,0.00231831623523087,5,107,141,141,12,0.804444444444445,8.39377682461874,0.0813882948711004,-0.0019084855256928,0.00879580610021807,0.0475575575575575,0.852228319284881,0.000361224949210155,0.0002730915356464,-0.00192267010171116,5,-2.28528345375507,141,1.10000958325575
3664,12022,170,0.849230270880715,0.0686643211256288,-0.913482529184784,0.0301489164728289,0.83642698077125,0.0774368647102117,0.820271237694093,0.0889592309726441,-0.816716374427901,0.091559585473267,-0.669505409757099,0.216412623070098,0.863281344005004,0.0594240763678655,-0.985732777399741,0.00204132145946935,5,108,108,108,11,0.39655862344938,7.63767907162865,0.0330760143993572,0.00350139526009079,-0.0258339335734293,0.108297673908273,0.789854081893196,0.00218122950698163,0.000881789017396649,-0.00543835385326037,5,-2.12339910163582,108,1.73425365176455
3664,12023,170,0.856108570581606,0.0640889625448757,-0.911839595181855,0.0310038875979714,0.940730571351408,0.0171664616472911,-0.673888781354879,0.21227802392996,-0.893909415302213,0.0408144940480017,0.746158403245459,0.147539497465204,0.835663356193449,0.0779703146744661,-0.96825712656756,0.00675654208564144,5,119,80,80,10,0.707792207792208,6.91421926027189,0.134509305941962,0.0110539465681742,-0.0570206766917292,0.0377825253986245,0.853457115526448,0.000229047943393337,-0.000326758852430239,0.00196406981948776,5,-1.75078798509468,80,2.06992791892621
3664,12024,170,0.900049648468557,0.0373585221936006,-0.874134432787737,0.0525799490634639,0.985504799628638,0.00209037237770682,-0.897456276867152,0.0388062835172496,-0.892552742668888,0.0415911141141178,0.867302194941292,0.0568578562200479,0.786428633151478,0.114609735814691,-0.958420533907749,0.0101140448765257,5,122,29,29,7,0.855172413793103,5.35611384783799,0.146189026414283,0.0365468119320262,-0.059354542966612,0.0423059964726632,0.812073097438209,0.000528472562284796,-0.00200104976391497,0.00346772266537523,5,-0.896620278330019,29,1.10845464706462
3664,12025,170,0.881438427604253,0.0481250788623249,-0.880889806291758,0.0484553493945524,-0.680550417201644,0.206037273578608,-0.958536431147047,0.0100719645419945,0.492105253392064,0.399730171137249,0.804276899647293,0.100836332040236,0.808546656717143,0.0976214989438626,-0.962101470731425,0.0088060878819699,5,126,24,24,6,1.30769230769231,5.17251950947603,0.239146203311173,-0.0349838627222726,0.0418554905239692,0.21604383758534,0.836895252310272,0.00868119142778358,-0.00938801988088997,0.0130334068105808,5,-0.90267093384844,24,4.1151321477363
3664,12026,170,0.966987556830456,0.00716453543473428,-0.797724035217468,0.10583113307504,-0.885832573064603,0.0455057745278457,-0.995248936747312,0.00475106325268846,0.582630933373288,0.302590863738585,0.663941144881207,0.336058855118793,0.784079754399836,0.116461486078398,-0.98762998515297,0.00164847252053626,5,130,8,8,5,1.66666666666667,3.8452380952381,0.438633786848072,-0.211425479282622,0.0671130952380956,0.0869047619047619,0.611904761904762,0.00127078609221466,-0.043452380952381,0.00504166666666667,4,0.379654647616939,8,-1.16575081737535
3664,12033,170,0.825592983003675,0.0851096413159604,-0.892843665666479,0.0414241849127714,-0.630116465138825,0.254525232424994,NA,NA,0.52128603514269,0.367700728158123,0.774596669241482,0.225403330758518,0.733078503348455,0.158747585991271,-0.852232648624289,0.0666550934121462,5,132,16,16,5,1,4.35,0.14375,-0.0345911949685535,0.0343750000000003,0.0345864661654135,0.729699248120301,0.000299055910452823,-0.00384294068504595,0.00285338345864663,4,-1.00785479215746,16,9.99995589417624
3664,12034,170,0.812604508328942,0.0945957697413053,-0.893819357296686,0.0408659028455682,-0.602416178879704,0.282298673525712,NA,NA,0.512135955576469,0.377675134215435,0.774596669241482,0.225403330758518,0.728831043703194,0.162438155426065,-0.835670699203181,0.0779651796380095,5,155,9,9,4,0.75,3.51666666666667,0.0800925925925926,-0.0458937198067633,0.0252083333333335,0.0703703703703703,0.858333333333333,0.00123799725651577,-0.014074074074074,0.00580555555555554,4,-1.72590513186649,9,9.99994627250967
3664,12052,170,0.877819594101084,0.0503167282366102,-0.926410759786131,0.0236974958234695,-0.686426741941264,0.200575754118356,-0.999860657331498,0.000139342668502232,0.560872963392198,0.325318239013011,0.853648729978592,0.146351270021408,0.814648088509619,0.0930830190605976,-0.935543693907133,0.0194530579758202,5,126,51,51,9,3.1,6.89233174120712,1.46077381990943,-0.0395197471830874,0.117901324359532,0.0411031637535397,0.802817197020367,0.000368475621021011,-0.00142268307773938,0.00349053419800764,4,-1.41738069041055,51,2.30108394362754
3664,12053,170,0.96405220642421,0.00813741527936007,-0.932411039812068,0.0208782841272714,-0.751076484700676,0.143387868407365,0.801093969331365,0.198906030668635,0.679405144772832,0.207106477830804,-0.398600683099221,0.601399316900779,0.790615915745333,0.111330900041755,-0.877698123541908,0.0503908267938278,5,132,44,44,8,2.21428571428571,6.29835848839342,0.907646885602066,-0.0380151798686834,0.112577080463496,0.00330320274918605,0.852800456774261,2.370915213229e-06,9.14335916928275e-05,-0.000130738762342814,4,-1.49773022090024,44,9.99993653821553
3664,12054,170,0.923243149199542,0.0252316187135946,-0.929786249633246,0.0220973124055629,-0.623573229330301,0.261016333590945,-0.997868264301195,0.00213173569880478,0.587469327552744,0.297594780059859,0.8219193570312,0.1780806429688,0.353553390593274,0.559404344163488,-0.432043935140073,0.467532589661365,5,137,28,28,7,2.125,5.5230056980057,0.707730000162336,-0.0440693190340332,0.0859570868945873,0.0484237984237985,0.886367629954587,0.000536249214786972,-0.00259027266584745,0.00405434649891173,4,-1.42359655247728,28,9.99991993330906
3664,12055,170,0.995277423429141,0.00472257657085873,-0.824106754894592,0.175893245105408,0.977014764846323,0.0229852351536772,-0.994967793629525,0.00503220637047519,-0.704985575594627,0.295014424405373,0.772873445589208,0.227126554410792,0.774596669241483,0.225403330758517,-0.995277423429141,0.00472257657085875,4,139,15,15,6,0.807692307692307,4.05906593406593,0.140852050879523,0.0755057663184871,-0.0563598901098902,0.0889164598842018,0.836686163299067,0.00196780788555039,-0.00908861646351672,0.00730311355311356,4,-0.992195943670774,15,9.99994193114118
3664,12062,170,0.980196058819607,0.0198039411803932,-0.867721831274624,0.132278168725376,0.964093767251961,0.0359062327480393,-0.9825811385163,0.0174188614837004,-0.734726807877931,0.265273192122069,0.78134298736941,0.21865701263059,0.774596669241483,0.225403330758517,-0.980196058819607,0.0198039411803933,4,143,8,8,5,0.761904761904762,3.21130952380952,0.132475907029478,0.147408963585434,-0.0569642857142858,0.167989417989418,0.800485008818342,0.00699460168155054,-0.0345212158937649,0.0139197530864198,4,-0.5752733135077,8,1.0779315184752
3664,12069,170,0.985713791494032,0.00204539165195117,-0.944450137761529,0.0155849756583091,-0.743857979135491,0.149493294271667,-0.999479221174679,0.00052077882532099,0.681670702486341,0.204992897590482,0.8707664122481,0.1292335877519,0.353553390593274,0.559404344163488,-0.438261532343083,0.460404942142444,5,140,13,13,6,1.81818181818182,4.5979020979021,0.61632445351851,-0.109006846811725,0.0930769230769235,0.0905982905982906,0.799446386946387,0.00174046501212391,-0.0102136752136752,0.00773824786324788,4,-0.318007784902308,13,-0.459799668171329
3664,12081,170,0.983934698056655,0.0160653019433452,-0.875064027253336,0.124935972746664,-0.981216033912151,0.0187839660878486,0.985518710849472,0.0144812891505275,0.821963786975738,0.178036213024261,-0.782939218832632,0.217060781167368,0.774596669241483,0.225403330758517,-0.983934698056655,0.0160653019433451,4,141,16,16,5,0.4,4.40074404761905,0.032793219718443,-0.0388517359134889,0.0317068452380953,0.176026272577997,0.741957970190729,0.00731527877602058,0.0184303709753634,-0.0142643441328787,4,-0.382084485620418,16,9.16514629344736
3664,12082,170,0.984731927834662,0.0152680721653382,-0.858116330321032,0.141883669678968,-0.426401432711221,0.573598567288779,0.968800557080011,0.0311994429199887,-1.77501108620158e-15,0.999999999999998,-0.731086697393701,0.268913302606299,0.774596669241483,0.225403330758517,-0.984731927834662,0.015268072165338,4,146,12,12,4,0.0303030303030303,3.65151515151515,0.000306091215182124,-0.00275482093663901,-1.04537961609397e-16,0.0727272727272728,0.794791666666667,0.00126151429063361,0.0127066115702479,-0.00553125000000001,4,-0.248964798865985,12,9.99992407643679
3664,12102,170,0.992834659155015,0.00716534084498455,-0.834497179245486,0.165502820754514,-0.999904599638752,9.54003612477995e-05,0.999618996021249,0.000381003978750627,0.840650378877929,0.15934962112207,-0.846634202577549,0.153365797422451,0.774596669241483,0.225403330758517,-0.992834659155015,0.00716534084498465,4,117,28,28,9,0.337662337662338,5.67782217782218,0.0242005746501252,-0.0197152245345017,0.0278571428571431,0.0450044016081752,0.727630569989061,0.000423847497865605,0.00260837263034732,-0.00371286313267448,4,-1.32870520470891,28,0.994004018355838
3664,12109,170,0.996557648992934,0.00344235100706647,-0.817337896535699,0.182662103464301,-0.570808317818649,0.429191682181351,0.999686582694634,0.000313417305366492,0.861994231841232,0.138005768158768,-0.805024490394037,0.194975509605963,0.774596669241483,0.225403330758517,-0.996557648992934,0.00344235100706635,4,133,21,21,8,0.0634920634920633,5.08968253968254,0.000813807004283189,-0.00286368843069875,0.00523809523809529,0.0466323466323466,0.832394612657771,0.000503323971658749,0.00394423180641302,-0.00384716859716859,4,-1.58089345843247,21,0.974312236426386
3664,12110,170,0.989100491961172,0.0108995080388281,-0.846801730472787,0.153198269527213,0.930405124546855,0.069594875453145,-0.922411361825209,0.0775886381747912,-0.631102782100611,0.368897217899389,0.615918218194001,0.384081781805999,0.774596669241483,0.225403330758517,-0.989100491961172,0.0108995080388282,4,136,16,16,7,0.422222222222222,4.40381944444444,0.0401200810185186,0.0582091237579042,-0.0269270833333333,0.0334267040149393,0.846276844070962,0.000250370845505958,-0.00455884250719257,0.00207598039215686,4,-0.925820099772552,16,5.02212196066877
3664,12111,170,0.984731927834662,0.015268072165338,-0.858116330321032,0.141883669678968,0.656487951889775,0.343512048110225,-0.935366508576088,0.0646334914239119,-0.258198889747159,0.741801110252841,0.659582698746883,0.340417301253117,0.774596669241483,0.225403330758517,-0.984731927834662,0.0152680721653381,4,139,9,9,6,0.333333333333333,3.86111111111111,0.0277777777777778,0.0404040404040405,-0.00916666666666668,0.259216589861751,0.753232206861239,0.0152883312437782,-0.0427081878694782,0.017372311827957,4,0.22791646313537,9,-0.784698666704643
3664,12129,170,0.978427859794508,0.00379108397165195,-0.807161803656296,0.0986607264785793,-0.967210177029569,0.00709242585028193,0.979211775238669,0.00358674980888374,0.72239457659818,0.168077231099944,-0.724367355996186,0.16634294793378,0.737142048135462,0.155239987687299,-0.987494535199129,0.00167558814069342,5,118,33,33,10,2.23655913978495,6.64448304383788,0.899055547687902,-0.0743128929613585,0.119132547559967,0.28697270471464,0.646745115655572,0.0156635395076413,0.00993051173751149,-0.0157676333746899,5,-0.567410646442379,33,0.14415235736612
3664,12136,170,0.981209483444242,0.00308328768312771,-0.795354496021337,0.107655162818895,-0.945387047036817,0.0151945309852461,0.966366218894256,0.00736705903857748,0.699247497132093,0.188804989455674,-0.704714825383222,0.183847264849892,0.748915293946039,0.145207966804237,-0.990462506348655,0.00111651088754061,5,131,26,26,9,1.58333333333333,6.16904761904762,0.438520408163265,-0.0670034909725631,0.0805357142857146,0.188644688644689,0.708562147625693,0.00658633727072262,0.00839376103946436,-0.00994713656837407,5,-0.965804384059675,26,-0.176990816446988
3664,12139,170,0.992227928247566,0.000821546418447561,-0.773823232534139,0.124650352049394,-0.910972187806753,0.0314583643112923,0.937645524680602,0.0185153124223056,0.626167950354697,0.258437042205465,-0.61812603575319,0.266453324540266,0.764173966503246,0.132503890225772,-0.994553677360039,0.000482096292273312,5,138,23,23,8,1.2280701754386,5.47943772474665,0.24399591442754,-0.0550564448089764,0.053795357960118,0.166849415204678,0.806970250065216,0.00461012357971324,0.00778944898794445,-0.00729954869056704,5,-1.48949943025326,23,0.268974742141754
3664,12140,170,0.983146673403005,0.00261975914495816,-0.792774633872537,0.109651759348822,-0.751206462035183,0.14327862012359,0.731113833178677,0.160451606857426,0.562684768044097,0.323409802169314,-0.406413877804172,0.49715844640065,0.779509256103964,0.120090033625038,-0.989431246979764,0.00130220629350278,5,140,18,18,7,0.619047619047619,4.94702380952381,0.0612794075963718,-0.0310795756850226,0.0242261904761906,0.080952380952381,0.780656707127295,0.000921930156715314,0.00371015879970859,-0.00214624961095552,5,-1.24655171756851,18,-0.023979287853855
3664,12143,170,0.952600221265555,0.0122994642791991,-0.809039834955892,0.0972522153059054,0.289091476768261,0.637110589402607,-0.987846650086402,0.00160540479344988,0.0164130891685427,0.979103144131639,0.802586823086215,0.102117548524637,0.707106781186548,0.181690113816209,-0.953462589245592,0.0119669122985474,5,144,15,15,6,0.235897435897436,4.35300699300699,0.0116178894920154,0.00664335664335665,0.00030769230769235,0.0703296703296703,0.80224749609365,0.000740084214268314,-0.00572952688337304,0.0037974781628628,5,-0.98996355860714,15,0.615371051449287
3664,12144,170,0.951746771892723,0.0126314962412892,-0.702246883176786,0.186080526820136,-0.456056632381365,0.440139325336693,-0.998690328461121,0.00130967153887896,0.442789724448103,0.455229052788497,0.120028843614086,0.879971156385914,0.707106781186547,0.181690113816209,-0.951746771892723,0.0126314962412893,5,146,8,8,5,0.5,3.71785714285714,0.0498086734693878,-0.0376712328767123,0.0171875000000002,0.09375,0.630332341269841,0.00205652645896321,-0.047303391053391,0.0011594742063492,4,0.528387484842695,8,-1.54068475072674
3664,12161,170,0.993994970150367,0.000558103870023974,-0.665867921550297,0.219860422910226,-0.972044849613407,0.00558723673470186,0.985637367634079,0.00206180252304033,0.726679609831574,0.164316860280923,-0.724247964183251,0.166447758337264,0.707106781186548,0.181690113816209,-0.993994970150367,0.000558103870024067,5,98,51,51,9,1.15116279069767,6.64598930433348,0.232161937588387,-0.0273947540472365,0.0608977397202565,0.11468715393134,0.765823748202535,0.00244486262764014,0.00285055866611203,-0.0062284101470234,5,0.390264641891245,51,2.09318334722706
3664,12162,170,0.99344796264785,0.000636020504712231,-0.639877116685859,0.24492479811505,-0.965249993205062,0.00773551813334496,0.964304784367181,0.0080521116134864,0.707176034075047,0.181627767364156,-0.673452021505865,0.212688999508493,0.707106781186547,0.181690113816209,-0.99344796264785,0.000636020504712134,5,106,36,36,8,0.957142857142856,6.15142857142857,0.160724161841045,-0.0340446704997788,0.0493095238095239,0.0973560944264069,0.711368277914614,0.0015943396302903,0.00338745461603425,-0.00467691816759032,5,0.169739578796001,36,1.49912944590932
3664,12163,170,0.989771296034184,0.00123993040305592,-0.64462078509829,0.240295307401519,-0.938512586177322,0.0181328721616303,0.973764992683178,0.00508088274636265,0.784611812671127,0.116041255385324,-0.703827175676079,0.184649622431534,0.707106781186547,0.181690113816209,-0.989771296034184,0.00123993040305578,5,122,28,28,7,0.695652173913044,5.51779264214047,0.076023333072337,-0.0301425375403312,0.0376262541806022,0.127291666666667,0.760702953447519,0.00296267176065244,0.00617393684202058,-0.00666301038182835,5,-0.0988682649357023,28,2.44215528525958
3664,12164,170,0.992285819479944,0.000812391520812916,-0.633750222297633,0.25093948411268,-0.71464591890482,0.174938948975881,0.0613170964727345,0.938682903527265,0.964763821237733,0.0078978382449395,-0.0431781988139447,0.956821801186055,0.707106781186547,0.181690113816209,-0.992285819479944,0.000812391520812939,5,130,11,11,5,0.25,3.86111111111111,0.0100308641975309,-0.0204918032786885,0.0168055555555556,0.0673611111111111,0.72594246031746,0.000879829748257328,0.00363756613756605,-0.000272817460317474,4,-0.32914361140717,11,6.31115175648903
3664,12174,170,0.986690271720408,0.00183958003889551,-0.651182356593347,0.233931553924836,-0.895791968681295,0.0397445858648519,0.935777721168887,0.0193479031366746,0.765578303751229,0.131352064437788,-0.726474478794061,0.164496313792003,0.707106781186547,0.181690113816209,-0.986690271720408,0.00183958003889544,5,128,17,17,6,0.600000000000001,4.80338235294118,0.0537725994809689,-0.0407381221719457,0.0308768382352943,0.117006802721088,0.65031079098306,0.00227488653079835,0.00875318075948328,-0.00602646892090171,5,0.539131014337893,17,0.59181766176567
3664,12177,170,0.975665453381986,0.00454022231233053,-0.627181507505321,0.257431379454196,-0.0504201908251873,0.935830229784098,-0.990517155811857,0.00110693740465324,0.488141743089766,0.404128961328474,0.722060940691721,0.168371045182549,0.707106781186547,0.181690113816209,-0.975665453381986,0.00454022231233041,5,141,14,14,5,0.130952380952381,4.17315018315018,0.00313622214171667,-0.000746689208227663,0.00475457875457873,0.0806366047745358,0.761525600835946,0.00114073931246295,-0.00884681992711894,0.00424160035366935,5,-0.0609756097560972,14,9.94492943192538
3664,12178,170,0.979957887012223,0.00339577706385885,-0.692934867183586,0.194575496622165,-0.880446135589995,0.0487229612660772,-0.970634073204331,0.00601418957319319,0.67687960326976,0.209469732564446,0.638701029409601,0.246076279760743,0.707106781186547,0.181690113816209,-0.979957887012223,0.003395777063859,5,150,9,9,4,0.291666666666667,3.46111111111111,0.0144097222222222,-0.0421075837742504,0.0141319444444445,0.0888888888888889,0.758015873015873,0.00131756660997732,-0.0140369110607206,0.0040322420634921,5,-0.0677227935215152,9,9.99994627250967
3664,12190,170,0.988211768802619,0.00153368933955944,-0.614918693812445,0.269668582163458,-0.999669982176786,7.19645229092936e-06,NA,NA,0.631401280088688,0.253255826483283,0.774596669241482,0.225403330758518,0.707106781186547,0.181690113816209,-0.988211768802618,0.00153368933955946,5,135,8,8,5,1.625,3.81785714285714,0.443941326530612,-0.235491071428571,0.0731696428571432,0.0251700680272109,0.766836734693878,0.000158383081123606,0.0251700680272108,0.00207653061224489,4,0.232473462307906,8,1.07793151846921
3664,12197,170,0.989591920275574,0.00127265469729632,-0.71346768993299,0.175989197790449,0.746591778959828,0.14717226642059,-0.987009912432257,0.0129900875677433,-0.494540328233926,0.397033271552011,0.0871335801337997,0.9128664198662,0.707106781186547,0.181690113816209,-0.989591920275574,0.00127265469729632,5,116,15,15,6,0.266666666666667,4.12695970695971,0.012067490507051,0.0142338585109669,-0.00944871794871801,0.0328449328449328,0.694322344322344,0.000269032735455202,-0.0169090169090169,0.000304436304436303,4,0.782724332236056,15,6.89838977033488
3664,12198,170,0.978279740156158,0.00383011098882791,-0.711512473537888,0.177736005546463,0.995078186990073,0.00041419097851092,-0.801252769043229,0.198747230956771,-0.6881319279322,0.198998675041681,-0.0631035352944406,0.936896464705559,0.707106781186548,0.181690113816209,-0.978279740156158,0.0038301109888279,5,139,11,11,5,0.727272727272727,3.50767676767677,0.0868827670645852,0.0733270202020202,-0.0352777777777778,0.0279569892473118,0.751221896383187,0.000207326632451975,-0.0120501199680085,-0.00019354838709677,4,0.804918988432252,11,9.99995198260845
3664,12211,170,0.941602260961022,0.0583977390389776,-0.927697249018819,0.0723027509811813,-0.24937967402246,0.75062032597754,0.989556304296062,0.010443695703938,-0.0192555088607333,0.980744491139267,-0.878706610456042,0.121293389543958,0.878901368159777,0.121098631840223,-0.992650751348283,0.00734924865171714,4,76,111,111,13,0.384349827387802,8.04135843059894,0.0281898657216258,-0.0010375079961654,-0.000688667872212099,0.104717457050075,0.789658384008371,0.00237463067727495,0.0011948749130912,-0.00912116368808284,4,-0.714176704479624,111,0.241843230116066
3664,12212,170,0.958579529184549,0.0414204708154511,-0.910628550624761,0.0893714493752391,0.272358064790106,0.727641935209894,0.978434397569191,0.0215656024308086,-0.58416074986225,0.41583925013775,-0.93928558648825,0.0607144135117503,0.861836517801693,0.138163482198307,-0.993902758125753,0.00609724187424685,4,78,82,82,12,0.257495590828924,7.331162664496,0.0125202918130155,0.00110237597970672,-0.0139234839234842,0.0212263246683537,0.717495821722388,8.14586370575145e-05,0.000319435043255389,-0.00180582036626042,4,-1.08352937592142,82,0.772289037116577
3664,12213,170,0.936585811581694,0.0634141884183059,-0.943119125143015,0.0568808748569853,0.512541201064085,0.487458798935915,-0.868252870832365,0.131747129167635,-0.758870739229778,0.241129260770222,0.978535411609665,0.021464588390335,0.774596669241484,0.225403330758516,-0.936585811581694,0.0634141884183061,4,110,21,21,6,0.352380952380952,4.43984962406015,0.0216123433060512,0.0105856747130985,-0.023764411027569,0.0276984126984127,0.750968741297689,0.00016564651877303,-0.00156991528528924,0.00268272417153996,4,0.218596415897043,21,9.9999252450365
3664,12214,170,0.915249233498881,0.0847507665011187,-0.959166304662543,0.0408336953374566,0.947279250218923,0.0527207497810771,0.491255094328014,0.508744905671986,-0.998614272322528,0.00138572767747245,-0.235275371706888,0.764724628293112,0.774596669241483,0.225403330758517,-0.915249233498881,0.0847507665011187,4,136,10,10,5,0.5,3.24404761904762,0.0477607709750567,0.0668737060041408,-0.0464880952380955,0.0826330532212886,0.797373949579832,0.00126243725522163,0.00563837129054521,-0.00178069561157796,4,0.16231558536515,10,9.99995169634625
3664,12223,170,0.950932965183932,0.0490670348160684,-0.928743292069505,0.0712567079304953,-0.616033186120414,0.383966813879586,0.802445279078341,0.197554720921659,0.293682331010294,0.706317668989706,-0.533439082369915,0.466560917630085,0.774596669241483,0.225403330758517,-0.950932965183932,0.0490670348160684,4,134,11,11,5,0.625,3.67556818181818,0.0679937155647383,-0.0398484848484848,0.0163125,0.238095238095238,0.729753888087221,0.0106118528045469,0.0205061605061605,-0.011705467372134,4,-0.194444391177853,11,9.99993620945769
3664,12233,170,0.964424669182998,0.0355753308170017,-0.897703693421312,0.102296306578688,0.293279262696481,0.706720737303519,0.969905943495503,0.0300940565044976,-0.627998747673579,0.372001252326421,-0.782122231112059,0.217877768887941,0.874265939506763,0.125734060493237,-0.998550338817491,0.00144966118250865,4,109,61,61,11,0.295833333333333,6.94375,0.0160706018518519,0.001807881773399,-0.0169583333333334,0.0537594255109177,0.831819838799955,0.00069775549847215,0.00124581585637413,-0.00440082990652344,4,-1.72490013372863,61,0.147293031067535
3664,12234,170,NA,NA,-0.774596669241482,0.225403330758518,NA,NA,-0.998859557503593,0.00114044249640719,0.774596669241482,0.225403330758518,0.799864296112099,0.200135703887901,0.774596669241483,0.225403330758517,-1,0,4,118,28,28,9,0.314814814814815,5.59722222222222,0.0247770919067215,-0.0209876543209876,0.0259722222222223,0.00558593827824594,0.810924207558823,7.31561600717221e-06,-0.000360220659365951,0.000460839907955279,4,-1.08649543565211,28,0.717829127509871
3664,12235,170,0.992523259604837,0.007476740395163,-0.701952583988118,0.298047416011882,-0.996165659575843,0.00383434042415719,0.994929260415707,0.00507073958429327,0.755092761528641,0.244907238471359,-0.762578624413258,0.237421375586741,0.774596669241483,0.225403330758517,-0.992523259604837,0.00747674039516275,4,130,14,14,6,0.452380952380953,4.33150183150183,0.0499872532839566,-0.0576667280577895,0.0359615384615385,0.0623809523809523,0.769764194139194,0.000958592090271346,0.00797578120203817,-0.00502932692307691,4,-0.264,14,4.3221766130986
3664,12236,170,NA,NA,-0.774596669241482,0.225403330758518,NA,NA,NA,NA,0.774596669241482,0.225403330758518,0.774596669241482,0.225403330758518,0.774596669241483,0.225403330758517,-1,0,4,136,10,10,5,0.0666666666666664,3.61666666666667,0.0011111111111111,-0.0166666666666666,0.00549999999999999,0.0470588235294117,0.815686274509804,0.000553633217993078,-0.0117647058823529,0.0038823529411765,4,-1.08367478149308,10,9.99994644256872
3664,12248,170,0.991836598134176,0.00816340186582432,-0.838116354923493,0.161883645076507,-0.982262084066877,0.0177379159331234,-0.992839649963086,0.00716035003691375,0.906595466974392,0.0934045330256084,0.779020116613837,0.220979883386163,0.774596669241483,0.225403330758517,-0.991836598134176,0.00816340186582441,4,130,14,14,8,0.214285714285714,4.86950549450549,0.00838012719880853,-0.0243232377378718,0.0176785714285714,0.0320695970695971,0.794418498168498,0.000254203145755344,-0.00428191726972215,0.00264574175824176,4,-1.08571428571429,14,-1.05187307709357
3664,12252,170,0.984731927834662,0.0152680721653382,-0.858116330321032,0.141883669678968,-0.149161862602333,0.850838137397667,-0.891641379504763,0.108358620495237,0.52799269941068,0.47200730058932,0.581988723838564,0.418011276161436,0.774596669241483,0.225403330758517,-0.984731927834662,0.0152680721653381,4,134,10,10,7,0.155555555555555,4.50277777777778,0.00538065843621395,-0.00404040404040408,0.00825000000000008,0.0339506172839507,0.727006172839506,0.000256661840166642,-0.00527497194163859,0.00198611111111109,4,-0.791754260293553,10,-1.39850764094044
3664,12253,170,0.984731927834662,0.015268072165338,-0.858116330321032,0.141883669678968,-0.994936676326182,0.005063323673818,0.99963038254143,0.000369617458569671,0.894427190999915,0.105572809000085,-0.846801730472787,0.153198269527213,0.774596669241483,0.225403330758517,-0.984731927834662,0.0152680721653381,4,140,9,9,6,0.888888888888889,4.11111111111111,0.148148148148148,-0.141414141414141,0.0733333333333336,0.188888888888889,0.728174603174603,0.00746346686822877,0.0318903318903319,-0.0155833333333334,4,-0.772155611604281,9,-0.784698666702058
3664,12261,170,0.928685888021592,0.0713141119784082,-0.938669759516728,0.0613302404832722,0.60692501105481,0.39307498894519,0.919969163116011,0.0800308368839895,-0.778906407402594,0.221093592597406,-0.780607353425061,0.219392646574939,0.916282007107602,0.0837179928923983,-0.997696706518323,0.00230329348167669,4,110,33,33,10,0.419913419913421,6.3166599025974,0.0336321550651655,0.00825799773620876,-0.0304278273809526,0.493806003584229,0.573665020015826,0.0602342948679659,0.0167516488928519,-0.040809650217614,4,-0.984950259594093,33,-0.371753303081676
3664,12262,170,0.908689510072954,0.0913104899270458,-0.941795034483558,0.0582049655164421,0.934008863655594,0.0659911363444059,0.924099215649938,0.0759007843500621,-0.986630744817294,0.0133692551827063,-0.794679944104061,0.205320055895939,0.924111915877651,0.075888084122349,-0.998618488151098,0.00138151184890236,4,121,32,32,9,0.4375,5.46703629032258,0.0407711558055845,0.0144822461757946,-0.042436491935484,0.580118499012508,0.680416948188443,0.0818113046007678,0.0202970853037552,-0.0484180428750449,4,-1.37608898512136,32,1.37121341249994
3664,12263,170,NA,NA,-0.907841299003204,0.275458676634943,0.576556660197055,0.608792009968277,-0.971764017228365,0.151643500389947,-0.866025403784439,0.333333333333333,0.981146667470048,0.123815176244997,0.866025403784439,0.333333333333333,-0.995870594885822,0.05787465669839,3,123,19,19,8,0.152046783625732,5.16179337231969,0.00770607480364336,0.00918964076858825,-0.0209064327485383,0.027217867363444,0.791580972316761,0.000192389040745983,-0.00244732084696512,0.00374245676247352,3,-0.915848984462184,19,-0.567524596590361
3664,12268,170,0.993770208424418,0.0710980355031512,-0.912245460839306,0.268694159506182,-0.952521574400112,0.196959409012456,-0.818676887196565,0.389415960238321,0.744208718976977,0.465653568518639,0.982074166108029,0.120721800732139,0.866025403784439,0.333333333333333,-0.99484975116711,0.06463917382715,3,126,14,14,7,0.784615384615385,4.93369963369963,0.170330072857546,-0.0796929098298961,0.0844642857142858,0.0186813186813187,0.714421689421689,9.04620641134132e-05,-0.00157850140726851,0.00256868131868127,3,-0.866197183098592,14,-0.668465079900626
3664,12269,170,0.993399267798783,0.0731863950403282,-0.917662935482247,0.260146938293006,-0.970884709149969,0.153997997962742,0.975893931807534,0.140066610874475,0.795758489968368,0.414144936255748,-0.808819780856449,0.400213549167481,0.866025403784439,0.333333333333333,-0.993399267798783,0.0731863950403281,3,137,12,12,6,1.15909090909091,4.53030303030303,0.394800275482094,-0.139952153110047,0.1375,0.103213957759412,0.782032445668809,0.00319026590585152,0.012645594703011,-0.0125631313131313,3,-1.66970929424482,12,-0.328334378428622
3664,12270,170,0.987829161147262,0.0994252840514125,-0.933256525257383,0.233908049281921,-0.937794553778218,0.225728678806825,0.801315962888687,0.408267200673946,0.750488309352588,0.459636728088746,-0.532938710021191,0.642175249955868,0.866025403784439,0.333333333333333,-0.987829161147262,0.0994252840514124,3,140,10,10,5,0.694444444444445,3.83518518518519,0.134269547325103,-0.106899641577061,0.075625,0.0194444444444445,0.798827160493827,9.4661636945588e-05,0.00242532855436085,-0.00142592592592598,3,-1.31170900427147,10,9.9999231184801
3664,12281,170,0.975342893301088,0.0246571066989119,-0.876376933562473,0.123623066437527,-0.891532002179562,0.108467997820438,0.967366934780702,0.0326330652192981,0.616773145705381,0.383226854294619,-0.755733432395148,0.244266567604852,0.774596669241483,0.225403330758517,-0.975342893301088,0.024657106698912,4,142,13,13,5,0.522727272727273,3.91739510489511,0.0523077228715341,-0.0477296675926813,0.0300480769230769,0.405627705627706,0.737624875124875,0.0392877199252074,0.0448836551576278,-0.031908424908425,4,-1.10013543992306,13,9.99992156884896
3664,12293,170,0.89549995069672,0.10450004930328,-0.955027123420017,0.0449728765799831,0.992874355085137,0.00712564491486334,-0.809161491502994,0.399843471238109,-0.913313118583026,0.0866868814169735,0.533279380116052,0.641918907885462,0.918973811175099,0.0810261888249006,-0.993701907485124,0.00629809251487635,4,80,29,29,9,2.25925925925926,5.4274225734355,1.08250564871342,0.0804409340863228,-0.202415189974458,0.0129764165875278,0.723088320907606,4.21605262322422e-05,-0.000750568230042774,0.000952227011494236,3,0.741966426858513,29,-0.794662653393771
3664,12294,170,0.980196058819607,0.0198039411803932,-0.867721831274624,0.132278168725376,0.995289680261437,0.00471031973856295,NA,NA,-0.900811530461385,0.0991884695386153,0.866025403784438,0.333333333333333,0.774596669241483,0.225403330758517,-0.980196058819607,0.0198039411803931,4,113,11,11,7,1.72727272727273,4.16919191919192,0.664243444546475,0.17038027332145,-0.156388888888889,0.05060251639199,0.512561285368303,0.000853538221733873,-0.0253012581959949,0.00695784600389862,3,-0.165596588837335,11,-1.42047478195643
3664,12295,170,0.975342893301088,0.0246571066989119,-0.876376933562473,0.123623066437527,0.999991374979246,8.62502075404947e-06,NA,NA,-0.877878137704923,0.122121862295077,0.866025403784439,0.333333333333333,0.774596669241483,0.225403330758517,-0.975342893301088,0.0246571066989118,4,138,10,10,6,2.1,3.45625,0.99265625,0.233219178082192,-0.1863125,0.0588541666666667,0.702951388888889,0.00115460431134259,-0.0294270833333332,0.00809244791666664,3,-1.21082731603487,10,-0.959544416557071
3664,12296,170,NA,NA,-0.866025403784439,0.333333333333333,NA,NA,NA,NA,-0.866025403784438,0.333333333333334,0.866025403784439,0.333333333333333,NA,NA,NA,NA,3,147,8,8,5,0.458333333333333,3.47222222222222,0.0700231481481482,0.229166666666667,-0.0630208333333338,0.0465838509316769,0.708074534161491,0.000723351722541566,-0.0232919254658383,0.00640527950310553,3,-1.37529025331695,8,-1.24358223001446
3664,12304,170,NA,NA,-0.938652204581148,0.224150779824086,0.936285113034715,0.228480382214839,-0.903626386386891,0.281789875905711,-0.757715297124394,0.452631162038925,0.700477680948707,0.505940655729797,0.866025403784439,0.333333333333333,-0.985329278164293,0.109182553509248,3,101,18,18,8,1.19642857142857,5.14748677248677,0.401566567985219,0.101257897981199,-0.132043650793651,0.118426501035197,0.684210431354506,0.00373954624607531,-0.00943062277206738,0.011779760213264,3,0.97908355049259,18,-0.810133060244452
3664,12305,170,NA,NA,-0.866025403784439,0.333333333333333,NA,NA,NA,NA,-0.866025403784438,0.333333333333334,0.866025403784439,0.333333333333333,0.866025403784439,0.333333333333333,-1,0,3,128,12,12,7,1.25,4.83333333333333,0.520833333333333,0.15625,-0.171875,0.159090909090909,0.719336219336219,0.0084366391184573,-0.0198863636363636,0.021875,3,-0.545522868519202,12,-1.40129711273155
3664,12306,170,NA,NA,-0.866025403784439,0.333333333333333,NA,NA,NA,NA,-0.866025403784438,0.333333333333333,0.866025403784439,0.333333333333333,0.866025403784439,0.333333333333333,-1,NA,3,135,11,11,6,0.636363636363637,4.42424242424242,0.134986225895317,0.0795454545454546,-0.0875000000000002,0.0614718614718615,0.73997113997114,0.00125959658427191,-0.00768398268398266,0.00845238095238091,3,-0.600444279957211,11,-1.13588773072201
3664,12307,170,NA,NA,-0.866025403784439,0.333333333333333,NA,NA,NA,NA,0.866025403784439,0.333333333333333,-0.866025403784439,0.333333333333333,0.866025403784439,0.333333333333333,-1,NA,3,137,10,10,5,0.5,4.16666666666667,0.0833333333333333,-0.0624999999999999,0.06875,0.333333333333333,0.585858585858586,0.037037037037037,0.0416666666666667,-0.0458333333333335,3,-0.443312560810453,10,-0.363326855957428
3664,12308,170,NA,NA,-0.866025403784439,0.333333333333333,NA,NA,NA,NA,NA,NA,-0.866025403784439,0.333333333333333,0.866025403784439,0.333333333333333,-1,0,3,147,8,8,4,0,3.5,0,6.40987562127855e-17,-1.05762947751096e-16,0.237577639751553,0.680124223602484,0.0188143783033062,0.0395962732919255,-0.0326669254658386,3,-0.415945165403852,8,-0.175688934872431
3664,12321,170,0.847512497996924,0.069822192680093,-0.904692474122459,0.0348109993660527,0.889423720484638,0.0433999355533197,0.973976321416317,0.00501977560685041,-0.74193801557775,0.151129701869245,-0.858961960035466,0.0622200400680342,0.787045954494684,0.114124548795965,-0.920568883308086,0.0265507372423035,5,71,251,251,14,0.775,8.95537872743813,0.0987244560110234,0.00271941024600044,-0.0405455026024724,0.0860497043882624,0.829694446934889,0.0013496232770826,0.000348183611697855,-0.00548836391900642,5,0.166478517224422,251,0.692629487043865
3664,12322,170,0.857874141434416,0.0629305038465442,-0.898336433783935,0.0383129657923751,0.757374902325752,0.138122258477743,0.744096616208142,0.149290265457237,-0.744815582418493,0.14867906828852,-0.769580183357899,0.128086191212295,0.785665327842189,0.115210513756722,-0.926068072135234,0.0238619616886298,5,95,126,126,12,0.190537819959736,7.80270077495218,0.00547823262014363,0.00109447832355705,-0.0095880806471832,0.0844591141868818,0.828465128376327,0.00132388080177245,0.000528603205134105,-0.00487013508691381,5,-0.299605305138134,126,1.25516765893837
3664,12323,170,0.942112470344316,0.0165731092343031,-0.826312125175896,0.0845934587227738,0.995464295145647,0.00036644208209724,-0.929237909684651,0.0223547908111379,-0.813442693016029,0.0939744075049816,0.674718833219723,0.211497585260852,0.744315083895659,0.1491044672585,-0.963038894681421,0.0084825950451354,5,114,63,63,11,1.14754098360656,6.7796655817092,0.228981838700055,0.0192979251548471,-0.0677002341920376,0.196245421245421,0.847856646529754,0.00725026762533686,-0.00320544514381825,0.00999223273798806,5,-0.442215338525498,63,0.449599323292032
3664,12324,170,0.937837146706607,0.0184305695262044,-0.81972832696604,0.0893548805221884,-0.671681820133989,0.214356959504137,0.928137500892958,0.0718624991070425,0.487713122097377,0.404605326697091,-0.842345470092583,0.157654529907417,0.74583195756579,0.147816295838195,-0.960224608030266,0.00946558226382856,5,121,44,44,10,0.666666666666667,6.60716425209365,0.0618170376180418,-0.00972809090766345,0.02109022556391,0.0507523139102086,0.78442504539869,0.000545972875500165,0.00315220395171955,-0.00419260644133586,4,-0.55316861698153,44,0.280584993358513
3664,12325,170,NA,NA,-0.674199862463241,0.325800137536759,0.944341982340054,0.0556580176599466,-0.951414297979889,0.0485857020201108,-0.417115907381785,0.582884092618215,0.435934467418758,0.564065532581242,0.774596669241483,0.225403330758517,-0.986440050415621,0.013559949584379,4,134,17,17,9,1.25,5.28571428571429,0.356292517006803,0.0981240981240981,-0.0530357142857143,0.190509259259259,0.694046347171347,0.00822091983412,-0.015016644877756,0.00841956654456656,4,0.637180432526489,17,-0.784746874884448
3664,12327,170,0.990647785029412,0.0093522149705878,-0.674199862463241,0.325800137536759,-0.745252535494435,0.254747464505565,0.599014132290634,0.400985867709366,0.947475553069377,0.0525244469306232,-0.938287156365963,0.0617128436340365,0.774596669241483,0.225403330758517,-0.986440050415621,0.0135599495843788,4,135,15,15,8,1.33333333333333,5.30952380952381,0.297052154195011,-0.0707070707070707,0.11,0.172727272727273,0.534390609390609,0.00508325091491925,0.00743448470721198,-0.0142500000000001,4,0.96354571162483,15,-0.632815160214084
3664,12328,170,0.962250448649376,0.0377495513506236,-0.596284793999942,0.403715206000058,-0.708967692349259,0.291032307650741,-0.276243485963326,0.723756514036674,0.943119125143015,0.0568808748569853,-0.544432969528139,0.455567030471861,0.774596669241483,0.225403330758517,-0.962250448649376,0.0377495513506236,4,148,13,13,7,0.8,4.56923076923077,0.10792899408284,-0.0448243114909782,0.066,0.0518259518259518,0.727117327117327,0.000596883906907217,-0.00129883833587537,-0.00283333333333338,4,-0.13476979815925,13,-0.36102558629527
3664,12330,170,0.931094679751342,0.0689053202486583,-0.547722557505165,0.452277442494835,0,1,-0.999893326110708,0.000106673889291726,0.774596669241484,0.225403330758516,0.558977919606191,0.441022080393809,0.774596669241483,0.225403330758517,-0.942809041582063,0.0571909584179365,4,153,11,11,6,0.25,3.9375,0.015625,3.77705543197366e-18,0.0206250000000001,0.163636363636364,0.831522154316272,0.00595168293374715,-0.0181818181818182,0.00918592436974792,4,-0.141130065801908,11,0.34592040320643
3664,12333,170,0.962250448649376,0.0377495513506236,-0.547722557505164,0.452277442494836,0.942809041582063,0.0571909584179369,-0.997837770600812,0.00216222939918821,-0.258198889747159,0.741801110252841,0.597448668547405,0.402551331452595,0.774596669241483,0.225403330758517,-0.942809041582063,0.0571909584179366,4,154,8,8,5,0.5,3.29166666666667,0.0625,0.0833333333333334,-0.01375,0.325892857142857,0.777678571428571,0.023703762755102,-0.0543154761904762,0.01959375,4,-0.0448956686467648,8,-0.380754042579203
3664,12341,170,0.994388913179112,0.000504125276671985,-0.733059958268894,0.158763646011735,-0.936630986797598,0.018966077905957,-0.488380405651083,0.511619594348917,0.450560612319095,0.446376782834466,0.890389000501537,0.109610999498463,0.707106781186547,0.181690113816209,-0.994388913179112,0.000504125276671935,5,131,27,27,8,0.521739130434782,5.64067781493868,0.0452946048577632,-0.0188610198722689,0.0166778149386846,0.0169419952028648,0.822141267316853,5.10560614808897e-05,-0.00270307136193423,0.00135522610982477,4,-1.15759386546858,27,1.38067490423495
3664,12344,170,0.997933160550294,0.000112761094490654,-0.761509623850217,0.134697327440138,-0.838517412866474,0.0759823453124397,-0.808021083207727,0.191978916792273,0.294623766106386,0.630373350294093,0.427071799749029,0.572928200250971,0.707106781186547,0.181690113816209,-0.993175452754538,0.000676082268164097,5,132,24,24,7,0.0999999999999996,4.93533596837945,0.00174620756456123,-0.00375018676228896,0.00214130434782612,0.0129150627765586,0.802908300499533,2.95145040840295e-05,-0.00348862477325875,0.000494227559746065,4,-1.41999359181313,24,9.99995530640913
3664,12345,170,0.981399492125894,0.00303672613808925,-0.768306475499747,0.129122993594975,0.909644641622691,0.0321580230542164,-0.929975462719203,0.0700245372807967,-0.7258043594844,0.165082944661318,0.79412700360295,0.20587299639705,0.707106781186547,0.181690113816209,-0.981399492125894,0.00303672613808919,5,140,16,16,6,0.333333333333333,4.22820512820513,0.0175994411571334,0.0189157689157689,-0.0167467948717949,0.0115262515262515,0.857385531135531,3.16000315313502e-05,-0.00369658119658119,0.000950915750915741,4,-1.46878226354893,16,9.99993246730904
3664,12352,170,NA,NA,-0.404519917477943,0.595480082522057,-0.83505814251464,0.16494185748536,0.691620974726593,0.308379025273407,-0.134305090116594,0.865694909883406,0.340009187473138,0.659990812526862,NA,NA,NA,NA,4,145,9,9,5,0.194444444444445,3.64384920634921,0.0106069433946418,-0.08982683982684,-0.00294642857142861,0.0434920634920635,0.710674603174603,0.000447507768539514,0.0152813852813853,0.00153214285714287,4,-0.474059554650604,9,1.72760860780472
3664,12360,170,NA,NA,-0.258198889747163,0.741801110252837,NA,NA,-0.993348336450264,0.00665166354973577,-0.258198889747163,0.741801110252837,0.151366094323467,0.848633905676533,NA,NA,NA,NA,4,148,8,8,4,0.142857142857143,3.10714285714286,0.00510204081632653,0.142857142857143,-0.00392857142857148,0.0380952380952381,0.803896103896104,0.00031408706733382,-0.0352092352092352,0.000571428571428574,4,-0.692676030550087,8,9.99993770741043
3664,12367,170,0.969873295279836,0.00624868946006929,-0.839921051131618,0.0750104964978219,0.996234613515569,0.000277206080111725,-0.999998182068997,1.81793100282606e-06,-0.851865219979947,0.0668999819025444,0.761768234619396,0.238231765380604,0.771772318651579,0.126307620881837,-0.981852969040441,0.00292655381763175,5,128,19,19,8,2.10526315789474,4.45609536662168,0.781680369360602,0.116972750013686,-0.130993027440396,0.109986504723347,0.707573042712362,0.00246094014063235,-0.0183188844179556,0.00804973721382392,4,0.210739826599564,19,0.42014772221796
3664,12368,170,0.936442013519211,0.0190504279524166,-0.863918795449664,0.0590148717296148,0.995380087472415,0.000376689311688327,-0.999966451727459,3.35482725414271e-05,-0.830865900652833,0.0813474080591577,0.76009915032981,0.23990084967019,0.765070465602654,0.131768244869107,-0.955385836884832,0.0112360872987157,5,133,15,15,7,2.66666666666667,3.9031746031746,1.25587049634669,0.190464621222639,-0.161944444444445,0.106949806949807,0.582212157212157,0.00231314408400835,-0.0177597177597177,0.00778717453717454,4,0.566802830135467,15,0.276145916764757
3664,12369,170,0.984731927834662,0.015268072165338,-0.762770071396473,0.237229928603527,0.995390773321263,0.0046092266787372,-0.952733636201113,0.0472663637988869,-0.702405215236135,0.297594784763865,0.676792931936987,0.323207068063013,0.774596669241483,0.225403330758517,-0.984731927834662,0.0152680721653382,4,149,13,13,6,0.791208791208791,3.81982600732601,0.131071671765353,0.133075258075258,-0.0541689560439561,0.0502354788069074,0.716285698428555,0.000428118072236992,-0.00727951701977677,0.00298294959009247,4,-0.410325903324145,13,4.70237538515186
3664,12373,170,0.984731927834662,0.015268072165338,-0.762770071396473,0.237229928603527,0.991568944290079,0.00843105570992098,0.949513914102981,0.0504860858970191,-0.683157767061592,0.316842232938408,-0.774606549901335,0.225393450098665,0.774596669241483,0.225403330758517,-0.984731927834662,0.0152680721653382,4,159,9,9,5,0.888888888888889,3.27430555555556,0.169801311728395,0.150883838383838,-0.059965277777778,0.217532467532468,0.79040404040404,0.0107691530851704,0.036386593204775,-0.0171230158730159,4,-0.854378519398546,9,1.57227367411191
3664,12385,170,0.994511212600478,0.000487742484338582,-0.92821816893436,0.0228361771349249,-0.867748589780447,0.0565751542704993,0.884368825177543,0.0463731388293023,0.729966371310301,0.161449275163017,-0.816086026946104,0.0920230653520211,0.874977650259936,0.052059325797585,-0.946972653723109,0.0145411516774044,5,98,63,63,10,1.03703703703704,6.84119432836887,0.157667079558403,-0.0124861766355646,0.0504122468659597,0.729346222532805,0.656529848456702,0.0987177721668922,0.0100692272844568,-0.0445960408184222,5,0.0190085469674034,63,2.81487199624917
3664,12386,170,0.982206089064023,0.0177939109359775,-0.870621708513857,0.129378291486143,-0.612647943757696,0.387352056242304,0.835215913607531,0.164784086392469,0.217642875033002,0.782357124966998,-0.526654047605898,0.473345952394102,0.825362708405171,0.174637291594829,-0.995875828428509,0.00412417157149082,4,102,40,40,9,0.472727272727273,5.98181818181818,0.0376859504132231,-0.00722574872067336,0.00899999999999993,0.0656472816399287,0.795408059593915,0.000758700396709997,0.00139770672359538,-0.00309007414959911,4,0.130165599716709,40,2.26853105016614
3664,12387,170,0.965581028730576,0.0344189712694241,-0.890399819925558,0.109600180074442,-0.616097038712213,0.383902961287787,0.789500842845748,0.210499157154252,0.290692575908736,0.709307424091264,-0.502032266279285,0.497967733720715,0.859455394391217,0.140544605608783,-0.996403476142754,0.00359652385724593,4,114,27,27,8,0.559523809523809,5.47585978835979,0.0522199534820787,-0.0129469296135963,0.0141501322751323,0.0563775510204082,0.755814473225187,0.000555685450962988,0.00171145914501396,-0.00252089329321471,4,-0.506732219735027,27,0.660541032886089
3664,12394,170,0.942809041582063,0.0571909584179364,-0.912870929175276,0.0871290708247238,0.95010831731067,0.0498916826893296,0.924668628927832,0.0753313710721684,-0.947863701095744,0.052136298904256,-0.745787995768709,0.254212004231291,0.8194343411542,0.1805656588458,-0.968298408971478,0.0317015910285215,4,123,20,20,7,0.4,4.73571428571429,0.0393877551020409,0.0222222222222222,-0.0400714285714287,0.439092822071545,0.658317438440619,0.0450295330433447,0.0231243001119821,-0.0337110616147571,4,-0.553797680977066,20,1.06059455762929
3664,12395,170,NA,NA,-0.866025403784439,0.333333333333333,NA,NA,NA,NA,-0.866025403784439,0.333333333333333,0.866025403784439,0.333333333333333,0.866025403784439,0.333333333333333,-1,0,3,137,13,13,6,0.273504273504274,4.29344729344729,0.0249348625417003,0.0683760683760686,-0.0376068376068379,0.0410515410515411,0.768928602261936,0.000561743007568787,-0.0102628852628852,0.00564458689458685,3,-1.06784950145958,13,-1.22410760108111
3664,12413,170,0.997376616088983,0.00262338391101746,-0.817337896535699,0.182662103464301,1,0,NA,NA,-0.817337896535699,0.182662103464301,0.866025403784439,0.333333333333333,0.774596669241483,0.225403330758517,-0.996557648992934,0.00344235100706623,4,103,13,13,5,1,3.70833333333333,0.224537037037037,0.0833333333333333,-0.0825000000000002,0.0097588978185994,0.730577879831611,3.1745362211288e-05,-0.00975889781859905,0.00134184845005738,3,1.17075756848636,13,9.9999522669756
3664,12414,170,NA,NA,-0.866025403784439,0.333333333333333,NA,NA,NA,NA,-0.866025403784439,0.333333333333333,0.866025403784439,0.333333333333333,NA,NA,NA,NA,3,121,9,9,4,0.0833333333333335,3.27777777777778,0.00231481481481482,0.0833333333333344,-0.0114583333333335,0.0102850664075154,0.734180973976892,3.52608636690003e-05,-0.0102850664075153,0.00141419663103335,3,1.00852051973932,9,9.99992726797426
3664,12425,170,0.994132144166596,0.00053910130678525,-0.880474605896465,0.0487057746527745,-0.997799153204402,0.000123901096761384,0.989714737625211,0.00125021803645353,0.867619230626548,0.0566570319070081,-0.847282694626241,0.0699775484456474,0.845292976275261,0.0713271471661132,-0.985712513422788,0.00204566574097471,5,126,23,23,7,1.45238095238095,5.49675324675325,0.399570847622796,-0.0731721172501792,0.095386904761905,0.591883116883117,0.611456119637938,0.065506712088223,0.0293872218364449,-0.0377167207792208,5,-0.284271871249194,23,2.59151366579017
3664,12426,170,0.976216839651073,0.0043871530119477,-0.867442794919069,0.056768766489862,-0.989288391623075,0.00132866916677406,0.989697690007122,0.00125332442562254,0.839932973068765,0.0750022586024846,-0.806108897584423,0.0994530879984065,0.826858300706049,0.0842020726784134,-0.996435071974813,0.000255374562725289,5,131,18,18,6,1.02941176470588,4.77426470588235,0.174737781141869,-0.0648215059979766,0.0610661764705884,0.54185520361991,0.612211252799488,0.0537184823529117,0.0359556562096669,-0.0324951294620413,5,0.20418485129877,18,7.22235822241545
3664,12427,170,0.956602216372974,0.0107817115218973,-0.70710678118655,0.181690113816207,-0.968245836551854,0.00676013549495748,0.993993032799686,0.000558373813535074,0.821583836257751,0.0880048923827546,-0.762803815233904,0.133630544262767,0.792452933224521,0.109901503514125,-0.984396615824997,0.00233422639127823,5,143,11,11,5,0.9,3.9,0.12,-0.09375,0.0495000000000001,0.447736625514403,0.626337448559671,0.0344524039357144,0.0515689300411523,-0.0246255144032923,5,0.295494232262407,11,9.99994068451945
3664,12430,170,0.986116864569426,0.00195956070934633,-0.606339062590835,0.278319356092036,-0.897656083927908,0.0386941175428498,0.957832623366568,0.0103283882394534,0.834057656228301,0.0790956993820531,-0.769698879792416,0.12798969857583,0.707106781186548,0.181690113816209,-0.986116864569426,0.00195956070934634,5,150,8,8,4,0.5,3.175,0.0359375,-0.0652573529411765,0.0275000000000001,0.378571428571429,0.676071428571429,0.0241910076530612,0.0571297268907563,-0.0208214285714286,5,-0.325106566062781,8,9.99995434071618
3664,12447,170,0.963831448946538,0.00821221354550117,-0.91056326813574,0.031673351678694,0.826577952944429,0.0844028984913034,0.986597322289089,0.0134026777109109,-0.688494754721811,0.198663559099297,-0.778419570773717,0.221580429226283,0.778370220797316,0.12099949259553,-0.905375428357713,0.0344411396705959,5,77,125,125,13,2.44915254237288,7.91396669434989,1.14727327665089,0.0171672578212949,-0.128261632803454,0.0365936379719083,0.804015011765079,0.000321402579618607,0.000542497797380239,-0.00297267030188275,4,0.490312973371205,125,0.242321915846381
3664,12448,170,0.863917637766746,0.0590156140872269,-0.923501033792191,0.0251055635616616,0.801879839494703,0.102654953198884,-0.987742049839648,0.0122579501603519,-0.736937344928486,0.155416138531734,0.81634265870418,0.18365734129582,0.795796635658339,0.107314097321133,-0.865670029557833,0.0578952630611424,5,91,78,78,12,2.49315068493151,6.88545854321769,1.11918406853013,0.0250243177429135,-0.135595105869079,0.0220839147750886,0.835275752478073,9.77153350315595e-05,-0.000385076985472863,0.00171894576071553,4,0.377842038885683,78,0.512034092781551
3664,12449,170,0.870695814393485,0.0547198369490407,-0.940334634367293,0.0173377137502126,0.908410792833921,0.0328127071754427,-0.996885535754048,0.00311446424595242,-0.815808583649282,0.0922272894816623,0.860348012355829,0.139651987644171,0.792627064654311,0.10976629971465,-0.890341291604636,0.0428669750016743,5,95,42,42,11,2.55,5.91396825396825,1.19709328546233,0.055242704640295,-0.155244047619048,0.0754261294261295,0.763584943962993,0.00127317128253194,-0.00286402052100225,0.00653921920446313,4,-0.341967388998504,42,0.484811470925799
3664,12450,170,0.963523999082513,0.00831675913635843,-0.918399664593382,0.0276365189784367,0.737413263732812,0.155006691363076,0.864741331441746,0.135258668558254,-0.541555165069634,0.345839748256236,-0.61463303804261,0.38536696195739,0.824867009935991,0.0856317041547832,-0.972638797382661,0.00541060892116008,5,104,9,9,5,1,3.65555555555556,0.145293209876543,0.0859293873312564,-0.035902777777778,0.100974025974026,0.581568662818663,0.00228389512668313,0.0238596280262947,-0.00625694444444446,4,0.134853752393029,9,-0.456136472546442
3664,12451,170,0.976985457909361,0.00417669153820821,-0.905821627315678,0.0342001803961278,0.955085476987611,0.0113492276478662,-0.999997339524604,2.66047539555066e-06,-0.761658757624039,0.134574270715576,0.922876019707096,0.077123980292904,0.800736994890896,0.103525477481749,-0.973781072859932,0.00507622448794534,5,128,8,8,4,1.14285714285714,2.88214285714286,0.246747448979592,0.169871794871795,-0.0658035714285717,0.0658163265306123,0.766312358276644,0.000762907376984557,-0.0219507101086048,0.00542984693877553,4,-0.511354056451289,8,9.99995434071618
3664,12458,170,NA,NA,-0.879135312538401,0.120864687461599,0.994607328736089,0.00539267126391074,-0.998281938755046,0.00171806124495365,-0.838123562576657,0.161876437423343,0.866998800402717,0.133001199597283,0.80200878951369,0.19799121048631,-0.988443681499452,0.0115563185005475,4,107,33,33,10,0.53030303030303,5.87364718614719,0.0627778831918442,0.0232468160314426,-0.0447321428571429,0.0965388007054674,0.758954046074822,0.00199440758347529,-0.00415880600266701,0.00824771744121783,4,-0.31950586804551,33,0.696144186815271
3664,12459,170,NA,NA,-0.903606581632145,0.0963934183678548,0.94265418146156,0.0573458185384399,-0.937197737405287,0.0628022625947126,-0.73334755431768,0.26665244568232,0.730055331899324,0.269944668100676,0.816904223651698,0.183095776348302,-0.983163093433374,0.0168369065666262,4,114,25,25,9,0.842857142857143,5.45553571428571,0.160194005102041,0.0455305131761442,-0.0625232142857143,0.143067490153956,0.653882916725042,0.0045276188053355,-0.00761014928399211,0.010464031147356,4,-0.0549225781359041,25,0.217916931262314
3664,12463,170,NA,NA,-0.893911819484351,0.106088180515649,0.967874333106933,0.0321256668930672,-0.952202503732816,0.0477974962671836,-0.761626967254978,0.238373032745022,0.732883066851824,0.267116933148176,0.823203669678748,0.176796330321252,-0.989911295653618,0.0100887043463817,4,129,21,21,8,0.917647058823529,4.87822128851541,0.204530302317005,0.059428932863468,-0.073371848739496,0.135975609756098,0.676805963078428,0.00415674416632279,-0.00833500943546908,0.0100651361635797,4,-0.473047270380373,21,0.96205986108308
3664,12467,170,0.983748192689882,0.0162518073101174,-0.87352145002941,0.12647854997059,-0.993193667524803,0.00680633247519691,0.996801477499075,0.00319852250092545,0.820598125581965,0.179401874418035,-0.856035673409936,0.143964326590064,0.812950584555497,0.187049415444503,-0.993595382856331,0.00640461714366916,4,145,17,17,7,0.470588235294118,4.66583508403361,0.0499560807778994,-0.0319579904500661,0.0390690651260507,0.0732352941176471,0.769860105580694,0.00112934927224167,0.00482252127634633,-0.00612793740573155,4,-1.41144973799255,17,4.93624614964744
3664,12468,170,0.994134846772434,0.00586515322756576,-0.829288428862728,0.170711571137272,NA,NA,-0.999101465965212,0.00089853403478823,NA,NA,0.80901608643404,0.19098391356596,0.774596669241483,0.225403330758517,-0.994134846772434,0.00586515322756574,4,152,11,11,6,0,4,0,0,0,0.186868686868687,0.863047138047138,0.00837241664682742,-0.0209728867623604,0.0157685185185186,4,-1.14959124396164,11,-0.332247349333584
3664,12483,170,0.999717653696638,0.00028234630336188,-0.774596669241482,0.225403330758518,NA,NA,NA,NA,0.774596669241482,0.225403330758518,0.774596669241482,0.225403330758518,0.774596669241483,0.225403330758517,-1,0,4,111,8,8,4,0.541666666666667,3.26041666666667,0.0733506944444444,-0.108333333333333,0.0446875,0.00907990314769969,0.722003631961259,2.06111602929017e-05,-0.00181598062953995,0.000749092009685235,4,-0.0642824346533227,8,9.99992830104803
3664,12490,170,0.998033429758503,0.00196657024149705,-0.792895764597527,0.207104235402473,-0.878647372469214,0.121352627530786,0.991060116394745,0.00893988360525499,0.820560637391769,0.179439362608231,-0.782602221575043,0.217397778424956,0.774596669241483,0.225403330758517,-0.998033429758503,0.00196657024149703,4,113,36,36,11,0.770833333333333,6.38647055229717,0.11062764379668,-0.0224361421106303,0.0581367607526883,0.164603376721373,0.773893272710123,0.00632642551502996,0.00605174938601528,-0.0132595441897755,4,1.02233953205867,36,0.181276784236404
3664,12491,170,0.989803083914945,0.0101969160850546,-0.737209780774484,0.262790219225516,0.222464581488543,0.777535418511457,0.92242850619142,0.0775714938085796,-0.0436170893284317,0.956382910671568,-0.785802403398324,0.214197596601676,0.774596669241483,0.225403330758517,-0.989803083914945,0.0101969160850549,4,116,26,26,10,0.227272727272728,5.8471673254282,0.0110861146262418,0.00267514464111821,-0.00097826086956537,0.0886644219977554,0.750441858195481,0.00165612012871796,0.00428721578312001,-0.00681188942565759,4,1.31778991039311,26,-0.316917557482053
3664,12492,170,0.982946374365981,0.017053625634019,-0.723317638245536,0.276682361754464,0.989694221715482,0.010305778284518,-0.539374597898057,0.460625402101943,-0.758659541906582,0.241340458093418,0.18893272709401,0.81106727290599,0.774596669241483,0.225403330758517,-0.982946374365981,0.017053625634019,4,118,22,22,9,0.738095238095238,5.29051796157059,0.101224761988514,0.0464264526049423,-0.0514160401002508,0.023899303311068,0.711605087379081,0.000125441160124651,-0.000890700311887551,0.000450749800594996,4,1.59931429943389,22,-0.376315061119508
3664,12493,170,0.976624482356424,0.0233755176435757,-0.711990655183974,0.288009344816026,0.991090487859601,0.00890951214039881,0.793597990401738,0.206402009598262,-0.798790303017851,0.201209696982149,-0.707073911504014,0.292926088495986,0.774596669241483,0.225403330758517,-0.976624482356424,0.0233755176435756,4,129,19,19,8,0.855555555555555,4.76597222222222,0.14802662037037,0.0657178217821782,-0.0654652777777778,0.0494773519163764,0.763246111452711,0.000542341198544613,0.00318520066804795,-0.00350759490788185,4,1.2476179696039,19,-0.156666497055819
3664,12494,170,0.958002081549184,0.0419979184508157,-0.682700003774852,0.317299996225148,0.964502008486236,0.0354979915137643,-0.983327475634623,0.0166725243653766,-0.817328185420569,0.182671814579431,0.781239297848454,0.218760702151546,0.774596669241483,0.225403330758517,-0.958002081549184,0.0419979184508157,4,133,16,16,7,1.33333333333333,4.15448717948718,0.408969428007889,0.141816333446289,-0.111339743589744,0.0666666666666668,0.770566370566371,0.000809665024369241,-0.00643322229225314,0.00473527373527375,4,1.45029946663877,16,0.243887693735558
3664,12499,170,0.962250448649376,0.0377495513506236,-0.745355992499929,0.254644007500071,0.965580500446365,0.0344194995536351,-0.984511724454853,0.0154882755451468,-0.804615599881008,0.195384400118991,0.782385083003644,0.217614916996356,0.774596669241483,0.225403330758517,-0.962250448649376,0.0377495513506236,4,142,11,11,6,2.125,3.55625,1.07932291666667,0.289583333333333,-0.1780625,0.296825396825397,0.7921839569161,0.0193960080370962,-0.0395809712773998,0.0232105300453515,4,1.50111069989303,11,-0.982449395576918
3664,12500,170,0.962250448649376,0.0377495513506236,-0.745355992499929,0.254644007500071,0.94909959088838,0.0509004091116196,-0.894559532080908,0.294978788666974,-0.821338777127025,0.178661222872975,0.446948815372842,0.705021211333026,0.774596669241483,0.225403330758517,-0.962250448649376,0.0377495513506236,4,145,10,10,5,1.57142857142857,3.11111111111111,0.552784076593601,0.203703703703704,-0.130079365079365,0.0212698412698413,0.715449735449735,0.000113513059544806,-0.00825396825396838,0.00130952380952376,3,1.72014729128032,10,9.99994324587987
3664,12516,170,NA,NA,-0.866025403784439,0.333333333333333,NA,NA,NA,NA,0.866025403784439,0.333333333333333,0.866025403784439,0.333333333333333,NA,NA,NA,NA,3,146,10,10,5,0.125,3.58333333333333,0.00520833333333333,-0.0624999999999991,0.0171874999999998,0.0139550264550264,0.843562610229277,6.4914254453496e-05,-0.00697751322751306,0.0019188161375661,3,-0.635393955834734,10,9.99995169634625
3664,12525,170,0.967086054873926,0.0329139451260743,-0.749101636975228,0.250898363024772,-0.86138765996266,0.13861234003734,0.877012766350389,0.122987233649611,0.93455464828833,0.06544535171167,-0.94419311309801,0.0558068869019899,0.774596669241483,0.225403330758517,-0.967086054873926,0.0329139451260743,4,111,47,47,11,0.278745644599303,7.40803329461866,0.0137451942021217,-0.0136276823422906,0.0233393341076269,0.0306862995990734,0.745231004010458,0.000169120926795157,0.00153904920879949,-0.00261557888278641,4,0.0687474344480167,47,-0.320338947283265
3664,12526,170,0.967086054873926,0.0329139451260745,-0.749101636975228,0.250898363024772,-0.915417037294281,0.0845829627057187,0.916770993823883,0.0832290061761172,0.908988570585051,0.0910114294149484,-0.920464383956242,0.0795356160437583,0.774596669241483,0.225403330758517,-0.967086054873926,0.0329139451260743,4,114,46,46,10,0.364814814814815,6.58438552188552,0.0253804104456461,-0.0196795982076711,0.0308472222222223,0.0413614163614163,0.769860440754336,0.000325954282884524,0.00223350601103186,-0.00353992168200017,4,-0.147723269795073,46,0.903335798116998
3664,12527,170,0.980196058819607,0.0198039411803932,-0.867721831274624,0.132278168725376,0.881623237604127,0.118376762395873,-0.854333454287398,0.145666545712602,-0.945989782224175,0.0540102177758246,0.940629329701235,0.0593706702987649,0.774596669241483,0.225403330758517,-0.980196058819607,0.0198039411803931,4,125,10,10,5,0.388888888888889,3.72569444444444,0.0381140689300411,0.0723039215686275,-0.039340277777778,0.0506172839506173,0.763977072310406,0.00067459799039262,-0.0093215063803299,0.0052041446208113,4,-0.0968402921565443,10,-0.219672866154832
3664,12536,170,0.943370070516915,0.0566299294830848,-0.680336051416608,0.319663948583392,-0.868190405721686,0.131809594278314,0.895301966870345,0.104698033129655,0.952057825902055,0.0479421740979451,-0.934939728262854,0.0650602717371463,0.774596669241483,0.225403330758517,-0.943370070516915,0.0566299294830847,4,120,36,36,9,0.314165497896213,6.02368106341415,0.0195409737692466,-0.0236877291823695,0.0283494571478661,0.0198702877300352,0.74446749967678,8.60911448338192e-05,0.00162137744128209,-0.00184786898034109,4,-0.189287322995157,36,1.22133779241016
3664,12537,170,NA,NA,-0.580381000088008,0.419618999911992,-0.898012191026115,0.101987808973885,0.979394610594398,0.0206053894056017,0.847565861637518,0.152434138362482,-0.663599581699007,0.336400418300993,0.774596669241483,0.225403330758517,-0.936585811581694,0.0634141884183061,4,134,24,24,8,0.35,5.5570652173913,0.0266489445494643,-0.0411899313501144,0.0294728260869566,0.0794853294853295,0.731748494534536,0.00142941045844102,0.0104041119487344,-0.00534432548763211,4,-1.09414658648296,24,0.324666886488935
3664,12538,170,NA,NA,-0.718184846459607,0.281815153540393,0.858260507642306,0.141739492357694,-0.779323575498473,0.220676424501526,-0.306908317803727,0.693091682196273,0.176654752150375,0.823345247849625,NA,NA,NA,NA,4,137,17,17,7,0.205357142857143,4.97899159663866,0.00997181961019704,0.0681114551083593,-0.0065283613445379,0.0221250971250971,0.671109854198089,0.000114890097412621,-0.00663854549303465,0.000403343388637498,4,-1.072928754869,17,-0.363434116394786
3664,12540,170,NA,NA,-0.718184846459607,0.281815153540393,0.696816540398049,0.303183459601951,-0.11596893590779,0.88403106409221,-0.0603709112472959,0.939629088752704,-0.540623496283985,0.459376503716015,NA,NA,NA,NA,4,146,15,15,6,0.166666666666667,4.41428571428571,0.0066364323507181,0.0451127819548873,-0.00104761904761897,0.0297619047619048,0.784543234543235,0.000149672927311955,-0.00112752744331694,-0.00140888278388278,4,-1.31161150701021,15,1.02400967157293
3664,12544,170,0.870388279778489,0.129611720221511,-0.404519917477943,0.595480082522057,0.952174150316116,0.0478258496838839,-0.18480391989747,0.81519608010253,-0.122970929957706,0.877029070042294,-0.768578763979915,0.231421236020085,NA,NA,NA,NA,4,150,11,11,5,0.131313131313131,3.8489898989899,0.00489847974696461,0.0696051423324151,-0.00183333333333335,0.0219191919191919,0.769179292929293,0.000119206160935959,-0.00210743801652888,-0.0017875,4,-1.46262068194705,11,1.21084111936829
3664,12560,170,NA,NA,-0.831521840620299,0.168478159379701,-0.963010826702043,0.0369891732979566,0.475771791744341,0.524228208255659,0.940233692852869,0.059766307147131,-0.519466489773687,0.480533510226313,NA,NA,NA,NA,4,138,12,12,5,0.215909090909091,3.98768939393939,0.0100759010560147,-0.0566017316017317,0.0201041666666668,0.0211061507936509,0.793973777958153,8.55339081446068e-05,0.00257646619253761,-0.00102337549603174,4,0.756852988552594,12,9.99995835700125
3664,12561,170,NA,NA,-0.894427190999916,0.105572809000084,NA,NA,NA,NA,-0.894427190999916,0.105572809000084,0.894427190999916,0.105572809000084,NA,NA,NA,NA,4,141,8,8,4,0.107142857142857,3.19642857142857,0.0038265306122449,0.107142857142857,-0.0117857142857143,0.0110837438423645,0.777709359605911,4.09497925210513e-05,-0.0110837438423646,0.00121921182266011,4,0.233754307830264,8,9.99993770741043
3664,12571,170,0.98455107134373,0.00229970663169832,-0.773341531200228,0.125039011053265,0.998874823584972,4.5299298392365e-05,-0.927604132342329,0.0231276388878128,-0.791060768944424,0.110984246181467,0.808616239135303,0.0975693709892373,0.760039539386078,0.135912135676274,-0.996831888922431,0.000213957722330784,5,40,232,232,15,1.03026905829596,9.53204794725223,0.196344219959446,0.00490888510789447,-0.0609651430304713,0.0138095996840392,0.800981794139449,3.27372379898516e-05,-5.88635475940452e-05,0.00080468548241392,5,-0.246502788254981,232,0.452807832415322
3664,12572,170,0.978789353581424,0.00369639288087176,-0.780154609483795,0.119575665177044,-0.957119872548197,0.0105902129038609,0.955783322177225,0.0110869329245196,0.639876261684144,0.244925634696668,-0.654290799050663,0.230933194032591,0.770623951759517,0.127238415769847,-0.995880211591267,0.000317232491718829,5,59,180,180,14,1.04136253041363,9.55552116849642,0.190864968923681,-0.00589484074424006,0.0486207665212892,0.0100001676214644,0.819042430876466,1.85181268725719e-05,5.79829898739176e-05,-0.000489702171918919,5,-0.353977659871143,180,0.470014786716733
3664,12573,170,0.976937292139058,0.00418977961933997,-0.785053076882787,0.115693081720197,-0.971960229295674,0.00561255289188151,0.98386293453912,0.00245480311279067,0.685916573676176,0.201048274466884,-0.731033259624537,0.160521603492261,0.766560987713521,0.130547851441947,-0.994483935035907,0.000491380876169971,5,66,168,168,13,1.72539682539683,9.04506488140641,0.574241094827802,-0.0111154934503311,0.0904026415676878,0.0850004692066386,0.832047474999045,0.00139170277212917,0.000553912241865599,-0.00474321785359931,5,-0.671057344880191,168,0.687489662379948
3664,12574,170,0.972510154556134,0.00544870583204471,-0.784556530308344,0.116084897324432,-0.94492756560545,0.0153856106635521,0.981116249329645,0.00310622023345819,0.636996484283618,0.247747756588735,-0.750670883200539,0.14372894103431,0.73933842158056,0.153353637903708,-0.984165069454738,0.00238629348048779,5,67,86,86,12,1.484375,7.90344703568789,0.380235743904518,-0.017416911208661,0.0683165922619053,0.0825729371973624,0.678157518134975,0.00125910575810647,0.00104063330904993,-0.00463279801048369,5,0.154717381610007,86,0.48890793622731
3664,12575,170,0.974217471738621,0.00495034392336824,-0.775663280537021,0.12316904340857,-0.92705497623136,0.0233893140871541,0.327646941099765,0.590416111986204,0.577093486625837,0.308334988984096,0.341908733660276,0.573305426291808,0.743760765017114,0.149576025711464,-0.986398879724895,0.00190023739005704,5,94,76,76,11,1.10526315789474,7.2220471846552,0.195885649842153,-0.0140758292913746,0.0444232341139257,0.0039503148895591,0.83451457324377,2.92640811201058e-06,1.92282940341023e-05,0.000101727958714298,5,-0.322048794873449,76,0.874766418887644
3664,12576,170,0.965850641823858,0.00753651318646953,-0.776944796031485,0.122140502628482,-0.945063778182158,0.0153288842862283,0.96678485155759,0.00723040261767149,0.715493554573213,0.174184500702125,-0.714691128602816,0.174898685927414,0.724482139328179,0.166242201153542,-0.973127158917199,0.00526678811497777,5,102,32,32,8,1.91379310344828,6.04224137931034,0.669482015457788,-0.0612856848899671,0.101821120689656,0.587293538104897,0.627678745846648,0.067845503639734,0.0199580837416673,-0.0323773735664952,5,-0.464661207208415,32,0.591201220614412
3664,12577,170,0.975665453381986,0.00454022231233031,-0.752617809006384,0.142093935792882,-0.965203319718686,0.0077510530848389,0.975644785350433,0.00454599354552609,0.730643872200929,0.160860000664363,-0.714523310453313,0.175048155523098,0.707106781186548,0.181690113816209,-0.975665453381986,0.00454022231233045,5,128,20,20,7,1.83333333333333,5.10333333333333,0.612555555555556,-0.0998834498834499,0.0994583333333338,0.596016184251478,0.734336904352384,0.0697579233521556,0.0340714396828948,-0.0328228178698381,5,-1.28941786790072,20,4.33427420549885
3664,12578,170,NA,NA,-0.547722557505164,0.452277442494836,0.996927796119081,0.00307220388091944,-0.989089936426573,0.010910063573427,-0.606710935709254,0.393289064290746,0.655854970065045,0.344145029934956,NA,NA,NA,NA,4,130,10,10,5,0.128571428571429,3.65952380952381,0.00369614512471655,0.0428571428571429,-0.00785714285714282,0.0302380952380953,0.807351190476191,0.000207694397203326,-0.0100793650793651,0.00201339285714286,4,-0.0887496283617094,10,3.60306806703713
3664,12587,170,0.989070710093681,0.00136933123688099,-0.699378606180238,0.188685662992845,-0.968288547254067,0.00674654475504613,0.98094788411415,0.00314777471663596,0.771162472374223,0.126801671129068,-0.718979429609615,0.171091729911204,0.707106781186547,0.181690113816209,-0.989070710093681,0.00136933123688107,5,134,10,10,6,1.83333333333333,4.17111111111111,0.561765432098766,-0.214009661835749,0.100527777777778,0.429783950617284,0.638425925925926,0.0347137679088554,0.0538949275362319,-0.0232986111111112,5,-1.36730776647421,10,-0.376607366150258
3664,12589,170,0.979957887012223,0.00339577706385885,-0.692934867183586,0.194575496622165,-0.942185214675928,0.0165420631701581,0.972263448573859,0.00552201255891616,0.818606152296928,0.0901743735034313,-0.740788002890711,0.15211236035509,0.707106781186547,0.181690113816209,-0.979957887012223,0.003395777063859,5,146,8,8,5,1.35714285714286,3.56428571428571,0.285809948979592,-0.200680272108844,0.0761160714285717,0.408730158730159,0.770833333333333,0.0306278689137692,0.0677910052910053,-0.0225483630952382,5,-1.75406333317593,8,0.299045240986007
3664,12596,170,NA,NA,-0.613794905523425,0.386205094476575,0.885165769207383,0.114834230792617,-0.984633054923292,0.0153669450767082,-0.206746374392725,0.793253625607275,0.478037286328681,0.521962713671319,0.774596669241483,0.225403330758517,-0.968495996958186,0.0315040030418139,4,119,12,12,7,0.291666666666667,4.5407196969697,0.0222047654576064,0.0696793516560959,-0.00656250000000001,0.0575715134538665,0.603564001358119,0.000742203029744162,-0.014170728192616,0.00277415966386555,4,0.696684759337115,12,-0.951679735973755
3664,12597,170,0.968495996958186,0.0315040030418139,-0.613794905523425,0.386205094476575,0.593724835194351,0.406275164805649,-0.788115286817925,0.211884713182075,0.217642875033006,0.782357124966994,0.0384904574464271,0.961509542553573,0.774596669241483,0.225403330758517,-0.968495996958186,0.0315040030418139,4,134,11,11,6,0.2,3.91428571428571,0.0103401360544218,0.0318936877076412,0.00471428571428578,0.03001443001443,0.722669151835818,0.000284227573021598,-0.00701906477100276,0.000138227513227505,4,0.303692916163329,11,0.570809908433466
3664,12599,170,NA,NA,-0.547722557505164,0.452277442494836,0.931998424923993,0.068001575076007,-0.989001556184038,0.0109984438159617,-0.229714452400569,0.770285547599431,0.427131655370579,0.572868344629421,NA,NA,NA,NA,4,142,9,9,5,0.277777777777778,3.32638888888889,0.0197402263374486,0.0925925925925927,-0.006875,0.0761904761904761,0.766177721088435,0.00131884850737347,-0.0253968253968254,0.00330420918367347,4,0.346581355080694,9,9.99994847686742
3664,12607,170,0.979372098861917,0.00354542298523919,-0.773712728899633,0.124739479630702,-0.423371289491219,0.477513917129146,-0.982215008574337,0.00283956856543068,-0.196155495571432,0.751858062462189,0.759626268954916,0.136254222939566,0.76128126141735,0.134885823629885,-0.993281194349015,0.000660440656932376,5,105,44,44,10,0.435406698564593,6.33582592845751,0.0324929015614701,-0.00461041871433728,-0.00614974937343339,0.224729182623919,0.830017658391807,0.00908952414048619,-0.00565720424135343,0.0125960169982154,5,0.174886815125965,44,0.571191317529056
3664,12608,170,0.974933356442865,0.0047461168429197,-0.718106237026785,0.17186495588457,0.973466129956747,0.00516771608242883,0.0108078258294912,0.989192174170509,-0.771086946405142,0.126862896362533,0.924194278429176,0.0758057215708243,0.707106781186548,0.181690113816209,-0.974933356442865,0.00474611684291961,5,132,15,15,6,1.25,3.95282051282051,0.287892340565418,0.0948887196411949,-0.0719583333333335,0.0279106858054227,0.712171381250329,0.00013060966953162,8.73395610237686e-05,0.00224987950645845,4,0.0753544253200407,15,9.9999242418544
3664,12613,170,NA,NA,-0.632455532033675,0.367544467966325,0.579140506879009,0.420859493120991,-0.850003504145592,0.149996495854408,-0.183140308700205,0.816859691299795,0.406720395338972,0.593279604661028,NA,NA,NA,NA,4,146,10,10,5,0.166666666666667,3.58055555555556,0.00496913580246913,0.05,-0.00275000000000002,0.0279431216931216,0.801025132275132,0.000177146175685637,-0.0138558201058201,0.00115310846560847,4,-0.680413817439772,10,9.99992208063144
3664,12622,170,0.974689793657996,0.00481528145631183,-0.795788591924489,0.107320299319173,-0.939713130157193,0.0176076407891615,-0.477483782185276,0.522516217814724,0.584422716293027,0.300738178647316,0.960118899477946,0.0398811005220538,0.792288508695756,0.110029216464937,-0.998268544785,8.64645180859792e-05,5,115,29,29,9,2.33333333333333,6.28974358974359,0.940227352050714,-0.0818938734932273,0.0985612535612541,0.042027306027306,0.774571058571059,0.000335563234395957,-0.00304522114623124,0.00374645502645504,4,-0.144522144522145,29,-0.355401285218312
3664,12623,170,0.951492296995029,0.0127310568482226,-0.875716599159682,0.0516044253874392,-0.868986189682258,0.0557937013607269,-0.992086361646548,0.00791363835345249,0.553810984505436,0.332783771685314,0.967852697476389,0.0321473025236112,0.818918669885849,0.0899459205955644,-0.994029413002531,0.000553311979045801,5,118,19,19,8,1.76923076923077,5.76658728268635,0.496329845485954,-0.0827004344100004,0.0678593117408912,0.0317528288176061,0.624441020374204,0.000181360949675975,-0.00508010801886351,0.00277644755543139,4,-0.366598525977625,19,-1.07245183319243
3664,12624,170,0.945240970765202,0.0152551938144265,-0.883629346137417,0.04681329503606,-0.867977964102658,0.0564300636930066,-0.865752719547061,0.134247280452939,0.565207440133849,0.320757325026725,0.981570747001041,0.0184292529989585,0.82445414322043,0.0859290424125314,-0.993279045782121,0.000660757266418007,5,135,18,18,7,1.41666666666667,4.99738562091503,0.325946484258191,-0.071009649581941,0.0561233660130723,0.0186656480774128,0.850356187929717,6.41246077375475e-05,-0.002636075240611,0.00167433473389354,4,-0.911013736448565,18,-0.124494919113988
3664,12631,170,0.984159191881904,0.00238762009606797,-0.812514394160846,0.0946626474058802,-0.879317115998653,0.0494060562851367,-0.996549060776963,0.00345093922303716,0.458358982469794,0.437532218263055,0.945409449647031,0.0545905503529691,0.707106781186547,0.181690113816209,-0.984916179296249,0.00221878812567748,5,137,11,11,6,1.11111111111111,4.27232323232323,0.183981532496684,-0.0922941994798283,0.0341944444444448,0.048852157943067,0.78509335782063,0.00040051509270791,-0.0244260789715335,0.00403030303030305,4,-0.39210419351381,11,-1.0371388013827
3664,12632,170,0.981022943175945,0.00312922670932658,-0.823754471047916,0.0864336538279039,-0.795407251432377,0.107614450246904,-0.994058108580472,0.00594189141952829,0.339974888397992,0.57562014701251,0.943046324901978,0.0569536750980224,0.707106781186548,0.181690113816209,-0.981022943175945,0.00312922670932648,5,139,10,10,5,0.75,3.54777777777778,0.0793148148148148,-0.0614243943191312,0.0166527777777779,0.0505888376856118,0.778507424475166,0.000431652845102789,-0.0252944188428058,0.00417357910906297,4,-0.193380769167093,10,9.99992208063144
3664,12641,170,NA,NA,0.400000000000002,0.599999999999998,-0.358055588539286,0.641944411460714,0.0322923752804921,0.967707624719508,0.379610774471416,0.620389225528584,-0.901561111489536,0.0984388885104641,NA,NA,NA,NA,4,129,10,10,5,0.194444444444445,3.67996031746032,0.00732064121945076,-0.0237301587301587,0.0069186507936508,0.0421022067363531,0.735927216415021,0.000362418349585852,0.000476190476190386,-0.00365602013162992,4,0.90823776979601,10,2.57606963880465
3664,12643,170,NA,NA,0.632455532033677,0.367544467966323,0.816496580927726,0.183503419072274,-0.739922991614366,0.260077008385634,0.258198889747163,0.741801110252837,-0.768805211034608,0.231194788965392,NA,NA,NA,NA,4,135,8,8,4,0.125,3.03125,0.00390625,0.0624999999999999,0.00343750000000001,0.0462585034013605,0.728656462585034,0.000498740879571783,-0.0202380952380952,-0.00365731292517008,4,0.565685424949238,8,9.99992830104803
3664,12650,170,NA,NA,-0.774596669241482,0.225403330758518,NA,NA,NA,NA,-0.774596669241482,0.225403330758518,0.774596669241482,0.225403330758518,NA,NA,NA,NA,4,122,10,10,5,0.371428571428571,3.70714285714286,0.0344897959183674,0.123809523809524,-0.0306428571428572,0.0851851851851851,0.6375,0.00181412894375857,-0.0283950617283951,0.00702777777777779,4,0.235052046024648,10,0.783703923329842
3664,12651,170,NA,NA,-0.774596669241482,0.225403330758518,NA,NA,NA,NA,-0.774596669241482,0.225403330758518,0.774596669241482,0.225403330758518,NA,NA,NA,NA,4,146,8,8,4,0.25,3.1875,0.015625,0.0833333333333334,-0.0206250000000001,0.0839285714285715,0.845386904761905,0.00176100127551021,-0.0279761904761905,0.00692410714285717,4,-0.773586905913488,8,9.99991873048828
3664,12659,170,0.980567944337327,0.0032422166473034,-0.784852066565124,0.115851647303921,-0.984451974021745,0.00232183462764763,0.985487160504897,0.0145128394951035,0.713528396890784,0.175935040841364,-0.698397551832247,0.301602448167753,0.763446798538047,0.133101477238427,-0.995960435755258,0.000308015312827111,5,80,82,82,11,3.26923076923077,8.42960140934334,2.06625994060267,-0.0430940399094872,0.178388325652843,0.0142910598225247,0.814396693987512,4.25807791681722e-05,0.000864498722481019,-0.000970773314224449,4,-1.03448190877654,82,0.672129266608679
3664,12660,170,0.985820596526984,0.00202252982100015,-0.775830100714651,0.123035008280968,-0.981969245947937,0.00289852198601056,0.987940716261559,0.0120592837384406,0.693799980776169,0.193781775477119,-0.76961026892272,0.230389731077279,0.753757152462606,0.141139685222156,-0.996712052970455,0.000226207379857305,5,87,68,68,10,2.71698113207547,7.86184570906878,1.42943755005687,-0.0433137175080923,0.144271174109861,0.00747344551334095,0.813241066537554,1.30764427215097e-05,0.000680224575881273,-0.000592821547606547,4,-0.753927170880709,68,0.512184971844701
3664,12661,170,0.99001855194007,0.00119528888847453,-0.761218146957854,0.134937933670459,-0.985717921923764,0.00204450594305373,0.878366298488557,0.121633701511443,0.681984200975334,0.204700907820479,-0.213152451840658,0.786847548159342,0.746873361008358,0.146933805093645,-0.997551782378312,0.000145361479784694,5,93,57,57,9,2.42553191489362,7.10151454326484,1.12800059369101,-0.0450016484797128,0.125977117623445,0.00286271131448157,0.824105811272457,2.02368542420742e-06,0.000330045309924896,-6.45907241259216e-05,4,-1.14214937622786,57,1.38059938099061
3664,12662,170,NA,NA,-0.529150262212917,0.470849737787083,0.995095642718757,0.00490435728124305,-0.973884472796248,0.0261155272037517,-0.452721452176489,0.547278547823511,0.481840395020831,0.518159604979169,0.774596669241483,0.225403330758517,-0.87831006565368,0.12168993434632,4,119,17,17,7,0.212669683257919,4.95957767722474,0.00834581146532172,0.0532299073475544,-0.00880995475113129,0.0298295034454205,0.822990893189855,0.00015389084211882,-0.00707408755357348,0.00127326239696482,4,0.399889405499963,17,-0.513113580119511
3664,12663,170,0.828078671210825,0.171921328789175,-0.529150262212917,0.470849737787083,0.982045946548845,0.0179540534511546,-0.950738714123717,0.0492612858762826,-0.385060796700562,0.614939203299438,0.450179695305916,0.549820304694084,0.774596669241483,0.225403330758517,-0.87831006565368,0.12168993434632,4,121,16,16,6,0.145833333333333,4.24002976190476,0.00400211994520028,0.0363775510204081,-0.00518898809523806,0.0269789734075448,0.828594747089645,0.000127271878352366,-0.00628035230076047,0.00108183355759887,4,0.598222218314572,16,9.99995368579055
3664,12670,170,0.301511344577764,0.698488655422236,1.77501191957181e-15,0.999999999999998,0.800498735891618,0.199501264108382,-0.34340511622925,0.656594883770749,0.568578575442595,0.431421424557406,-0.890991376800482,0.109008623199518,0.774596669241483,0.225403330758517,-0.577350269189626,0.422649730810374,4,122,9,9,5,0.180555555555555,3.49652777777778,0.00724987139917694,0.118055555555555,0.0103125,0.0386904761904762,0.766575727513228,0.000282847540808161,-0.0100033068783069,-0.0031919642857143,4,-0.11205783552659,9,0.961740159427621
3664,12678,170,0.993057514455676,0.000693671025479015,-0.755467873120411,0.139710443286331,-0.989600719263937,0.0012710428687587,0.802122688375301,0.197877311624699,0.67384979900554,0.212314695942654,-0.0957760863420667,0.904223913657933,0.763292516892738,0.133228368371553,-0.999677037908367,6.96690904627878e-06,5,104,40,40,8,2.15384615384615,6.31876637294594,0.885693775057637,-0.0570496772438001,0.1102979876161,0.00425447836086734,0.8417385126856,3.19541113651216e-06,0.000646649267771542,-3.64694134043842e-05,4,-1.64725577285459,40,2.96994419686349
3664,12679,170,NA,NA,-0.886592641311615,0.113407358688385,0.50925715144537,0.49074284855463,0.571337749326273,0.428662250673727,-0.742021226557346,0.257978773442654,-0.229495088436471,0.770504911563529,0.774596669241483,0.225403330758517,-0.968495996958186,0.0315040030418138,4,113,18,18,7,0.117647058823529,4.95273109243698,0.00333515759244872,0.0155364471369943,-0.00912815126050422,0.0266347429660123,0.748293441308147,0.000119319937005824,0.00329690036472383,-0.000533996268322896,4,-1.03651810072634,18,0.226224564933952
3664,12680,170,NA,NA,-0.943879807448538,0.0561201925514616,0.999068955282572,0.000931044717427554,-0.999864581167585,0.000135418832415322,-0.938887595416307,0.0611124045836934,0.942182914136619,0.0578170858633813,0.774596669241483,0.225403330758517,-0.870388279778489,0.129611720221511,4,123,13,13,6,0.251748251748252,4.5236013986014,0.0143313853978189,0.124920534011443,-0.0239423076923078,0.0369885433715221,0.68311759162823,0.000311802803579927,-0.0184406180537709,0.00354391707583199,4,-0.472496494736894,13,-0.460020019918174
3664,12681,170,NA,NA,-0.943879807448538,0.0561201925514616,0.99889073731804,0.00110926268195977,-0.999893264732022,0.000106735267977986,-0.938343116817109,0.0616568831828905,0.942386030358249,0.0576139696417508,0.774596669241483,0.225403330758517,-0.870388279778489,0.129611720221511,4,134,12,12,5,0.216666666666666,3.83787878787879,0.0106045301499847,0.107438016528925,-0.0205833333333334,0.0415824915824916,0.810900673400673,0.000394297917446066,-0.0207376798285889,0.00398611111111113,4,-0.794834595077264,12,5.60928147341866
3664,12684,170,0.301511344577764,0.698488655422236,-0.943879807448538,0.0561201925514616,0.997892793654681,0.00210720634531891,-0.998708577088601,0.00129142291139908,-0.935704382671731,0.0642956173282694,0.937816764581218,0.0621832354187817,0.774596669241483,0.225403330758517,-0.870388279778489,0.129611720221511,4,135,9,9,4,0.190476190476191,3.26488095238095,0.00816090325018898,0.0941558441558443,-0.0180059523809525,0.0520408163265306,0.697448979591837,0.000611203665139524,-0.0257884972170686,0.00493877551020409,4,-0.0143354818403203,9,9.99994187785417
3664,12696,170,0.995105208005666,0.000410786436167543,-0.685603444662683,0.201338450822678,-0.996128017293743,0.000289055723472534,0.442012322998971,0.557987677001029,0.674874497740524,0.211351314239131,0.932980510127935,0.0670194898720653,0.707106781186548,0.181690113816209,-0.995105208005666,0.000410786436167611,5,114,22,22,7,2.2,5.28363636363636,0.922702479338843,-0.109185606060606,0.11275,0.00413533834586466,0.825167016567393,4.72297888255171e-06,0.000960599550825071,0.000431905656999638,4,-0.946072267775858,22,9.99995171566013
3664,12697,170,NA,NA,0.258198889747163,0.741801110252837,-0.643052571251292,0.356947428748708,0.56876572472857,0.43123427527143,-0.865132133403576,0.134867866596424,0.897690629649545,0.102309370350455,NA,NA,NA,NA,4,125,8,8,4,0.160714285714286,3.20982142857143,0.00773278061224489,-0.113095238095238,-0.0162053571428572,0.017989417989418,0.791997354497354,0.000106304181480549,0.0117283950617284,0.00197156084656085,4,-0.440609250588602,8,9.99995434071618
3664,12704,170,0.99689086199467,0.000208013351271408,-0.690522405178126,0.196793704053511,-0.995725255669764,0.000335289848364238,-0.314323751882283,0.685676248117717,0.682192230181039,0.20450721562394,0.785444796361766,0.214555203638234,0.707106781186547,0.181690113816209,-0.99689086199467,0.000208013351271534,5,125,14,14,6,1.84615384615385,4.56593406593407,0.64367226180413,-0.145367877155957,0.0951923076923081,0.00769230769230778,0.83501221001221,1.45908072241001e-05,-0.00240130240130239,0.00063909238909239,4,-0.458745874587459,14,6.52287163703964
3664,12705,170,0.989070710093681,0.00136933123688099,-0.606128125356207,0.27853294910799,-0.99424372826262,0.000523805972640318,NA,NA,0.680831369088791,0.205775219065707,-0.894427190999916,0.105572809000084,0.707106781186548,0.181690113816209,-0.989070710093681,0.00136933123688107,5,128,9,9,5,1.55555555555556,3.77777777777778,0.467592592592593,-0.20048309178744,0.0809722222222226,0.00481859410430829,0.802012471655329,7.73961638069155e-06,-0.00481859410430826,-0.000530045351473909,4,-0.0954017912087001,9,9.99994847686742
3664,12717,170,NA,NA,-0.774596669241482,0.225403330758518,0.927172649945531,0.0728273500544694,-0.994013754359201,0.00598624564079874,-0.512989176042575,0.487010823957425,0.7101183124799,0.2898816875201,0.774596669241483,0.225403330758517,-1,0,4,119,11,11,7,0.666666666666667,4.38888888888889,0.0781893004115227,0.17283950617284,-0.0305555555555556,0.181263616557734,0.556209150326797,0.00715755098941053,-0.0560639070442992,0.0127973856209151,4,0.908039155767721,11,-1.27602615119824
3664,12718,170,NA,NA,-0.774596669241482,0.225403330758518,-0.577350269189626,0.422649730810374,0.948847472716111,0.0511525272838891,0.894427190999916,0.105572809000084,-0.907909172450945,0.0920908275490552,0.774596669241483,0.225403330758517,-1,0,4,139,9,9,6,0.25,3.875,0.0208333333333333,-0.0416666666666666,0.0275000000000001,0.131336405529954,0.588133640552995,0.00383449425555863,0.0293778801843318,-0.011975806451613,4,0.719578001687281,9,-1.54368145762728
3664,12719,170,NA,NA,-0.774596669241482,0.225403330758518,0.662266178532522,0.337733821467478,-0.188090010921631,0.811909989078369,-0.102597835208514,0.897402164791486,-0.392252796862472,0.607747203137528,NA,NA,NA,NA,4,149,8,8,5,0.428571428571428,3.17857142857143,0.032312925170068,0.0793650793650793,-0.00392857142857136,0.0816326530612245,0.727040816326531,0.00153517567268782,-0.00491307634164778,-0.00327380952380955,4,0.388908729652601,8,0.299045240959206
3664,12727,170,NA,NA,-0.640444760713539,0.359555239286461,-0.982563682133366,0.0174363178666344,0.999760047809759,0.000239952190240977,0.499151822968605,0.500848177031395,-0.655622216437571,0.344377783562429,0.774596669241483,0.225403330758517,-0.977139836403677,0.0228601635963226,4,110,14,14,5,0.222222222222222,4.09401709401709,0.0086200599021112,-0.0411415326669564,0.00987179487179489,0.0408577533577534,0.783878968253968,0.000334657261025165,0.00824822540924237,-0.00255483058608059,4,-0.72192513368984,14,9.99993249555645
3664,12728,170,NA,NA,-0.774596669241482,0.225403330758518,NA,NA,NA,NA,0.774596669241482,0.225403330758518,-0.774596669241482,0.225403330758518,0.774596669241483,0.225403330758517,-1,0,4,123,8,8,4,0.0833333333333335,3.27083333333333,0.00173611111111112,-0.0416666666666668,0.00687500000000004,0.0732522796352583,0.697492401215805,0.00134147411794052,0.0366261398176291,-0.00604331306990881,4,-0.0314269680527357,8,9.99993770741043
3664,12740,170,0.994378820001795,0.000505485346139034,-0.703132006691549,0.185278688462634,-0.714760125741918,0.174837243282746,-0.925722144939736,0.074277855060264,0.873974403884084,0.0526789390140179,-0.358796125022775,0.641203874977225,0.707106781186547,0.181690113816209,-0.994378820001795,0.000505485346139007,5,96,12,12,5,0.181818181818182,3.91212121212121,0.00414944903581266,-0.00974996602799295,0.00979166666666674,0.00712530712530712,0.658783783783784,1.18875855976593e-05,-0.00552825552825557,-0.000263513513513521,4,1.06796082897065,12,9.99992956874986
3664,12751,170,0.997752263622387,0.000127880827492488,-0.74222060845315,0.150888517937407,0.999447095411145,1.56053361179964e-05,0.998117860317639,9.79916309462592e-05,-0.747078207458424,0.146760399523761,-0.720440247629862,0.169800398887935,0.707106781186548,0.181690113816209,-0.997752263622387,0.000127880827492511,5,91,52,52,10,1.55333333333333,6.36448226950355,0.450379886323625,0.0345995870747606,-0.0872003546099295,0.0774097993627831,0.834235131399601,0.0011726289991263,0.00176312764120914,-0.0042908266701334,5,-0.175150679850654,52,0.352243915988358
3664,12752,170,0.999535323157637,1.20234784239948e-05,-0.723473753190812,0.167127876688713,0.999691317656919,6.51000661333612e-06,0.999613789104183,9.1105685329218e-06,-0.725480879004035,0.165366339504113,-0.711899228156438,0.177390083614297,0.707106781186547,0.181690113816209,-0.999535323157637,1.20234784240827e-05,5,97,36,36,9,3.11764705882353,5.44117647058824,1.86418685121107,0.0960837754328689,-0.172279411764706,0.534881449466462,0.713905269455229,0.0567774991737664,0.0167671707568179,-0.0295032148133227,5,0.0600917129530666,36,0.199779285351974
3664,12753,170,0.992690446228782,0.000749365004615976,-0.782488425213577,0.1177210653515,0.992748585234286,0.000740448787246439,0.990593571793879,0.00109359685370514,-0.707306480646032,0.181510346527605,-0.698600118097493,0.189394503123943,0.707106781186547,0.181690113816209,-0.992690446228782,0.000749365004615992,5,102,18,18,8,3.35294117647059,4.63169934640523,2.16579040112777,0.212655436468373,-0.181041666666667,0.456127450980392,0.667241926182238,0.0401722890467334,0.0288993314175122,-0.0243531213956172,5,0.0880107117667112,18,-0.226989724010382
3664,12754,170,NA,NA,-0.943879807448538,0.0561201925514616,-0.402395642162468,0.597604357837532,-0.0409737244657886,0.959026275534211,0.467099366496916,0.532900633503083,-0.0565919182978376,0.943408081702162,NA,NA,NA,NA,4,111,16,16,7,0.1125,4.72232142857143,0.00284119897959183,-0.0224025974025971,0.00530357142857137,0.0166511454647048,0.79822049419507,5.44485160481418e-05,-0.000315785909006202,-8.89520084435518e-05,4,0.202082559848831,16,0.66691349074429
3664,12755,170,NA,NA,-0.774596669241482,0.225403330758518,NA,NA,NA,NA,-0.774596669241482,0.225403330758518,0.774596669241482,0.225403330758518,NA,NA,NA,NA,4,112,13,13,6,0.0705128205128212,4.13621794871795,0.00124301446416833,0.0705128205128209,-0.00581730769230771,0.0177437505023711,0.738520818262198,7.87101704725986e-05,-0.0177437505023711,0.00146385941644562,4,0.151616022929156,13,2.14447382039147
3664,12756,170,NA,NA,-0.774596669241482,0.225403330758518,NA,NA,NA,NA,-0.774596669241482,0.225403330758518,0.774596669241482,0.225403330758518,NA,NA,NA,NA,4,126,9,9,5,0.0555555555555554,3.54166666666667,0.000771604938271599,0.0555555555555554,-0.00458333333333335,0.0336399711399712,0.72558170995671,0.000282911914574524,-0.0336399711399712,0.00277529761904764,4,0.410430539666659,9,1.68758627973614
3664,12770,170,NA,NA,0.894427190999916,0.105572809000084,-0.512086230506267,0.487913769493733,0.97382384771887,0.0261761522811301,-0.729642642698831,0.270357357301169,0.942894368386378,0.0571056316136223,NA,NA,NA,NA,4,119,18,18,8,0.1875,4.80422794117647,0.00794203251153403,-0.079044117647059,-0.0138511029411766,0.00634371395617073,0.785483948481353,1.04211842708e-05,0.00544502114571325,0.000648380430603626,4,0.0863558094941748,18,-0.294079987954712
3664,12771,170,NA,NA,0.258198889747161,0.741801110252839,0.240239378069101,0.759760621930899,-0.204899253544273,0.795100746455727,-0.824106754894595,0.175893245105405,0.840597849760768,0.159402150239232,NA,NA,NA,NA,4,123,12,12,7,0.181818181818182,4.23181818181818,0.00779614325068868,0.0424242424242415,-0.0154999999999999,0.0294003868471954,0.750257898130239,0.000200502909667896,-0.0058027079303676,0.00253546099290783,4,-0.331181081282193,12,-1.12451801168254
3664,12775,170,NA,NA,-0.774596669241484,0.225403330758516,NA,NA,NA,NA,-0.774596669241484,0.225403330758516,0.774596669241484,0.225403330758516,NA,NA,NA,NA,4,136,8,8,6,0.160714285714286,3.75446428571429,0.00645727040816326,0.160714285714287,-0.0132589285714287,0.0374649859943978,0.76234243697479,0.000350906293890107,-0.0374649859943981,0.00309086134453786,4,-0.71583649453453,8,-1.64364871593045
3664,12787,170,0.986116864569426,0.00195956070934633,-0.788240781368084,0.113187227947892,0.440696670043254,0.457619898115335,0.813876542206115,0.0936532779609422,-0.726815567778522,0.164197952261465,-0.395925174266535,0.509391260881991,0.707106781186547,0.181690113816209,-0.986116864569426,0.00195956070934634,5,104,16,16,7,0.232142857142857,4.80357142857143,0.0110012755102041,0.00886292016806719,-0.0132589285714285,0.0747863247863247,0.707583527583528,0.000729615804207878,0.00421522921522921,-0.00186004273504275,5,0.110216678544352,16,0.0397729164138383
3664,12788,170,0.979850183945854,0.00342313066766287,-0.802257453238422,0.102367808466509,0.983337813459716,0.00257539245267546,-0.927369133779082,0.0232395002226341,-0.860778533760734,0.0610392606629763,0.891946578058049,0.041939611141746,0.707106781186547,0.181690113816209,-0.979850183945854,0.00342313066766284,5,113,14,14,6,0.535714285714286,4.13809523809524,0.0547477324263038,0.05306484295846,-0.035029761904762,0.0446950710108605,0.738467380572644,0.000419045806737524,-0.00437828937269027,0.00317564745196325,5,0.273885350318471,14,2.17078625129267
3664,12789,170,0.975016868949888,0.00472247787740487,-0.811107105653815,0.0957089246340282,-0.759144668407104,0.136653191334696,0.967634982440779,0.00695549335103052,0.370370555926626,0.539444281168233,-0.689726097098827,0.197527447626539,0.707106781186547,0.181690113816209,-0.975016868949887,0.00472247787740496,5,124,11,11,5,0.444444444444445,3.74747474747475,0.0254565860626467,-0.0310672514619883,0.0102777777777779,0.553743961352657,0.606480017566974,0.0585298226532187,0.0600452103991864,-0.0290220410628021,5,0.636870915497834,11,9.99993620945769
3664,12802,170,0.900701575484065,0.0369973523842682,-0.925352763860843,0.0242064403797848,0.976902312778564,0.0041992930303465,0.756056269502253,0.139219852414048,-0.91008532726122,0.0319252208972584,-0.657301991084893,0.228038789430903,0.787873105084474,0.113475416011185,-0.880995087358947,0.048391914733567,5,53,708,708,20,1.42660775650466,11.3015702782421,0.359061429184388,0.00192357408742618,-0.0948482188384167,0.276274581545848,0.80302455738022,0.013907859726662,0.000292993288771362,-0.0134821075790188,5,-1.49640813075172,708,0.32982920749104
3664,12803,170,0.996851560187342,0.003148439812658,-0.742267915091253,0.257732084908747,-0.888167863760296,0.111832136239704,0.952997197138573,0.0470028028614267,0.907376145577997,0.092623854422003,-0.902604434214681,0.0973955657853191,0.784016773551175,0.215983226448825,-0.996542041813193,0.00345795818680748,4,90,117,117,16,0.41266516274573,9.74401659108697,0.0298724030469462,-0.00592352438300338,0.0334064830693802,0.0415389392631641,0.823857330684421,0.00033690218021333,0.00067498415679526,-0.00352904903266799,4,-1.00632970167952,117,-0.573615013053266
3664,12804,170,0.996453558591125,0.00354644140887439,-0.740129760653364,0.259870239346636,-0.943927708085374,0.0560722919146264,0.97214467891018,0.0278553210898205,0.902154657439905,0.0978453425600954,-0.871513851325208,0.128486148674792,0.785438214418872,0.214561785581127,-0.996058867590852,0.00394113240914827,4,92,105,105,15,0.700833333333334,9.23737392489249,0.0933784312776119,-0.0118118379054227,0.0587235904840486,0.0690579126387397,0.804737223995231,0.000994999080448009,0.00125573413550911,-0.00585590405694465,4,-0.950751520651054,105,-0.53242903154702
3664,12805,170,0.994557782723072,0.00544221727692751,-0.713315875801375,0.286684124198625,-0.86402268453753,0.13597731546247,0.950414021417105,0.0495859785828952,0.968830089692307,0.031169910307693,-0.895488360809486,0.104511639190514,0.792612836459189,0.20738716354081,-0.992237671814983,0.00776232818501723,4,94,64,64,14,0.451410658307209,8.46389845315792,0.037466332724403,-0.0123208874222294,0.0399462973431315,0.125055267789173,0.682723980489532,0.00319711392963074,0.00395902407655386,-0.0107856747781115,4,-0.455915009635221,64,-0.513951098764213
3664,12806,170,0.956382071489562,0.0436179285104377,-0.559387420053655,0.440612579946345,0.961500843446782,0.0384991565532182,-0.500683240886921,0.499316759113079,-0.765415517688239,0.23458448231176,0.987861824361426,0.0121381756385746,0.799486213523452,0.200513786476548,-0.944945226149869,0.0550547738501314,4,111,51,51,13,0.236607142857142,8.07992384453781,0.0134208759841763,0.0130444777911164,-0.0188884366246502,0.006791949014475,0.736309830963881,9.74711878078055e-06,-0.000183057606873242,0.000656965632070199,4,-1.28145196072619,51,-0.585786504683979
3664,12807,170,0.87831006565368,0.12168993434632,-0.377964473009225,0.622035526990774,-0.75202157463151,0.24797842536849,0.695226736660545,0.304773263339455,0.891042105393923,0.108957894606077,-0.923426668967846,0.0765733310321539,0.774596669241483,0.225403330758517,-0.87831006565368,0.12168993434632,4,121,11,11,5,0.619047619047619,3.86764069264069,0.0819085568111542,-0.126023500309214,0.0543214285714288,0.0804988662131519,0.770516388373531,0.00119862775125313,0.014093706746768,-0.00681009070294789,4,0.061614455605217,11,9.99993656389069
3664,12817,170,0.759068099053886,0.240931900946113,-0.60046930003264,0.39953069996736,0.988727369666265,0.0112726303337345,0.240771685399816,0.759228314600184,-0.703627927569691,0.296372072430309,-0.728335967804175,0.271664032195825,0.816753139488171,0.183246860511829,-0.951770310249421,0.0482296897505786,4,115,40,40,12,0.410000000000001,7.92891025641026,0.0375141518737674,0.0278349584687613,-0.0290301282051281,0.0033247454300086,0.642018166044482,2.3788134633273e-06,5.39761696173837e-05,-0.00023928764218238,4,-1.33986267930198,40,-0.764113521157883
3664,12819,170,NA,NA,-0.567366514613579,0.432633485386421,0.961505270020243,0.0384947299797567,-0.937897750142561,0.0621022498574385,-0.76328089506087,0.23671910493913,0.792794607664558,0.207205392335442,0.837889264812247,0.162110735187754,-0.924783728630964,0.0752162713690364,4,126,38,38,11,0.728421052631579,7.17817839511338,0.128786385408769,0.058324714807687,-0.0583482302736175,0.0508317128504294,0.765150869580401,0.000590099796179178,-0.00385109475293826,0.0041023408241481,4,-1.69895984191397,38,-0.588731633174068
3664,12820,170,NA,NA,-0.567366514613579,0.432633485386421,0.939872951692501,0.0601270483074994,-0.886304492742606,0.113695507257394,-0.803289667735076,0.196710332264924,0.849595816692839,0.150404183307161,0.836626751881422,0.163373248118578,-0.925683542750033,0.0743164572499675,4,128,35,35,10,0.624633431085044,6.63110106212573,0.0900483266835008,0.0476730516253422,-0.0513473841149365,0.0500881095351141,0.754584815353316,0.000501440937485499,-0.00335473965222639,0.00405257049056183,4,-1.82419405465276,35,-0.422250361700443
3664,12825,170,NA,NA,-0.61282587702834,0.38717412297166,0.974429212557188,0.0255707874428117,-0.946774990778878,0.0532250092211219,-0.774417553624677,0.225582446375323,0.820340204224528,0.179659795775472,0.834697162786331,0.165302837213669,-0.946055247589465,0.0539447524105354,4,133,30,30,9,0.511494252873564,6.21120689655172,0.0634908838684107,0.0448275862068966,-0.041566091954023,0.0351709175238587,0.754321348185446,0.000270389720527758,-0.0028423741089957,0.00287340871062982,4,-2.12232215924984,30,-0.501142898357187
3664,12826,170,NA,NA,-0.662541348868912,0.337458651131088,0.984149056142992,0.0158509438570082,-0.987390750082395,0.0126092499176051,-0.668167936821441,0.331832063178559,0.666358449601362,0.333641550398638,0.834338129263554,0.165661870736446,-0.963267795557721,0.0367322044422788,4,136,25,25,8,0.375,5.74940217391304,0.0290956324826717,0.0331352343308865,-0.0242777173913044,0.0227333408279701,0.723220342104613,0.00010905658967986,-0.00203530863684649,0.00148232073765961,4,-2.58632478833382,25,-0.382213162903371
3664,12827,170,NA,NA,-0.662541348868912,0.337458651131088,0.95450084219995,0.0454991578000501,-0.588676705952545,0.411323294047455,-0.62569358858023,0.37430641141977,0.234140953013445,0.765859046986555,0.833669263782491,0.166330736217509,-0.963645691648997,0.0363543083510033,4,143,24,24,7,0.240802675585285,4.99369425863991,0.0109357124469774,0.0197022180717834,-0.0139377787068006,0.00628544831443378,0.872772155380851,8.16589588114296e-06,-0.000332042775106956,0.000142523874407935,4,-2.87536190725879,24,8.18141237280175
3664,12828,170,NA,NA,0.258198889747163,0.741801110252837,NA,NA,-0.16602227504273,0.83397772495727,-0.258198889747163,0.741801110252837,0.857335341786612,0.142664658213387,NA,NA,NA,NA,4,147,9,9,4,0.0416666666666665,3.36458333333333,0.000434027777777775,-0.0416666666666663,-0.0011458333333333,0.0217391304347826,0.869737750172533,0.000107996709851062,-0.00345065562456867,0.00189786059351277,4,-1.52110705840971,9,9.99993021423617
3664,12836,170,0.978675140247909,0.0213248597520912,-0.717770399424322,0.282229600575678,-0.800006236282013,0.199993763717987,0.959353851556818,0.0406461484431824,0.946411869952784,0.0535881300472156,-0.863655770983727,0.136344229016273,0.828483736725857,0.171516263274143,-0.984461289384089,0.0155387106159112,4,147,15,15,6,0.242857142857143,4.47261904761905,0.0098771730914588,-0.0163722025912838,0.0200357142857143,0.0567128523650262,0.876600573339704,0.000646804274891687,0.00502415083763985,-0.0046788103201147,4,-2.02124028104912,15,0.0966635554857629
3664,12843,170,0.967277029785458,0.0327229702145417,-0.690268489962632,0.309731510037368,0.880634818587703,0.119365181412297,NA,NA,-0.299532345779589,0.700467654220411,-0.866025403784439,0.333333333333333,0.82520380815751,0.17479619184249,-0.978284622444245,0.0217153775557547,4,148,8,8,5,0.375,3.22321428571429,0.0341198979591837,0.0483193277310925,-0.0117857142857143,0.045995670995671,0.822150072150072,0.000705200583447338,-0.0459956709956713,-0.00632440476190481,3,-0.60797966232862,8,0.299045240986007
3664,12856,170,0.976475104732916,0.0235248952670841,-0.895668589502959,0.104331410497041,0.98858795126919,0.0114120487308098,-0.995064774547438,0.0632743063568862,-0.820376191433756,0.179623808566244,0.995886443555748,0.0577634119667905,0.774596669241483,0.225403330758517,-0.973728991120295,0.0262710088797048,4,96,13,13,6,2.30769230769231,3.66442307692308,1.23890902366864,0.200897435897436,-0.194509615384616,0.0253522753522754,0.674345674345674,0.000162014637591613,-0.00829163329163324,0.00348593786093785,3,1.64758347101504,13,-0.565315315816233
3664,12861,170,NA,NA,-0.981980506061966,0.121037718323677,0.994643350024282,0.0659228249290025,-0.98251321343395,0.119229859482959,-0.957185972603853,0.186960543252679,0.929621677247788,0.240267577806635,NA,NA,NA,NA,3,136,8,8,5,0.225,3.53214285714286,0.0138137755102041,0.0765306122448986,-0.0309375000000004,0.0737394957983194,0.760574229691877,0.00157299684579714,-0.0255102040816326,0.0101391806722689,3,1.08785658644084,8,-1.24358223001446
3664,12868,170,0.996234394722023,0.00376560527797709,-0.771679843935483,0.228320156064517,-0.96446698746293,0.03553301253707,0.98317886642481,0.0168211335751904,0.831027509018808,0.168972490981192,-0.815444961223034,0.184555038776965,0.774596669241483,0.225403330758517,-0.996234394722023,0.00376560527797718,4,97,41,41,11,1.06191950464396,7.88061145510836,0.230973001674191,-0.0426252953612735,0.0850754643962851,0.144518628004993,0.564609348045615,0.00458574486012516,0.00612261433570205,-0.0117627242604792,4,-0.577500756438168,41,-0.762903759598498
3664,12871,170,0.994936676326182,0.00506332367381823,-0.770674635588451,0.229325364411549,-0.914874007887784,0.085125992112216,0.957118414527069,0.042881585472931,0.864771393506687,0.135228606493313,-0.862007697498963,0.137992302501037,0.774596669241483,0.225403330758517,-0.994936676326182,0.005063323673818,4,120,38,38,10,0.645378151260504,7.19474222121281,0.0770771473630486,-0.0270758917817742,0.0511413808766753,0.11303781512605,0.750283597673304,0.00251163599893334,0.00511331662066957,-0.00920233019784495,4,-1.30007650544139,38,-0.669207101647013
3664,12872,170,0.985192201826975,0.0148077981730252,-0.727632337721212,0.272367662278788,-0.462008529633041,0.537991470366959,0.923700290295668,0.0762997097043323,0.798898485778349,0.201101514221651,-0.876468515651972,0.123531484348028,0.774596669241483,0.225403330758517,-0.985192201826975,0.0148077981730253,4,123,32,32,9,0.204741379310345,6.60662715517241,0.00813005892662508,-0.00572664947054035,0.0153442887931036,0.0835962337979946,0.727727863504761,0.00134583901405669,0.00465834229540799,-0.00684922125845109,4,-1.35785255802212,32,-0.544009618947244
3664,12874,170,0.967589493566002,0.0324105064339979,-0.718184846459607,0.281815153540393,0.93199277936186,0.0680072206381404,0.811870659817673,0.188129340182327,-0.431281652196124,0.568718347803876,-0.940439225250197,0.059560774749803,0.774596669241483,0.225403330758517,-0.980153944228132,0.0198460557718676,4,124,30,30,8,0.279166666666667,5.84938822751323,0.0158091102310266,0.0186255917571707,-0.0115510912698413,0.0493140715966802,0.716306142182267,0.00041506835727209,0.00262899934583829,-0.00408130327006827,4,-1.66380359788628,30,-0.0684828865473058
3664,12875,170,0.972078230663051,0.0279217693369493,-0.704389942958026,0.295610057041974,0.968776364481081,0.0312236355189186,0.899794866709986,0.100205133290014,-0.511263823354826,0.488736176645174,-0.922270737013212,0.0777292629867883,0.774596669241483,0.225403330758517,-0.972078230663051,0.0279217693369494,4,136,25,25,7,0.323076923076924,5.28523867436911,0.0226573374189275,0.0274358705293681,-0.0163929765886288,0.109821550998022,0.809345176349652,0.00229279618275476,0.00810619431593561,-0.00940696380558915,4,-1.68073582486411,25,0.392654359442874
3664,12876,170,0.968495996958186,0.0315040030418139,-0.886592641311615,0.113407358688385,0.981953692643979,0.0180463073560211,0.962161444133152,0.0378385558668479,-0.806751174543376,0.193248825456624,-0.76106418608089,0.23893581391911,0.774596669241483,0.225403330758517,-0.968495996958186,0.0315040030418137,4,137,11,11,6,1.42424242424242,3.71212121212121,0.487603305785124,0.181113460183228,-0.12,0.513468013468014,0.671525864707683,0.0637422131547267,0.0641634811825087,-0.0409301346801348,4,-0.891719002151516,11,-0.367273636165432
3664,12879,170,NA,NA,-0.866025403784439,0.333333333333333,NA,NA,NA,NA,0.866025403784438,0.333333333333333,0.866025403784438,0.333333333333333,NA,NA,NA,NA,3,142,8,8,5,0.0416666666666665,3.63888888888889,0.0005787037037037,-0.0208333333333329,0.0057291666666665,0.00807823129251706,0.792233560090703,2.17526069384673e-05,-0.00403911564625846,0.00111075680272106,3,-0.738768278851617,8,-1.02088224672398
3664,12886,170,0.690875491517339,0.309124508482661,-0.187867287325543,0.812132712674457,0.924501435240891,0.0754985647591089,-0.952639929266421,0.0473600707335794,0.18077270234962,0.81922729765038,-0.103811924743708,0.896188075256292,0.774596669241483,0.225403330758517,-0.727606875108999,0.272393124891001,4,137,14,14,6,0.188311688311689,4.56006493506494,0.00948375217855744,0.0436720142602497,0.00375000000000006,0.0254291163382073,0.606201878929152,0.000187785042049236,-0.00633234857833788,-0.000303030303030306,4,-0.865979381443299,14,-0.285397245779961
3664,12887,170,NA,NA,-0.187867287325543,0.812132712674457,0.642006066272645,0.357993933727355,0.108724264779321,0.891275735220679,0.59233862941996,0.40766137058004,-0.944808891198035,0.0551911088019653,NA,NA,NA,NA,4,149,13,13,5,0.123076923076923,3.88376068376068,0.00337789465994594,0.0180995475113122,0.00733333333333338,0.0238095238095238,0.828601953601954,9.52587185798422e-05,0.000514735808853462,-0.00196428571428571,4,-1.6508169655396,13,9.99995388902262
3664,12908,170,NA,NA,-0.774596669241482,0.225403330758518,0.462393237062859,0.537606762937141,-0.297534475619474,0.702465524380526,-0.843820141049259,0.156179858950741,0.753386005215882,0.246613994784118,0.774596669241483,0.225403330758517,-1,0,4,120,12,12,7,0.454545454545454,4.79261363636364,0.0584000516528925,0.0744949494949497,-0.0434375000000003,0.0661818181818181,0.682558441558442,0.00106787631416203,-0.00648196248196248,0.00524428571428574,4,-0.247733170885729,12,-1.0007884677059
3664,12909,170,NA,NA,-0.886592641311615,0.113407358688385,-0.662266178532522,0.337733821467478,0.890642782219175,0.109357217780825,0.33422972088662,0.665770279113379,-0.63614302741536,0.36385697258464,0.774596669241483,0.225403330758517,-0.968495996958186,0.0315040030418137,4,124,10,10,6,0.388888888888889,4.30277777777778,0.0252160493827161,-0.0555555555555557,0.0113055555555556,0.113647342995169,0.612711352657005,0.00252702683648782,0.0236518368722616,-0.00681189613526572,4,-0.517114501254227,10,-1.05409318320466
3664,12910,170,NA,NA,-0.912870929175276,0.087129070824724,0.816496580927726,0.183503419072274,-0.134236979624246,0.865763020375753,-0.894427190999916,0.105572809000084,0.378403034709204,0.621596965290796,0.774596669241483,0.225403330758517,-0.942809041582063,0.0571909584179366,4,140,9,9,5,0.166666666666667,3.58333333333333,0.00925925925925924,0.0555555555555554,-0.0183333333333334,0.0256613756613756,0.830443121693122,0.000152673205770648,-0.0011728395061728,0.000995965608465596,4,-1.03218400841687,9,0.208305153906271
3664,12919,170,0.855006316194302,0.0648155308249532,-0.932145896561662,0.0210004047089054,0.980866888653465,0.00316783030896461,0.733764093476145,0.158154197085379,-0.919808586733676,0.0269297002014136,-0.656738800363834,0.228579374026863,0.802992569765737,0.101809511865935,-0.88009334912428,0.0489360860847914,5,61,591,591,19,1.63139329805996,10.4341062503962,0.485093472404737,0.00266193685553354,-0.111422491228564,0.240557408951904,0.819292429878468,0.0105426124143816,0.000293565851621514,-0.0117281492771584,5,-1.23649801420216,591,0.705600735350581
3664,12920,170,0.857845809873103,0.062949041096632,-0.912597418123597,0.0306085685513123,0.757285353320802,0.138196715470289,0.956265037399212,0.0109070483161839,-0.757688686211337,0.137861451179703,-0.834357506421816,0.0788851659790896,0.799302624790273,0.104621206557318,-0.915508820986818,0.0291050845624024,5,70,166,166,13,0.219461697722567,8.45933050498268,0.00701218188870139,0.000903733438739364,-0.0110351966873706,0.103729545872403,0.769345206131002,0.00198271063436765,0.000606823168427955,-0.00646166643370745,5,-1.54634714782947,166,0.714528277462843
3664,12921,170,0.920017826615215,0.0268252340005235,-0.91631832137805,0.0286913920736064,-0.875910593307133,0.0514852104708614,0.991932877172283,0.00806712282771671,0.674669065331804,0.211544355880632,-0.768499680139357,0.231500319860643,0.775431592954459,0.123355269828872,-0.888929103163343,0.0436880942290363,5,90,74,74,12,0.553846153846154,7.65208791208791,0.043086946021012,-0.00585378133838795,0.0243571428571429,0.200788531491657,0.734309164158858,0.00992857223771202,0.00486794152605352,-0.0163115566998295,4,-0.249682287790941,74,0.12172341131411
3664,12922,170,0.950596831381089,0.0130834208201598,-0.901497871710419,0.0365577240717237,-0.690098876753848,0.19718386075739,0.985522514142404,0.014477485857596,0.693387805098406,0.194159822494464,-0.771783367702421,0.228216632297579,0.756662268116199,0.138715117509859,-0.934427199168697,0.0199572657267243,5,95,42,42,11,0.632678132678133,6.84437346437346,0.0690395855845795,-0.0107692107692108,0.0316874999999998,0.274059774059774,0.578717019217019,0.0186325968130328,0.0156118731674287,-0.0224409081059082,4,-0.0284531198703982,42,0.0338479476465731
3664,12923,170,0.962017494102393,0.00883526055626538,-0.871336165628695,0.0543193070605964,0.443688779406531,0.454202928878461,0.984891154386068,0.0151088456139323,-0.200744300195888,0.746131624616438,-0.840167597597876,0.159832402402124,0.753390049392481,0.141446943602558,-0.97279167650698,0.00536544928316251,5,103,34,34,10,0.227272727272728,6.10235109717868,0.00841658568391871,0.0031155136603291,-0.00320312499999995,0.116615941032166,0.502065404445277,0.00314794458552206,0.0117148509839314,-0.0100412501541633,4,-0.383317097153093,34,0.608141106249182
3664,12928,170,0.974933356442865,0.0047461168429197,-0.83300323495107,0.0798374117742871,0.983250834315628,0.00259555060565164,0.94337011544381,0.0566298845561901,-0.857234680238172,0.0633493162002211,-0.840697107619112,0.159302892380888,0.717533862074274,0.172372346726226,-0.978795985059015,0.00369466320958856,5,140,29,29,9,0.592592592592593,5.3864126984127,0.0530445709806556,0.0205699617580806,-0.0343386243386245,0.00660154660154666,0.809496099579433,8.94220353568938e-06,0.000997377108488209,-0.000535513159679818,4,-2.05632502308403,29,1.94642244933704
3664,12929,170,NA,NA,-0.943879807448538,0.0561201925514615,0.536417661828867,0.463582338171133,0.87966954529619,0.12033045470381,-0.58678152818573,0.41321847181427,-0.784957030500417,0.215042969499583,0.774596669241483,0.225403330758517,-0.870388279778489,0.129611720221511,4,143,17,17,8,0.0840336134453787,4.91214667685256,0.00157340524931414,0.00740792184642466,-0.00495798319327747,0.0220687264804912,0.74573299793888,0.000120166787846501,0.00335725870485229,-0.00183293231822645,4,-1.73295268256234,17,0.166961223896676
3664,12932,170,NA,NA,-0.943879807448538,0.0561201925514616,0.964156491537746,0.0358435084622539,-0.95875177484146,0.0412482251585397,-0.935346470894864,0.064653529105136,0.932048106836448,0.0679518931635523,0.774596669241483,0.225403330758517,-0.870388279778489,0.129611720221511,4,149,14,14,7,0.228571428571429,4.32678571428571,0.0142304421768708,0.060064935064935,-0.0237678571428572,0.0235827664399093,0.847371675943105,0.00015441422868463,-0.00622177245553873,0.00246712018140593,4,-2,14,0.677488194960071
3664,12933,170,NA,NA,-0.946729262406257,0.0532707375937428,0.938363738790321,0.0616362612096792,-0.955670362082884,0.0443296379171162,-0.909411961657987,0.0905880383420131,0.922680066776461,0.077319933223539,NA,NA,NA,NA,4,151,11,11,6,0.409090909090909,3.7739898989899,0.0371964595449444,0.120650953984287,-0.0373611111111113,0.0518796992481203,0.84937343358396,0.000599116839718343,-0.0155945419103314,0.0048107769423559,4,-1.5116881094049,11,1.48592632589101
3664,12934,170,NA,NA,-0.946729262406257,0.0532707375937428,0.84119102419206,0.15880897580794,-0.767606826787519,0.232393173212481,-0.829288428862728,0.170711571137272,0.76572105634504,0.23427894365496,NA,NA,NA,NA,4,153,8,8,5,0.375,3.27083333333333,0.0329861111111111,0.101851851851852,-0.0320833333333334,0.0666666666666667,0.797619047619048,0.00108663073072366,-0.0168689698101463,0.00537675070028013,4,-1.0403410114009,8,1.07793151846963
3664,12945,170,0.99456616155537,0.000480440534286863,-0.684257329142738,0.202587232663732,-0.526311283755881,0.362250359186202,-0.248549881001023,0.751450118998977,0.315966744291787,0.60449660647064,0.171134142190003,0.828865857809997,0.707106781186548,0.181690113816209,-0.99456616155537,0.000480440534287004,5,152,12,12,5,0.2,3.90181818181818,0.0100165289256199,-0.0126642143983185,0.00550000000000006,0.0172839506172839,0.843434343434343,6.60636375812833e-05,-0.00404040404040407,0.000296296296296301,4,-1.11340323164985,12,9.99993118657984
3664,12946,170,0.986116864569426,0.00195956070934633,-0.788240781368084,0.113187227947892,0.776627707258317,0.122394757355275,0.0434731249341773,0.956526875065823,-0.318222913670294,0.601772209251736,-0.580878876627947,0.419121123372053,0.707106781186548,0.181690113816209,-0.986116864569426,0.00195956070934637,5,155,8,8,4,0.428571428571428,3.26666666666667,0.0358276643990929,0.0563725490196079,-0.0104761904761905,0.0412698412698413,0.832380952380952,0.000379205509364241,0.00169312169312166,-0.00240952380952383,4,-0.818755220321265,8,9.99993770741043
3664,12956,170,NA,NA,NA,NA,NA,NA,NA,NA,NA,NA,NA,NA,NA,NA,NA,NA,3,133,8,8,6,0,4,0,NA,0,0,0.806949806949807,0,NA,-2.64407369377741e-17,3,-1.13137084989848,8,-1.68059870963733
3664,12963,170,0.996750600669554,0.00324939933044566,-0.816198535076974,0.183801464923026,0.999515951933948,0.000484048066052178,-0.98810134645069,0.0118986535493097,-0.830476640313253,0.169523359686747,0.887973260488862,0.112026739511137,0.849005811892501,0.150994188107499,-0.997385883060926,0.00261411693907352,4,115,32,32,9,1.96666666666667,5.90416666666667,0.884513888888889,0.0803122465531224,-0.166375,0.0522884012539185,0.748595478595479,0.00059693091823009,-0.00206254410633973,0.00462136471446818,4,-0.28787631113257,32,-0.141320518472683
3664,12964,170,0.996750600669554,0.00324939933044543,-0.816198535076974,0.183801464923026,0.998328615883099,0.00167138411690138,0.943353051407352,0.0566469485926482,-0.847493774577931,0.152506225422069,-0.600196298265984,0.399803701734016,0.851982796212043,0.148017203787957,-0.996849052448414,0.00315094755158561,4,121,31,31,8,1.4551724137931,5.22145593869732,0.471416450140192,0.0585619598959644,-0.123950191570881,0.0546427117855689,0.793762718762719,0.000568446243954164,0.00192158091011063,-0.00304822016803017,4,-0.557126687178715,31,2.06985979827748
3664,12965,170,0.997940265578332,0.00205973442166796,-0.808137624265251,0.191862375734749,0.996586713640777,0.00341328635922267,0.944413038578367,0.0555869614216329,-0.853995563533382,0.146004436466618,-0.58908745145774,0.41091254854226,0.877635490278197,0.122364509721803,-0.986936990369974,0.0130630096300265,4,126,21,21,7,2.01315789473684,4.65387426900585,0.893519052870969,0.128194715183019,-0.171955409356726,0.123588829471182,0.744247818744723,0.00288202502298268,0.00689944199862787,-0.00673654110767114,4,-0.397359707119514,21,0.798978609232652
3664,12966,170,0.99145739820804,0.00854260179195965,-0.839419560983683,0.160580439016317,0.997815668585562,0.00218433141443786,-0.951839212981667,0.198381195344013,-0.852533371244735,0.147466628755265,0.977615758578371,0.13495213798932,0.877442491487816,0.122557508512184,-0.995522426107345,0.00447757389265466,4,132,17,17,6,1.6875,4.16964285714286,0.619207057823129,0.108623832308043,-0.142901785714286,0.0258723732407943,0.788521785232312,0.000175095972745778,-0.0109076778484673,0.0035574513206092,3,-0.242308457198159,17,2.29132593877421
3664,12972,170,0.975342893301088,0.0246571066989119,-0.876376933562473,0.123623066437527,0.99144903418524,0.00855096581476,-0.844710572049062,0.359545118694486,-0.859331890471264,0.140668109528736,0.999152496285114,0.0262117853611525,0.258198889747161,0.741801110252839,0.117041147196131,0.882958852803869,4,142,11,11,5,2.1,3.4375,0.938958333333333,0.224885844748858,-0.177375,0.0548185941043083,0.77171201814059,0.000752544593045078,-0.0200680272108843,0.00753755668934239,3,-0.019374170107034,11,1.68064707692514
3664,12973,170,NA,NA,-0.981980506061966,0.121037718323677,0.188982236504614,0.878962281676323,-0.621217368783015,0.573276802330412,3.52650746804346e-17,1,0.461929628170517,0.694314520654088,0.866025403784439,0.333333333333333,-0.944911182523068,0.212295615009657,3,146,9,9,4,0.0416666666666665,3.34722222222222,0.0005787037037037,0.0029761904761908,-1.64614381215127e-16,0.0215277777777778,0.792283950617284,0.000116080104023777,-0.00438161375661368,0.00136863425925922,3,-0.451485290143433,9,9.99994187785417
3664,12985,170,0.994134846772434,0.00586515322756576,-0.829288428862728,0.170711571137272,1,2.22044604925031e-16,NA,NA,-0.829288428862728,0.170711571137272,0.866025403784439,0.333333333333333,0.774596669241483,0.225403330758517,-0.994134846772434,0.00586515322756562,4,144,10,10,4,0.5,3.36111111111111,0.058641975308642,0.0555555555555555,-0.0427777777777778,0.0143162393162393,0.779985754985755,6.83182360532783e-05,-0.0143162393162391,0.00196848290598289,3,-0.57030104698387,10,9.99995169634625
3664,12994,170,0.834544633602507,0.0787538664279439,-0.909419439487771,0.0322772003326404,0.915761604504567,0.0289756960138199,0.840501825736218,0.074609514964342,-0.797237669445039,0.106204760091912,-0.710685453036046,0.178476357894453,0.822035007184568,0.0876775931174927,-0.938646711717765,0.0180739444532375,5,105,92,92,11,0.527472527472527,7.34747006322783,0.0411387005780744,0.00474809529262154,-0.0281239155581262,0.766699066434594,0.731798145683824,0.115815074117521,0.00731194501253471,-0.0420651711448376,5,-2.10699695669889,92,1.20685162133091
3664,12995,170,0.882474397332241,0.0475033761379686,-0.907641644475841,0.0332229529139462,-0.786689266094098,0.114404814531035,0.86936578445103,0.0555547006878463,0.561748814905819,0.324395319782203,-0.688349875058995,0.198797354522832,0.798603288596325,0.105156700799025,-0.955174177934782,0.0113157769619186,5,123,28,28,7,0.666666666666667,5.52533577533578,0.0730609524107693,-0.0190726186301407,0.0264087301587303,0.639918946301925,0.671996709358411,0.0787456739494242,0.0218816633201871,-0.0335958226170994,5,-1.93553004913101,28,2.28203208662618
3664,12996,170,0.859538230766528,0.061844696002366,-0.920886835854697,0.0263927705379061,-0.784413605919533,0.11619774993289,0.86453122059069,0.0586225683212982,0.555244554341153,0.331264839250882,-0.710387163484782,0.178743603978203,0.795093875522394,0.107856357899402,-0.937073944712737,0.0187688361697753,5,133,22,22,6,0.3,4.79238095238095,0.0142985138959165,-0.0109258900303677,0.0115476190476192,0.663869132290185,0.742014495698706,0.086416140271813,0.0296035892658045,-0.0363207850707852,5,-1.63143446632836,22,9.99994766853059
3664,12997,170,0.917520851095561,0.0280803710162671,-0.911060090117485,0.0314122114951416,0.618799316225933,0.265779687475635,0.885816226274499,0.0455154323650815,-0.78462053783294,0.116034367870232,-0.662440228599384,0.223123130530576,0.781122039056028,0.118805830265753,-0.963767963102278,0.00823376574743907,5,135,16,16,5,0.233333333333334,4.04595238095238,0.00948667800453517,0.0105237369337979,-0.0132916666666666,0.657777777777778,0.725595325309611,0.0776752554803044,0.0431070253304574,-0.0321107709750568,5,-0.787637995328887,16,9.99993962586137
3664,12998,170,NA,NA,-0.867721831274624,0.132278168725376,0.99985660512563,0.000143394874370539,-0.998430781320267,0.00156921867973278,-0.861103411863648,0.138896588136352,0.844885252180013,0.155114747819987,0.774596669241483,0.225403330758517,-0.980196058819607,0.0198039411803931,4,147,8,8,4,0.583333333333333,3.07738095238095,0.0775226757369615,0.116946778711485,-0.0510714285714287,0.106625258799172,0.778985507246377,0.00262657047696205,-0.0214955547436366,0.00922360248447206,4,-0.182479169338464,8,9.99993770741043
3664,13005,170,0.98757627551378,0.00165920705269063,-0.794719414239029,0.108145634795475,NA,NA,0.986116864569426,0.00195956070934633,NA,NA,-0.715539589418204,0.174143553639875,0.707106781186548,0.181690113816209,-0.983415102160779,0.00255752385832664,5,136,8,8,3,0,3,0,-7.83958153657034e-17,5.46157513714399e-17,0.617647058823529,0.723529411764706,0.0745098039215686,0.112745098039216,-0.0339705882352943,5,-0.680917641142601,8,9.99992597220677
3664,13022,170,0.986606060832221,0.0133939391677784,-0.806631393889101,0.193368606110899,-0.699810188059638,0.300189811940362,0.745176196022918,0.254823803977082,0.595679551854326,0.404320448145674,-0.301379257107693,0.698620742892307,0.838364339649091,0.161635660350909,-0.996250714652814,0.00374928534718632,4,106,64,64,10,0.166285278413425,6.94709489416476,0.00654379118953967,-0.0029975312239355,0.010264451039283,0.0211609727753178,0.853903241018777,7.50012956764498e-05,0.000341713467061087,-0.000555976019739834,4,-1.15657112596795,64,0.891076639730452
3664,13023,170,0.97629562794942,0.0237043720505796,-0.657595949221428,0.342404050778572,-0.880011458762794,0.119988541237206,0.897055192439485,0.102944807560515,0.834563469942877,0.165436530057123,-0.830194738889104,0.169805261110896,0.774596669241483,0.225403330758517,-0.97629562794942,0.0237043720505795,4,108,34,34,9,0.588235294117647,6.21390374331551,0.0674692823167185,-0.0291082526376644,0.0461764705882355,0.0578183275534908,0.808578967346368,0.000666726008332352,0.00294963057211143,-0.00456627427806495,4,-0.525806698712619,34,0.102191776682583
3664,13024,170,0.990147542976674,0.00985245702332582,-0.690268489962632,0.309731510037368,-0.515624921321884,0.484375078678116,0.999975654455569,2.43455444310925e-05,-0.20168779363585,0.79831220636415,-0.694792814507022,0.305207185492978,0.774596669241483,0.225403330758517,-0.990147542976674,0.00985245702332571,4,110,12,12,5,0.0681818181818183,3.77954545454545,0.00121900826446281,-0.00534759358288767,-0.00150000000000005,0.0631313131313131,0.728535353535354,0.000924480495187566,0.00903149138443257,-0.00450000000000003,4,-0.624987495084264,12,9.99992476192605
3664,13035,170,0.960987652240945,0.0390123477590554,-0.629858167745254,0.370141832254746,-0.765074134032522,0.234925865967477,0.784575947311967,0.215424052688033,0.870116137884435,0.129883862115565,-0.869685214416048,0.130314785583952,0.774596669241483,0.225403330758517,-0.960987652240945,0.0390123477590552,4,113,22,22,8,0.649122807017544,5.95730804283436,0.0753393229807051,-0.0465704126187301,0.0508740601503761,0.0838159993284646,0.679693651992821,0.00126863585380762,0.00619725248488701,-0.00659840390449811,4,0.275883745209296,22,-0.736739145087546
3664,13039,170,NA,NA,-0.580381000088008,0.419618999911992,-0.664887280494924,0.335112719505076,0.811229781647297,0.188770218352702,0.86571152310992,0.13428847689008,-0.851089845103222,0.148910154896778,0.774596669241483,0.225403330758517,-0.936585811581694,0.0634141884183061,4,119,18,18,7,0.466666666666667,5.53986928104575,0.0384570037165193,-0.0366357069143447,0.0361633986928106,0.110488639900405,0.60139426685707,0.0023562992112166,0.011064401680865,-0.00880032977243189,4,0.579998664919853,18,-0.805490403974609
3664,13040,170,NA,NA,-0.487950036474265,0.512049963525735,0.955393631957484,0.0446063680425159,-0.988158472364342,0.011841527635658,-0.29666277299332,0.70333722700668,0.438958600231321,0.561041399768679,0.774596669241483,0.225403330758517,-0.881917103688197,0.118082896311803,4,132,16,16,6,0.2,4.8948717948718,0.00796844181459569,0.0322344322344323,-0.00564102564102557,0.0336988304093567,0.69518367232183,0.000209480289636636,-0.00540566541506391,0.00135332923655294,4,0.367065237795285,16,-0.579258742760294
3664,13041,170,NA,NA,-0.487950036474265,0.512049963525735,0.390555355701108,0.609444644298892,-0.544479000417858,0.455520999582142,0.360180135112599,0.639819864887401,-0.11432501760281,0.88567498239719,0.774596669241483,0.225403330758517,-0.881917103688197,0.118082896311803,4,139,15,15,5,0.0999999999999996,4.21746031746032,0.00167800453514738,0.00604686318972034,0.00314285714285725,0.0144672531769305,0.784722311738441,3.66307826305769e-05,-0.00124553292756057,-0.000147391586907709,4,0.0897421521325213,15,9.99993721861369
3664,13046,170,NA,NA,-0.638144901775959,0.361855098224041,-0.933001756907198,0.0669982430928018,-0.952201340339819,0.0477986596601811,0.655403131366344,0.344596868633656,0.648748629066936,0.351251370933064,0.774596669241483,0.225403330758517,-0.950586375786717,0.0494136242132832,4,143,10,10,4,0.305555555555555,3.54861111111111,0.0187114197530864,-0.0485274431057564,0.0190972222222223,0.0279835390946501,0.701447677836567,0.000131041506172147,-0.00414462081128747,0.00158193709582598,4,0.552335922392285,10,9.99995169634625
3664,13056,170,0.968495996958186,0.0315040030418139,-0.886592641311615,0.113407358688385,0.994035787092153,0.00596421290784743,-0.994604832449853,0.00539516755014726,-0.844491335557209,0.155508664442791,0.846791053285687,0.153208946714313,0.876641457379087,0.123358542620913,-0.999596123193516,0.000403876806484038,4,121,30,30,9,1.26666666666667,5.40416666666667,0.370810185185185,0.0532945736434108,-0.109541666666667,0.0668074126202205,0.802739446603229,0.00102934250067737,-0.00280954286343618,0.00578714724270518,4,-1.17489175883713,30,1.35179724723346
3664,13057,170,0.962250448649376,0.0377495513506236,-0.894427190999915,0.105572809000085,0.990928673898021,0.00907132610197903,0.99925375917185,0.00074624082814978,-0.843816064177627,0.156183935822372,-0.881545295631139,0.118454704368861,0.840292250258818,0.159707749741182,-0.989812694688196,0.0101873053118037,4,122,25,25,8,0.573333333333333,5.07614035087719,0.0760174823022468,0.0262897985705003,-0.0495578947368422,0.0403472222222222,0.701490618908382,0.000365607453943568,0.0018385330180733,-0.00359054580896686,4,-0.809031049629167,25,2.38133089709715
3664,13058,170,0.968495996958186,0.0315040030418139,-0.886592641311615,0.113407358688385,0.992020403939873,0.00797959606012721,-0.97076009053585,0.0292399094641504,-0.836958035457695,0.163041964542305,0.779634486603577,0.220365513396423,0.795243774655389,0.204756225344611,-0.977420363920994,0.0225796360790056,4,134,19,19,7,1.07017543859649,4.43508771929825,0.266592797783933,0.0676458588331294,-0.0920526315789477,0.157894736842105,0.780113478139794,0.00619261229165925,-0.0100889335742457,0.0130688178780284,4,-0.916246259706517,19,2.82293583716209
3664,13064,170,0.983755264761834,0.0162447352381658,-0.860337880650488,0.139662119349512,0.998765723292816,0.00123427670718379,-0.998409144431271,0.00159085556872919,-0.839419560983683,0.160580439016316,0.836428298662495,0.163571701337505,0.819732831201097,0.180267168798903,-0.995724785965671,0.00427521403432872,4,145,13,13,6,1.73076923076923,3.74038461538462,0.695636094674556,0.158610271903323,-0.149134615384616,0.194871794871795,0.860018648018648,0.00884425616755687,-0.0178778723793829,0.0167558974358975,4,-1.3415445701496,13,1.29965955248231
3664,13065,170,0.975342893301088,0.0246571066989119,-0.876376933562473,0.123623066437527,0.994217809540248,0.00578219045975192,NA,NA,-0.832301045791809,0.167698954208191,0.866025403784439,0.333333333333333,0.866025403784439,0.333333333333333,-1,NA,4,146,10,10,5,1.7,3.225,0.675833333333333,0.191324200913242,-0.14575,0.0345568783068784,0.752259700176367,0.0003980592794388,-0.0172784391534391,0.00475157076719577,3,-1.48853607446055,10,2.48766465653293
3664,13067,170,NA,NA,-0.866025403784439,0.333333333333333,NA,NA,NA,NA,-0.866025403784439,0.333333333333333,0.866025403784439,0.333333333333333,0.866025403784439,0.333333333333333,-1,NA,3,153,8,8,4,0.125,3.08333333333333,0.00520833333333333,0.0625000000000001,-0.0171875000000001,0.0288515406162464,0.870961718020542,0.000277470465310305,-0.0144257703081231,0.00396708683473386,3,-1.97685766783336,8,9.99995434071618
3664,13085,170,0.978923093489274,0.0210769065107264,-0.870131522018962,0.129868477981038,0.99988832049957,0.000111679500429673,-0.974682712770376,0.025317287229624,-0.87632309601338,0.12367690398662,0.95603800379956,0.0439619962004403,0.827606885787863,0.172393114212136,-0.994908422058594,0.00509157794140592,4,68,425,425,18,0.954366323331842,10.235098359911,0.204787086096876,0.00321363903156923,-0.0844741557792534,0.0259513741476304,0.828241437702628,0.000126990365097429,-7.80086862614924e-05,0.00229492692514931,4,-0.456702093611338,425,0.688288523412671
3664,13086,170,0.987189222821407,0.012810777178593,-0.764673483908549,0.235326516091451,0.995299076347187,0.00470092365281261,-0.431056580037251,0.568943419962749,-0.717860093063148,0.282139906936852,-0.185926812953474,0.814073187046526,0.785671081079953,0.214328918920046,-0.988618188852962,0.0113818111470383,4,70,72,72,10,0.871014492753623,6.7082298136646,0.167271624068891,0.0229629190405366,-0.0625402001380265,0.00720024012571296,0.780500411841156,1.1506484950369e-05,-8.24836693539144e-05,-0.000134345053573319,4,2.58549088980302,72,1.58715477634876
3664,13087,170,0.988984715161544,0.0110152848384555,-0.704779124991279,0.295220875008721,0.99487250679839,0.00512749320160966,-0.983664747655299,0.0163352523447009,-0.669422603573628,0.330577396426372,0.577789465220934,0.422210534779066,0.774596669241483,0.225403330758517,-0.988984715161544,0.0110152848384556,4,99,38,38,9,1.09365079365079,6.03414502164502,0.260440880234351,0.0602549641282035,-0.0727718253968255,0.0472297839323522,0.790049424592714,0.00045523235042873,-0.00249077496341111,0.00262599863889216,4,2.1404605150354,38,0.664588206162293
3664,13088,170,0.87831006565368,0.12168993434632,-0.831521840620299,0.168478159379701,0.868736918032504,0.131263081967496,0.813909554328041,0.186090445671959,-0.846801730472787,0.153198269527213,-0.764357007335778,0.235642992664222,0.774596669241483,0.225403330758517,-0.87831006565368,0.12168993434632,4,129,10,10,5,0.2,3.59166666666667,0.0113888888888889,0.0542857142857143,-0.0192500000000001,0.15801393728223,0.67862950058072,0.00575536878186473,0.0361550799181461,-0.012352109949671,4,1.38804418757713,10,3.60306806703713
3664,13097,170,0.983748192689883,0.0162518073101174,-0.650494696830411,0.349505303169589,0.997788558177788,0.00221144182221211,-0.985705147710552,0.0142948522894483,-0.692387343237026,0.307612656762974,0.716594675819856,0.283405324180143,0.774596669241483,0.225403330758517,-0.983748192689883,0.0162518073101174,4,106,28,28,8,1.25925925925926,5.56641737891738,0.36656878292384,0.0869696253979501,-0.0892966524216526,0.0946685606060605,0.755010463381727,0.00184760640875636,-0.00609962443831981,0.00656125060967114,4,1.8405140634701,28,0.436087441314526
3664,13102,170,0.969861226038888,0.0301387739611121,-0.597148449610299,0.402851550389701,0.966041660183066,0.0339583398169341,-0.908709086046423,0.0912909139535766,-0.756991569801714,0.243008430198285,0.821372652511028,0.178627347488972,0.774596669241483,0.225403330758517,-0.969861226038888,0.0301387739611122,4,108,23,23,7,1.14880952380952,5.1646337310668,0.281812506754474,0.0765195183247301,-0.0856011291816498,0.14431643625192,0.685083976516581,0.00408104381823588,-0.00866177184165421,0.0111772299788743,4,1.50084921806577,23,0.540259615622918
3664,13103,170,0.990147542976674,0.00985245702332582,-0.690268489962632,0.309731510037368,0.997038005670741,0.0029619943292587,-0.999818816513292,0.000181183486708365,-0.638171269983537,0.361828730016463,0.70253128843714,0.29746871156286,0.774596669241483,0.225403330758517,-0.990147542976674,0.00985245702332571,4,111,18,18,6,0.638888888888889,4.69444444444444,0.0920781893004116,0.0449346405228758,-0.04125,0.132712972194527,0.571249446106126,0.00410670088671228,-0.00951610039163555,0.00959004237288136,4,0.888966474083364,18,0.743216342316711
3664,13105,170,0.98851361751874,0.0114863824812601,-0.682921046913122,0.317078953086878,0.958587035789974,0.0414129642100258,0.981694404357268,0.0183055956427323,-0.467099366496914,0.532900633503086,-0.795839063136965,0.204160936863035,0.774596669241483,0.225403330758517,-0.98851361751874,0.0114863824812601,4,138,16,16,5,0.25,4.16071428571429,0.014030612244898,0.0182012847965739,-0.0117857142857143,0.151556776556777,0.725128777472527,0.00543990698435131,0.0116065790918575,-0.0125034340659341,4,-0.0824988207718119,16,9.99992821021926
3664,13112,170,NA,NA,0.866025403784439,0.333333333333333,NA,NA,NA,NA,0.866025403784439,0.333333333333333,-0.866025403784439,0.333333333333333,NA,NA,NA,NA,3,153,9,9,4,0.0694444444444446,3.4212962962963,0.00160751028806585,0.0694444444444429,0.0095486111111109,0.0198412698412699,0.81870525988173,0.000131225329638029,-0.0198412698412702,-0.00272817460317465,3,-0.5160211286757,9,9.99994627250967
3664,13124,170,0.975784874922641,0.0242151250773595,-0.810809875030297,0.189190124969703,0.996218881423739,0.00378111857626084,0.96049940600571,0.0395005939942898,-0.822266199044301,0.177733800955699,-0.939732309856559,0.0602676901434414,0.800332509983427,0.199667490016573,-0.983175542676388,0.0168244573236124,4,97,34,34,8,0.772727272727273,5.31580086580087,0.113831762273321,0.0357790777054234,-0.0590952380952383,0.033140092469332,0.755416522389243,0.00023339623554958,0.00156202027640042,-0.00305815435264537,4,1.39007619264279,34,4.94977423847293
3664,13125,170,0.8553372034477,0.1446627965523,-0.917364944587725,0.0826350554122745,0.878400227956021,0.121599772043979,0.527678332741856,0.472321667258144,-0.879854202349072,0.120145797650928,-0.39776386803978,0.60223613196022,0.842672859486378,0.157327140513622,-0.917689478662923,0.082310521337077,4,127,15,15,7,0.904761904761905,4.13035714285714,0.238871409674981,0.0847402597402598,-0.091601190476191,0.0839793281653747,0.739825226453133,0.00121084439081792,0.00362433800972007,-0.00294834170996961,4,0.699772640644278,15,-0.00635757047754632
3664,13131,170,NA,NA,-0.866025403784439,0.333333333333333,NA,NA,NA,NA,-0.866025403784439,0.333333333333333,0.866025403784438,0.333333333333333,0.866025403784439,0.333333333333333,-1,0,3,137,9,9,6,1.88888888888889,3.25925925925926,1.18930041152263,0.314814814814815,-0.259722222222223,0.12962962962963,0.630751964085297,0.00560128029263831,-0.0216049382716049,0.017824074074074,3,0.654653670707977,9,-1.03491775752965
3664,13139,170,0.968281816776558,0.0317181832234421,-0.594849690128651,0.405150309871349,0.987535241635493,0.0124647583645072,0.916698160005386,0.0833018399946135,-0.506612273348049,0.493387726651951,-0.863349819980744,0.136650180019256,0.774596669241483,0.225403330758517,-0.968281816776558,0.0317181832234422,4,116,19,19,7,0.809210526315789,4.40021929824561,0.142712180670976,0.074737428856422,-0.0407675438596492,0.114462081128748,0.754210257852329,0.00274638329442381,0.00962414068484872,-0.009637750876829,4,1.10622126638213,19,9.84501180434671
3664,13146,170,0.975342893301088,0.0246571066989119,-0.634617779476273,0.365382220523727,0.982398074593234,0.0176019254067663,-0.283115992172863,0.716884007827137,-0.491722528237336,0.508277471762664,-0.49664497472094,0.50335502527906,0.774596669241483,0.225403330758517,-0.975342893301088,0.0246571066989118,4,121,12,12,6,1,3.65,0.223333333333333,0.108675799086758,-0.0495,0.0494124922696351,0.759647495361781,0.000544841088175304,-0.00154692013791818,-0.00246938775510204,4,0.272827839964837,12,6.93214010009685
3664,13157,170,0.974953096552274,0.0250469034477259,-0.882804619861656,0.117195380138344,0.990033827309044,0.00996617269095657,0.940093658323924,0.0599063416760761,-0.900588922452977,0.0994110775470233,-0.703336969416762,0.296663030583238,0.827958420089745,0.172041579910255,-0.99285746004699,0.00714253995300985,4,86,353,353,17,0.547477744807122,9.85473743446492,0.0634825867980469,0.00202104096819672,-0.048335056132435,0.0229723652592339,0.909346877735728,0.000113126505087142,8.10123226994664e-05,-0.00159350690593199,4,-1.67867905024592,353,0.622652301056332
3664,13158,170,0.966800932948981,0.0331990670510189,-0.890353127427073,0.109646872572927,0.998756489310846,0.00124351068915418,-0.979930303273185,0.020069696726815,-0.871843675225455,0.128156324774545,0.94680115007795,0.0531988499220504,0.833298074315613,0.166701925684387,-0.990033262763152,0.00996673723684836,4,88,211,211,16,1.2840108401084,9.00604402214943,0.371902618747444,0.0072549359449077,-0.113256088537578,0.0211890063204057,0.875573165034931,9.74610202153096e-05,-0.000115231181422407,0.00199105186180002,4,-1.91575510949152,211,0.26842966334935
3664,13159,170,0.973854352130436,0.0261456478695641,-0.878772269443103,0.121227730556897,0.999348314918237,0.000651685081763498,-0.15659349108063,0.84340650891937,-0.893683166778061,0.106316833221939,0.55595059997129,0.44404940002871,0.833981472152218,0.166018527847782,-0.99389740773189,0.00610259226810959,4,101,86,86,10,0.940476190476191,6.921918767507,0.191158979931842,0.0131600568863772,-0.0832317927170871,0.0101145780313955,0.896901165648311,1.85467729152162e-05,-2.0311940398493e-05,0.000510010009335903,4,-1.96979089626166,86,1.80218283455264
3664,13160,170,0.966282993726013,0.0337170062739869,-0.89479890653453,0.10520109346547,-0.935746573224985,0.0642534267750147,0.959267397185605,0.0407326028143951,0.708889687670856,0.291110312329144,-0.757828664513007,0.242171335486993,0.848438741646958,0.151561258353042,-0.993994722993225,0.0060052770067749,4,102,56,56,9,0.928571428571428,6.68216690716691,0.190400397039406,-0.0177990210135895,0.0658902116402117,0.155974584955934,0.786484182381018,0.00587333014954016,0.00320468861001974,-0.012371477061449,4,-1.19710359223779,56,1.99887106113086
3664,13161,170,0.995310642389501,0.00468935761049893,-0.811014402401248,0.188985597598752,0.0987234160193426,0.901276583980657,-0.997740709066118,0.00225929093388244,-0.533971641804801,0.466028358195199,0.845727693165874,0.154272306834126,0.790050526375617,0.209949473624383,-0.997530232432823,0.00246976756717733,4,105,29,29,8,0.240053050397878,5.50094732853354,0.0120662397190863,0.000841056791277168,-0.0124943160287989,0.110534293292914,0.783716540949963,0.00275954260362747,-0.00406495195636218,0.00946362281102337,4,-0.262872628726287,29,1.88566924584306
3664,13162,170,0.992052102200459,0.00794789779954064,-0.820537898422791,0.179462101577209,0.955103379406806,0.044896620593194,-0.998179076731486,0.0018209232685136,-0.931771831229467,0.0682281687705326,0.816721982555826,0.183278017444174,0.795177816069992,0.204822183930007,-0.995904696433564,0.00409530356643582,4,114,23,23,7,0.590909090909091,4.88196640316206,0.0775327265176252,0.0268303680683369,-0.0552663043478264,0.259894867037724,0.810839921833098,0.0160032544512489,-0.0127393226728126,0.0220083112478401,4,-0.468224645668147,23,2.69016851826469
3664,13167,170,0.987560599755704,0.0124394002442962,-0.830064227946582,0.169935772053418,0.935583124484775,0.0644168755152248,-0.754426712549969,0.455829973731421,-0.956251823553572,0.0437481764464277,0.990068100731664,0.0897989746115688,0.795040645831466,0.204959354168534,-0.992533882442715,0.00746611755728486,4,127,18,18,6,0.529411764705882,4.32401960784314,0.0604777008842753,0.0290066225165563,-0.0500931372549021,0.0305892124291577,0.798069434492143,0.000238641771071764,-0.00762960222848829,0.00420601670900916,3,-0.325752674818,18,9.99994327608056
3664,13168,170,0.983755264761834,0.0162447352381658,-0.860337880650488,0.139662119349512,0.98733163950344,0.0126683604965594,NA,NA,-0.912870929175276,0.087129070824724,0.866025403784439,0.333333333333333,0.774596669241483,0.225403330758517,-0.983755264761834,0.0162447352381658,4,135,12,12,5,0.75,3.5,0.125,0.0664652567975831,-0.0687500000000003,0.0336219336219336,0.774410774410774,0.000376811473492569,-0.0168109668109667,0.00462301587301583,3,0.202419206034518,12,9.99994995062723
3664,13189,170,0.909917531532362,0.0900824684676382,-0.960113629638795,0.0398863703612051,-0.913827815787371,0.0861721842126285,0.96299747149419,0.03700252850581,0.793376734581929,0.206623265418071,-0.874623464124717,0.125376535875283,0.867967828619618,0.132032171380382,-0.961452059883037,0.0385479401169629,4,123,27,27,8,1.39,5.76361111111111,0.435741049382716,-0.0575151515151515,0.111558333333334,0.496484209250167,0.644599775716797,0.0545283874204744,0.0214407578237365,-0.0435051600290963,4,-1.30866061016315,27,0.888911375756002
3664,13190,170,0.970725343394151,0.154420958311266,-0.960768922830523,0.178912375022067,0.0789965081090815,0.949656807429593,0.760971616979005,0.449445238615122,-0.352380739301203,0.770744432407526,-0.551177249909499,0.628357613637189,0.866025403784439,0.333333333333333,-0.970725343394151,0.154420958311266,3,125,12,12,6,0.233333333333333,4.22777777777778,0.0139814814814815,0.00224358974358979,-0.0114583333333334,0.0701234567901236,0.777022072577628,0.00123378709571502,0.00642018475351813,-0.00532407407407415,3,-0.963109463532574,12,-0.277321185386391
3664,13191,170,NA,NA,-0.970725343394151,0.154420958311267,0.971624798544549,0.152018665158522,0.0617963701973333,0.960634126699662,-0.999992880307286,0.00240229315276559,0.179745867335017,0.884944914989072,0.866025403784439,0.333333333333333,-0.960768922830523,0.178912375022067,3,132,11,11,5,0.386363636363636,3.44360269360269,0.0373197462843927,0.0520590520590522,-0.0531250000000004,0.0334263689526848,0.884082048555733,0.000314924959133668,0.000304154909418086,0.00087719298245612,3,-0.896535783863565,11,9.99994852375452
3664,13201,170,0.962250448649376,0.0377495513506236,-0.894427190999915,0.105572809000085,-0.972192261137384,0.027807738862616,0.980998857404954,0.0190011425950458,0.795499668541873,0.204500331458127,-0.816079593796705,0.183920406203295,0.808375905865424,0.191624094134576,-0.977828464363984,0.0221715356360157,4,141,15,15,7,1.21666666666667,4.85,0.360555555555556,-0.112345679012346,0.10175,0.295730706075534,0.704161068816241,0.0208040358456144,0.0272308009855903,-0.0250734811165846,4,-1.51039799129663,15,0.428378611120177
3664,13206,170,0.986440050415621,0.013559949584379,-0.853986492453439,0.146013507546561,-0.954751184332415,0.0452488156675845,0.918813660969461,0.0811863390305394,0.692466340138036,0.307533659861964,-0.621580864507902,0.378419135492098,0.774596669241483,0.225403330758517,-0.986440050415621,0.013559949584379,4,147,10,10,6,0.75,4.2375,0.118958333333333,-0.114646464646465,0.0508750000000001,0.109903381642512,0.686171497584541,0.00232433954117949,0.0154223393353828,-0.00638345410628021,4,-0.75131408076963,10,-0.959544416568951
3664,13207,170,0.980196058819607,0.0198039411803932,-0.867721831274624,0.132278168725376,-0.969654852160672,0.0303451478393281,0.969466126813145,0.0305338731868545,0.747637670201966,0.252362329798034,-0.747187327875482,0.252812672124518,0.774596669241483,0.225403330758517,-0.980196058819607,0.0198039411803933,4,150,8,8,5,1.0952380952381,3.87202380952381,0.281285430839002,-0.216036414565826,0.0844642857142859,0.371428571428571,0.536011904761905,0.0323187122071051,0.0732142857142857,-0.0286130952380953,4,-0.379423150880586,8,-1.24358223001393
3664,13215,170,0.986311541814421,0.0136884581855794,-0.839140550054099,0.160859449945901,0.998300409639553,0.00169959036044709,-0.939339331726808,0.0606606682731919,-0.867744445834656,0.132255554165344,0.964839790663693,0.0351602093363066,0.817134062373462,0.182865937626538,-0.996153173786951,0.00384682621304877,4,103,30,30,8,1.93965517241379,5.10350353669319,0.844797109687522,0.0890170073334373,-0.169893346595933,0.0748106756856114,0.824974323154972,0.00115991580545055,-0.00310363950481417,0.00699965698223553,4,-1.41124854561379,30,1.06506697177493
3664,13216,170,0.990147542976674,0.00985245702332582,-0.690268489962632,0.309731510037368,0.991211373287407,0.00878862671259295,0.975005133160125,0.0249948668398754,-0.770293617472785,0.229706382527214,-0.817609668401056,0.182390331598944,0.774596669241484,0.225403330758516,-0.990147542976674,0.00985245702332582,4,108,12,12,5,0.916666666666667,3.68560606060606,0.208926385062749,0.13458110516934,-0.0750000000000002,0.0454545454545455,0.816055718475073,0.000463611137388455,0.00623598412972229,-0.00375000000000004,4,-0.746769602212557,12,9.99993718921887
3664,13227,170,0.963972341673418,0.0360276583265824,-0.892385329023316,0.107614670976684,0.996339467637519,0.00366053236248121,-0.997841170732566,0.00215882926743407,-0.861597314017852,0.138402685982148,0.869315608673067,0.130684391326934,0.849955473361439,0.150044526638561,-0.993504942403688,0.00649505759631243,4,115,18,18,7,2.83333333333333,4.32738095238095,1.82818405139834,0.190041854220959,-0.248154761904763,0.196791443850267,0.716988893459482,0.00876788531154926,-0.013180771038541,0.0173393665158371,4,-1.30543730816768,18,0.0174505216525624
3664,13229,170,0.963972341673418,0.0360276583265824,-0.892385329023316,0.107614670976684,0.996524522936841,0.00347547706315909,NA,NA,-0.862465894911652,0.137534105088348,0.866025403784438,0.333333333333333,0.839114211070697,0.160885788929303,-0.990336956690765,0.00966304330923498,4,130,16,16,6,2.5625,3.80208333333333,1.49435763888889,0.171849087893864,-0.224583333333334,0.0313636363636364,0.790454545454546,0.000327892561983471,-0.00784090909090906,0.00431249999999998,3,-1.68772450974931,16,1.54292536278318
3664,13233,170,NA,NA,-0.866025403784439,0.333333333333333,NA,NA,NA,NA,-0.866025403784439,0.333333333333333,0.866025403784439,0.333333333333333,0.866025403784439,0.333333333333333,-1,0,3,136,12,12,5,0.5,3.83333333333333,0.0833333333333333,0.125,-0.0687500000000003,0.0400114591291062,0.78740132416603,0.000533638953880045,-0.0100028647822765,0.00550157563025207,3,-1.6579709848805,12,2.52289470309677
3664,13236,170,NA,NA,-0.866025403784439,0.333333333333333,NA,NA,NA,NA,-0.866025403784438,0.333333333333333,-0.866025403784439,0.333333333333333,0.866025403784439,0.333333333333333,-1,NA,3,142,9,9,4,0.444444444444445,3.2962962962963,0.065843621399177,0.111111111111111,-0.0611111111111115,0.0234126984126984,0.744179894179894,0.000182718148987991,0.00585317460317467,-0.00321924603174611,3,-1.18201357211163,9,5.85923652915743
3664,13244,170,0.961731535097234,0.0382684649027656,-0.897504359925454,0.102495640074546,0.99645689334207,0.00354310665792967,-0.992494910340036,0.00750508965996388,-0.860962816299598,0.139037183700402,0.930520725570532,0.0694792744294683,0.840538142420638,0.159461857579362,-0.989605116553382,0.0103948834466176,4,92,125,125,15,1.23333333333333,8.85449172040081,0.337641727042388,0.0114031295726068,-0.106566516816517,0.0506179329605903,0.793962783982323,0.000563546574214175,-0.000464013570559832,0.00470542956289564,4,-0.937042571331637,125,-0.213400073898709
3664,13245,170,0.957755569992711,0.0422444300072888,-0.901991024348112,0.0980089756518879,-0.795625737874484,0.204374262125516,0.910040457416284,0.0899595425837159,0.55632868802114,0.44367131197886,-0.691793944895885,0.308206055104115,0.843313757509532,0.156686242490468,-0.988450869779583,0.0115491302204171,4,99,116,116,14,0.425474254742548,8.63631831962625,0.0324603969201962,-0.00296310388301401,0.0213509246397966,0.0977560636326238,0.796129759605942,0.002024149915429,0.000846336708760154,-0.00662989137286347,4,-1.23378313751979,116,-0.14099949595962
3664,13246,170,0.982106466563214,0.0178935334367862,-0.863887095852643,0.136112904147357,-0.977852541601955,0.0221474583980451,0.972028324885691,0.0279716751143084,0.950139469708098,0.0498605302919015,-0.750752127210303,0.249247872789697,0.816158600788019,0.183841399211981,-0.994075868749789,0.00592413125021108,4,105,51,51,13,0.836734693877551,7.62792434046789,0.136164181706627,-0.0180190803892873,0.074683922349428,0.156525507013312,0.71651232913428,0.00574715858053446,0.00367987718544254,-0.0121235966994678,4,-0.432298695038552,51,-0.665498987891736
3664,13247,170,0.963248843369996,0.0367511566300038,-0.893253442065272,0.106746557934728,-0.968347555426704,0.0316524445732957,0.974343383960637,0.0256566160393628,0.974728730363478,0.025271269636522,-0.958766172093141,0.0412338279068593,0.84476464451018,0.15523535548982,-0.991702389888441,0.00829761011155952,4,129,33,33,12,1.0625,7.3778125,0.224042057291667,-0.0373101877415792,0.0982781250000003,0.0810942827170207,0.753466922370837,0.00139967794208075,0.00296727295081504,-0.00764073400209811,4,-1.1574396041991,33,-0.899202052871818
3664,13252,170,0.982106466563214,0.0178935334367862,-0.863887095852643,0.136112904147357,-0.862066870379947,0.137933129620053,0.450492998709209,0.549507001290791,0.997219918813006,0.00278008118699358,-0.833677837971717,0.166322162028283,0.833457169080359,0.166542830919641,-0.997410887891109,0.00258911210889066,4,132,28,28,11,0.481481481481482,6.76207729468599,0.0411442680282094,-0.0174643905534072,0.0430877616747185,0.0180097045085603,0.763082669089534,5.93609926589266e-05,0.000346654172996021,-0.00136822383904764,4,-1.16368325844934,28,-0.896925051374904
3664,13253,170,0.980196058819607,0.0198039411803932,-0.867721831274624,0.132278168725376,-0.433137863206882,0.566862136793118,-0.477661652199055,0.522338347800945,0.822243635635706,0.177756364364293,0.00228553972227773,0.997714460277722,0.84263994001904,0.157360059980959,-0.998127455026019,0.00187254497398147,4,134,27,27,10,0.36013986013986,5.93618881118881,0.0234597861346113,-0.00696729740847387,0.0268269230769232,0.0294853294853294,0.789558867058867,0.000168445230839318,-0.000651067342243814,6.31868131868168e-06,4,-1.31374419743903,27,-0.331203513692919
3664,13254,170,0.977139836403678,0.0228601635963224,-0.873333764609372,0.126666235390628,-0.923436581237931,0.0765634187620694,0.94600814326917,0.0539918567308302,0.992524664296231,0.00747533570376868,-0.981214130800551,0.0187858691994491,0.862205208930286,0.137794791069714,-0.999578235111571,0.000421764888429038,4,139,18,18,9,1.25490196078431,5.98179271708683,0.298684179554175,-0.0758676351896691,0.115546218487395,0.154807084123972,0.712407947049788,0.00468500843365442,0.00973404670780286,-0.0143062991325563,4,-0.907594623166092,18,-0.924682330306821
3664,13255,170,0.996116490183505,0.00388350981649532,-0.8198127976897,0.1801872023103,-0.795748486582484,0.204251513417516,0.715872885465127,0.284127114534873,0.957870894031818,0.0421291059681814,-0.940713682431425,0.0592863175685746,0.774596669241483,0.225403330758517,-0.996116490183505,0.00388350981649542,4,142,15,15,8,0.666666666666667,5.35210622710623,0.0746697594225067,-0.0406124882869069,0.0557554945054948,0.0709052851909995,0.720794086865515,0.000874338635748144,0.00395354921932996,-0.00592523547880695,4,-0.846863328886698,15,-1.04837191937186
3664,13258,170,0.993092188623217,0.00690781137678309,-0.769686339758848,0.230313660241152,0.425817489996434,0.574182510003566,-0.932153640617529,0.0678463593824709,0.249311949579159,0.750688050420841,0.4982029299454,0.5017970700546,0.774596669241483,0.225403330758517,-0.993660791896455,0.00633920810354462,4,147,12,12,7,0.181818181818182,4.71780303030303,0.00678661616161614,0.00836564699123937,0.00437500000000008,0.0990777338603425,0.779611330698287,0.00189484204478189,-0.00967661365353514,0.00461956521739131,4,-0.70476189217448,12,-1.29715480558299
3664,13259,170,0.995219984067415,0.00478001593258526,-0.769686339758848,0.230313660241152,-0.987661956582279,0.012338043417721,0.97423393278947,0.02576606721053,0.842505430447856,0.157494569552143,-0.885253360004529,0.114746639995471,0.774596669241483,0.225403330758517,-0.993660791896455,0.00633920810354462,4,148,11,11,6,1.5,4.44772727272727,0.498808539944904,-0.166350710900474,0.12675,0.218181818181818,0.691184573002755,0.00983084033422126,0.0230360476805974,-0.0186969696969698,4,-0.538536805714693,11,-0.422535096697654
3664,13262,170,0.986440050415621,0.013559949584379,-0.674199862463241,0.325800137536759,-0.975596201611177,0.0244037983888232,0.597251401847236,0.402748598152765,0.804294692356668,0.195705307643331,-0.937976811415462,0.0620231885845381,0.774596669241483,0.225403330758517,-0.986440050415621,0.0135599495843789,4,151,8,8,5,0.928571428571428,3.83035714285714,0.199936224489796,-0.151875901875902,0.0766071428571431,0.0526315789473685,0.655075187969925,0.000472280324872332,0.00451887293992557,-0.00434210526315792,4,-0.448409178313421,8,-1.24358223001446
3664,13271,170,0.986440050415621,0.013559949584379,-0.853986492453439,0.146013507546561,0.400657115941925,0.599342884058075,-0.998537640777776,0.00146235922222393,-0.720711079720338,0.279288920279662,0.875073840232531,0.124926159767469,0.774596669241483,0.225403330758517,-0.986440050415621,0.013559949584379,4,152,9,9,5,0.194444444444445,3.36805555555556,0.00893775720164611,0.0131874298540965,-0.014513888888889,0.121913580246914,0.859678130511464,0.0033516083235611,-0.0201263071633442,0.0107914462081129,4,-1.42954985236232,9,9.99994627250967
3664,13279,170,0.998194129451866,0.00180587054813364,-0.806099884011937,0.193900115988063,0.99397793466925,0.00602206533075034,0.993644802342765,0.0718108260847172,-0.742210703640021,0.257789296359979,-0.916802203480506,0.261522507248617,0.774596669241483,0.225403330758517,-0.998194129451866,0.00180587054813352,4,108,18,18,8,3.3125,4.40165441176471,2.57018972570646,0.203061569688769,-0.253465073529412,0.0222169512966477,0.728283786632933,0.000146810675788002,0.0208530993042379,-0.00305483080328909,3,0.0922156679955652,18,-0.641278193488445
3664,13283,170,NA,NA,-0.774596669241482,0.225403330758518,0.99981987661402,0.000180123385979503,NA,NA,-0.764061748330185,0.235938251669815,-0.866025403784438,0.333333333333333,0.774596669241483,0.225403330758517,-1,0,4,120,14,14,7,3.84615384615385,3.86538461538461,3.65039447731755,0.318376068376068,-0.310961538461539,0.00589743589743585,0.726837606837607,1.15932500547883e-05,NA,-0.000810897435897452,3,-0.29968454258675,14,-1.10732187728258
3664,13284,170,NA,NA,NA,NA,NA,NA,NA,NA,0.866025403784439,0.333333333333333,-0.866025403784439,0.333333333333333,NA,NA,NA,NA,3,126,13,13,6,0.0833333333333339,4.13888888888889,0.00231481481481485,NA,0.0114583333333331,0.00792011019283745,0.76951331496786,2.09093818222292e-05,NA,-0.00108901515151518,3,-0.334149063731052,13,0.530584194716682
3664,13285,170,NA,NA,NA,NA,NA,NA,NA,NA,0.866025403784439,0.333333333333333,-0.866025403784439,0.333333333333333,NA,NA,NA,NA,3,142,8,8,5,0.142857142857143,3.52380952380952,0.00680272108843541,NA,0.019642857142857,0.0391156462585034,0.79875283446712,0.000510011260740123,NA,-0.00537840136054424,3,-0.817101169371122,8,-1.24358223001393
3664,13296,170,0.934666182977042,0.065333817022958,-0.923086373038001,0.0769136269619994,0.962316987629707,0.0376830123702927,-0.974129764329858,0.0258702356701421,-0.959765712433279,0.0402342875667213,0.84334845254745,0.15665154745255,0.802955060762656,0.197044939237344,-0.952432042781463,0.0475679572185371,4,114,65,65,12,0.793650793650793,7.46109955915227,0.146585158244047,0.0129137076422678,-0.0782741841819341,0.0853266037597835,0.778449916847686,0.00167547014411349,-0.00139756803051163,0.00735332426991899,4,-1.28088048981433,65,0.201762435649423
3664,13301,170,0.961362987459327,0.0386370125406732,-0.930966711192216,0.0690332888077836,0.994936406106519,0.00506359389348043,-0.898030447605359,0.101969552394641,-0.908421346988937,0.0915786530110634,0.741502112066478,0.258497887933522,0.81461721294006,0.18538278705994,-0.949204673347408,0.0507953266525924,4,117,60,60,11,1.1551724137931,6.77088374672313,0.288997217824393,0.0204075151043849,-0.10402613934261,0.141868823000899,0.78459949075682,0.00465725665022409,-0.00233832094876889,0.0107791818110664,4,-1.25807780361103,60,0.676875111806967
3664,13303,170,0.93044397686576,0.0695560231342398,-0.934172106428985,0.0658278935710153,0.972363365990645,0.027636634009355,-0.858869828468418,0.141130171531582,-0.864829442526227,0.135170557473773,0.699746377552671,0.300253622447329,0.823012874998571,0.176987125001429,-0.94989477467263,0.0501052253273699,4,123,58,58,10,1.33928571428571,5.93415297937357,0.400364710875843,0.0243280844466895,-0.116564600840336,0.194675162134486,0.865913839208583,0.00811703232218968,-0.00305968991580892,0.0134291218851607,4,-1.62131422350413,58,6.13100101736025
3664,13304,170,0.800036283647432,0.199963716352568,-0.973822835205999,0.0261771647940011,0.988622938382397,0.0113770616176032,0.338197648922125,0.780365521213725,-0.964716786387855,0.0352832136121454,0.0224189936734159,0.985726429504354,0.866025403784439,0.333333333333333,-0.987829161147262,0.0994252840514122,4,131,29,29,9,1.44827586206897,4.8708102242585,0.43441532579713,0.0496482147550662,-0.135444297082229,0.00786098075222741,0.818337177117018,2.00852488562751e-05,0.000157169299806431,2.76304155614005e-05,3,-1.4779299847793,29,2.98287791927961
3664,13305,170,0.825120403834302,0.174879596165698,-0.972597525159275,0.0274024748407254,0.997674614232257,0.00232538576774322,-0.955917840478937,0.189729556130742,-0.966809725498715,0.0331902745012848,0.997593104349419,0.0441784931511808,0.866025403784439,0.333333333333333,-0.987829161147262,0.0994252840514122,4,134,21,21,8,1.90476190476191,4.13262322472849,0.767840130819949,0.094088180554346,-0.18046157059315,0.0316798941798943,0.782135508524397,0.000252116097544033,-0.00236086220629231,0.00435598544973544,3,-1.23376932013829,21,3.40550120492044
3664,13306,170,NA,NA,-0.938652204581148,0.224150779824086,0.999866862342272,0.0103884414266671,0.933963498383698,0.23265187818827,-0.932899929940669,0.234539221250757,-0.75342295008964,0.456802658012356,0.866025403784439,0.333333333333333,-0.985329278164293,0.109182553509248,3,143,15,15,7,1.08333333333333,3.91239316239316,0.337127438088976,0.0990789146128953,-0.148958333333334,0.0660018993352327,0.792606159272826,0.00121654654237298,0.00555950701581772,-0.00722663139329813,3,-1.0519187949965,15,6.79897102989165
3664,13307,170,NA,NA,-0.917662935482247,0.260146938293006,0.999526262779122,0.0195966132382259,NA,NA,-0.929457913785402,0.240550325054787,NA,NA,NA,NA,NA,NA,3,148,9,9,6,1.77777777777778,3.09259259259259,0.914609053497942,0.219298245614035,-0.244444444444445,0.0371572871572872,0.83044733044733,0.000690331994444549,-0.0371572871572874,0.010218253968254,2,-0.894693349967569,9,-1.41505508095661
3664,13325,170,0.987829161147262,0.0994252840514123,-0.933256525257383,0.233908049281921,0.959625217455925,0.181519116460275,0.965155771702471,0.168550379525405,-0.996615895540124,0.0523889328216474,-0.806741122743989,0.402458428807326,0.866025403784439,0.333333333333333,-0.987829161147262,0.0994252840514124,3,143,8,8,4,0.25,3.13095238095238,0.0157312925170068,0.0374423963133642,-0.0343750000000003,0.301587301587302,0.670634920634921,0.0271531452087008,0.0494751664106503,-0.0365575396825398,3,-0.455424706526929,8,9.99991873048828
3664,13332,170,0.995861643492383,0.00413835650761651,-0.839999999999999,0.160000000000001,0.983892023095134,0.0161079769048655,-0.854347785829334,0.347913827783455,-0.757581915339163,0.242418084660837,0.952159475190765,0.197715120559535,0.809066234124825,0.190933765875175,-0.991068470777113,0.00893152922288654,4,131,29,29,7,1.31034482758621,4.94835915375646,0.40102748337087,0.0482625353989672,-0.102193903048476,0.0163022905497823,0.759873226178535,7.32854704077131e-05,-0.00239400608446854,0.00224156495059504,3,-0.744990892531876,29,7.8067832081015
3664,13333,170,0.984731927834662,0.0152680721653382,-0.762770071396473,0.237229928603527,0.997290021776061,0.00270997822393904,-0.999917329262161,0.00818604296368141,-0.727238579583461,0.272761420416538,0.0128582518729065,0.991813957036311,0.774596669241483,0.225403330758517,-0.984731927834662,0.0152680721653382,4,142,13,13,6,1.30769230769231,3.89510489510489,0.363994979379595,0.111093452002543,-0.0934615384615386,0.0440559440559442,0.792890442890443,0.000637580035681936,-0.0218656343656345,8.92857142856846e-05,3,-0.400783440456142,13,-0.0532685682033376
3664,13334,170,NA,NA,3.52715299384759e-17,1,0.654653670707977,0.545628948342991,-0.999398824586494,0.022075852611376,0.755928946018455,0.454371051657009,0.03466971899416,0.977924147388624,NA,NA,NA,NA,3,144,8,8,5,0.208333333333333,3.79166666666667,0.0121527777777778,0.0624999999999999,0.0229166666666667,0.0652930402930403,0.544047619047619,0.00136744589354479,-0.0320054945054946,0.000352564102564083,3,1.08532668740261,8,-1.54068475072673
3664,13345,170,NA,NA,-0.866025403784439,0.333333333333333,NA,NA,NA,NA,0.866025403784438,0.333333333333333,-0.866025403784439,0.333333333333333,0.866025403784439,0.333333333333333,-1,NA,3,148,16,16,6,0.020833333333333,4.31944444444444,0.000144675925925922,-0.00520833333333317,0.00286458333333321,0.00771349862258952,0.832277318640955,1.98326870002301e-05,0.00192837465564741,-0.00106060606060609,3,-1.14890928044064,16,9.99994122800859
3664,13346,170,NA,NA,-0.866025403784439,0.333333333333333,NA,NA,NA,NA,0.866025403784439,0.333333333333333,-0.866025403784439,0.333333333333333,0.866025403784439,0.333333333333333,-1,NA,3,149,11,11,5,0.113636363636364,3.67424242424242,0.00430440771349863,-0.0378787878787876,0.0156249999999998,0.0417439703153989,0.752319109461967,0.000580853019230968,0.0139146567717996,-0.00573979591836737,3,-1.05160227602396,11,9.99994852375452
3664,13360,170,NA,NA,-0.774596669241482,0.225403330758518,NA,NA,NA,NA,-0.774596669241482,0.225403330758518,0.774596669241482,0.225403330758518,0.774596669241483,0.225403330758517,-1,0,4,107,9,9,5,0.805555555555555,3.35416666666667,0.162229938271605,0.161111111111111,-0.0664583333333335,0.190917107583774,0.803902116402116,0.00911233549203861,-0.0381834215167548,0.0157506613756614,4,-0.284257514912674,9,1.57227367386067
3664,13368,170,0.987560599755704,0.0124394002442965,-0.862615766297428,0.137384233702572,-0.97861538274939,0.0213846172506103,0.992359131485156,0.00764086851484391,0.835548498757795,0.164451501242205,-0.918239214162491,0.0817607858375095,0.822105150633739,0.177894849366261,-0.997089632869687,0.00291036713031265,4,93,142,142,14,0.234345091605141,8.54415331883,0.011044460551344,-0.00259317266585631,0.0187047641463048,0.0153440267629833,0.871128383103717,4.65280921543488e-05,0.000170676463590777,-0.00133420258347071,4,-0.129315380691059,142,1.32795377028626
3664,13369,170,0.96929931424395,0.0307006857560497,-0.903524363425604,0.0964756365743964,-0.10869624645448,0.89130375354552,0.91956189829514,0.0804381017048597,-0.325033664162581,0.674966335837419,-0.703653066564768,0.296346933435232,0.815785014039944,0.184214985960056,-0.981029525829819,0.0189704741701807,4,110,32,32,8,0.116129032258065,5.47440262843489,0.00266072649517749,-0.000552677530606173,-0.00357138590203123,0.0250203500203501,0.801085988682763,0.000127180528629244,0.00102222953621674,-0.00169035225228775,4,0.22789306774106,32,4.32603297008103
3664,13370,170,0.943879807448539,0.0561201925514609,-0.940019342160768,0.0599806578392322,-0.66126926325889,0.33873073674111,0.932979766258738,0.0670202337412622,0.368064430672939,0.631935569327061,-0.755586662739714,0.244413337260286,0.833156849306457,0.166843150693543,-0.970785737510632,0.0292142624893675,4,116,21,21,7,0.2,4.88452380952381,0.00783635676492822,-0.00789321789321786,0.00694047619047611,0.149963689179375,0.731847183317772,0.00524042392627905,0.00910697387821572,-0.0116513383131031,4,0.349795452900718,21,2.6076820603746
3664,13371,170,NA,NA,-0.981980506061966,0.121037718323677,0.99419162560192,0.0686487855020306,-0.999927502181552,0.00766584817726018,-0.996615895540124,0.0523889328216474,0.979633742625356,0.128703566500931,0.866025403784439,0.333333333333333,-0.944911182523068,0.212295615009657,3,124,8,8,4,0.25,3.13095238095238,0.0157312925170068,0.0816326530612249,-0.0343750000000003,0.0954968944099378,0.740079365079365,0.00237569691812873,-0.0319062407571723,0.0131308229813664,3,0.355573695682378,8,6.43190161793014
3664,13378,170,0.946729262406257,0.0532707375937425,-0.933333333333333,0.0666666666666673,0.992112315215785,0.00788768478421531,-0.984758248671612,0.0152417513283877,-0.934370328615923,0.0656296713840768,0.872834444932297,0.127165555067703,0.774596669241483,0.225403330758517,-0.946729262406257,0.0532707375937426,4,131,13,13,6,0.307692307692307,4.19510489510489,0.0189303470422351,0.0352447552447552,-0.0273846153846154,0.161406969099277,0.752836550913474,0.00559616693957753,-0.0190208240635591,0.013908667543283,4,0.491362053510418,13,0.810178668734033
3664,13379,170,0.930434003061344,0.0695659969386555,-0.948304052263601,0.0516959477363985,0.739198969358699,0.260801030641301,-0.934659135334809,0.065340864665191,-0.572549968624131,0.427450031375869,0.797861301051237,0.202138698948763,0.774596669241483,0.225403330758517,-0.930434003061344,0.0695659969386556,4,141,11,11,5,0.111111111111111,3.73042929292929,0.00223350933578207,0.0102645156601991,-0.00576388888888889,0.197318007662835,0.838191023535851,0.00865583495035395,-0.025550003347076,0.0158121237000548,4,0.46350655413815,11,9.99994068451945
3664,13382,170,0.853683528824249,0.146316471175751,-0.93267331798025,0.0673266820197503,0.854260289706996,0.145739710293004,-0.956375111631703,0.0436248883682973,-0.609349379803299,0.390650620196701,0.788250315594415,0.211749684405585,0.774596669241483,0.225403330758517,-0.950586375786717,0.0494136242132831,4,143,8,8,4,0.166666666666667,3.10863095238095,0.0055360685941043,0.0241681009753299,-0.00965773809523816,0.306878306878307,0.777932098765432,0.0219877837966462,-0.0539225685812031,0.0248979276895944,4,1.19422478600395,8,9.99995434071618
3664,13390,170,0.986440050415621,0.013559949584379,-0.76409317745834,0.23590682254166,-0.946074217150532,0.0539257828494678,0.0666346637045555,0.933365336295444,0.931761210826711,0.068238789173289,-0.694554062123022,0.305445937876978,0.774596669241483,0.225403330758517,-0.986440050415621,0.0135599495843789,4,137,11,11,5,0.3,3.81944444444444,0.0163271604938272,-0.042087542087542,0.0253611111111111,0.0127946127946128,0.788678451178451,2.86322824201613e-05,0.00012413699282388,-0.000791666666666684,4,-0.0641500299099585,11,9.99995198260845
3664,13400,170,0.999289540354403,0.000710459645596684,-0.845880197182077,0.154119802817923,-0.977359526253712,0.0226404737462875,0.923675903649168,0.0763240963508323,0.789815085282422,0.210184914717578,-0.929104379721604,0.0708956202783962,0.828426583188918,0.171573416811082,-0.999476707259024,0.00052329274097617,4,94,110,110,13,0.0608515057113177,8.04631859150525,0.000822261862979856,-0.000946546987023154,0.00482435010682089,0.00756472370176442,0.833266864438878,1.24988164600773e-05,0.000110290171637043,-0.00069969258527748,4,-0.106177314605046,110,1.09494299339673
3664,13401,170,0.990147542976674,0.00985245702332582,-0.843661487732106,0.156338512267894,0.835914007637145,0.164085992362855,0.994074800201461,0.00592519979853856,-0.467099366496912,0.532900633503088,-0.791502738402123,0.208497261597877,0.774596669241483,0.225403330758517,-0.990147542976674,0.00985245702332582,4,102,32,32,9,0.133333333333333,5.74166666666667,0.00305555555555553,0.00686274509803919,-0.00549999999999998,0.0278678873510189,0.822765427587533,0.000190079321819532,0.00203553078352608,-0.00232449265203041,4,-0.222730726130125,32,0.372982324777906
3664,13402,170,0.995277423429141,0.00472257657085873,-0.824106754894592,0.175893245105408,0.948766741118072,0.0512332588819275,-0.984316254127473,0.0156837458725271,-0.633393198274323,0.366606801725677,0.728277359188512,0.271722640811487,0.774596669241483,0.225403330758517,-0.995277423429141,0.00472257657085864,4,104,16,16,7,0.5,4.48958333333333,0.048755787037037,0.0431389870435807,-0.0297916666666667,0.0852813852813853,0.748566017316017,0.0016386118841476,-0.00820483991862083,0.00627976190476192,4,0.867625693501133,16,0.426668363875684
3664,13403,170,NA,NA,-0.774596669241482,0.225403330758518,NA,NA,NA,NA,-0.774596669241482,0.225403330758518,0.774596669241482,0.225403330758517,0.774596669241483,0.225403330758517,-1,0,4,116,8,8,6,0.75,3.5625,0.140625,0.1875,-0.0618750000000002,0.116622574955908,0.631668871252205,0.00340020624733661,-0.0291556437389771,0.00962136243386246,4,0.974236009634799,8,-1.60996989062994
3664,13410,170,0.986440050415621,0.013559949584379,-0.853986492453439,0.146013507546561,-0.458095320005425,0.541904679994575,-0.935195047529246,0.0648049524707538,0.758472741023964,0.241527258976036,0.652327801838264,0.347672198161736,0.774596669241483,0.225403330758517,-0.986440050415621,0.013559949584379,4,130,8,8,5,0.196428571428572,3.45535714285714,0.00946003401360546,-0.0155122655122655,0.0157142857142858,0.513095238095238,0.662797619047619,0.0525513747165533,-0.0746392496392496,0.0318541666666667,4,0.385694607919935,8,1.07793151846921
3664,13417,170,0.968495996958186,0.0315040030418139,-0.886592641311615,0.113407358688385,0.998631073964667,0.0013689260353329,-0.933007822647963,0.0669921773520374,-0.86772183127462,0.132278168725379,0.948674480102946,0.0513255198970544,0.774596669241483,0.225403330758517,-0.968495996958186,0.0315040030418139,4,118,16,16,8,0.020833333333333,4.93125,9.83796296296271e-05,0.00523255813953485,-0.00183333333333333,0.00265151515151507,0.769973776223776,1.69148224218146e-06,-0.000641025641025625,0.00026282051282051,4,-0.885771902072467,16,-0.59731082071704
3664,13418,170,0.968495996958186,0.0315040030418139,-0.886592641311615,0.113407358688385,-0.997868440540406,0.00213155945959366,0.994372319038276,0.00562768096172372,0.862673755589962,0.137326244410038,-0.845840368299876,0.154159631700124,0.774596669241483,0.225403330758517,-0.968495996958186,0.0315040030418139,4,128,13,13,7,0.205128205128205,4.5224358974359,0.0095742932281394,-0.0515802027429935,0.0179807692307693,0.0448717948717948,0.813741813741814,0.000464765990906516,0.0113245927199415,-0.00388431013431012,4,-0.809018529882243,13,-0.738209513693162
3664,13422,170,NA,NA,-0.774596669241482,0.225403330758518,NA,NA,NA,NA,-0.774596669241482,0.225403330758518,0.774596669241482,0.225403330758517,NA,NA,NA,NA,4,130,9,9,6,0.125,3.96875,0.00390625,0.125,-0.0103125,0.0310515873015873,0.732068452380952,0.000241050268487024,-0.0310515873015872,0.00256175595238095,4,-0.587163601562825,9,-1.23175307306859
3664,13432,170,0.990828429469722,0.00917157053027839,-0.84649897197465,0.153501028025351,-0.987677953947938,0.0123220460520622,0.999803404578653,0.000196595421346979,0.774079511949257,0.225920488050743,-0.85092823393953,0.14907176606047,0.835938639559515,0.164061360440485,-0.999775996174573,0.000224003825427221,4,101,78,78,12,0.463703703703703,7.69462359418242,0.0522092983327823,-0.00986506814045216,0.0376762630277336,0.0778471224848036,0.759911421077539,0.00138262645279172,0.00162509159183509,-0.00673990358129512,4,0.105795980721548,78,1.20021849699008
3664,13433,170,0.994750619910095,0.00524938008990494,-0.831683732535899,0.168316267464101,-0.864527610769447,0.135472389230553,0.99798281498292,0.00201718501707959,0.504471072623177,0.495528927376823,-0.799824029851402,0.200175970148597,0.818681803323495,0.181318196676505,-0.999702330064326,0.000297669935673684,4,110,74,74,11,0.324915824915825,6.85222920011652,0.0183733577361967,-0.00555095948187483,0.0145659512631344,0.0624572124102641,0.856244649674942,0.00093185475644305,0.00144308562240236,-0.00520088055896387,4,-0.10229526851684,74,4.4538914993096
3664,13434,170,0.998176013073431,0.00182398692656882,-0.81136573183569,0.18863426816431,-0.962447516860267,0.0375524831397328,0.993544674691299,0.00645532530870119,0.671112867866294,0.328887132133707,-0.759391722294606,0.240608277705394,0.774596669241483,0.225403330758517,-0.998176013073431,0.00182398692656882,4,113,51,51,10,0.396149949341439,6.26607730858301,0.0312460506946233,-0.0125790540614055,0.025269779454335,0.0648554009136316,0.802710994812259,0.000977566529100455,0.00229685681501865,-0.00505763331835161,4,-0.259964226090808,51,4.54689345313149
3664,13435,170,0.998194129451866,0.00180587054813364,-0.773197847929817,0.226802152070183,-0.996832739089154,0.00316726091084598,0.995770682472656,0.00422931752734401,0.77444934449682,0.22555065550318,-0.777702353068708,0.222297646931292,0.774596669241484,0.225403330758516,-0.998194129451866,0.00180587054813363,4,122,22,22,6,0.7,4.88214285714286,0.119234693877551,-0.0438623622656099,0.0569642857142859,0.119407894736842,0.789673402255639,0.00341332690160188,0.00741338715530368,-0.00967855837510444,4,-0.723739312170073,22,9.9999441206576
3664,13436,170,0.994936676326182,0.00506332367381801,-0.715626447332133,0.284373552667867,-0.994936676326182,0.005063323673818,0.991957193582123,0.00804280641787747,0.774596669241482,0.225403330758518,-0.788700856240801,0.211299143759199,0.774596669241483,0.225403330758517,-0.994936676326182,0.00506332367381789,4,124,13,13,5,0.666666666666667,4.16666666666667,0.111111111111111,-0.0707070707070707,0.0550000000000001,0.443675889328063,0.619552548900375,0.0483445810582049,0.0465002717967145,-0.0369397993311038,4,-0.212927604924351,13,9.99992843416349
3664,13448,170,0.989100491961172,0.0108995080388281,-0.846801730472787,0.153198269527213,-0.967375391265025,0.0326246087349747,0.986036270011593,0.0139637299884072,0.710818653310909,0.28918134668909,-0.763752128830787,0.236247871169213,0.774596669241483,0.225403330758517,-0.989100491961172,0.0108995080388282,4,142,9,9,4,0.75,3.45833333333333,0.131944444444444,-0.109756097560976,0.0550000000000001,0.516581632653061,0.706207482993197,0.0658272450136517,0.079019412643106,-0.0417410714285715,4,-0.58965259702066,9,9.99994187785417
3664,13456,170,0.986440050415621,0.013559949584379,-0.853986492453439,0.146013507546561,-0.0845524323618959,0.915447567638104,-0.105077440848029,0.894922559151971,-0.13800109804967,0.86199890195033,-0.275465939889125,0.724534060110875,0.774596669241483,0.225403330758517,-0.986440050415621,0.013559949584379,4,122,29,29,9,0.145604395604395,5.5417239010989,0.00372570209666705,-0.000898407148407144,-0.00179429945054949,0.0103064373897707,0.720034128679962,1.82088753497361e-05,-7.80538049056595e-05,-0.000250390466015456,4,0.297872340425532,29,1.50514292708932
3664,13457,170,0.980196058819607,0.0198039411803932,-0.867721831274624,0.132278168725376,0.171308348162001,0.828691651837999,-0.993158163697791,0.00684183630220889,-0.526461643928327,0.473538356071673,0.906566946197484,0.0934330538025159,0.774596669241483,0.225403330758517,-0.980196058819607,0.0198039411803931,4,149,9,9,5,0.180555555555555,3.49652777777778,0.00724987139917694,0.00612745098039215,-0.00954861111111118,0.111111111111111,0.758645124716553,0.00274499286991189,-0.021858743497399,0.0101176303854876,4,-0.245495126515491,9,1.68758627974988
3664,13465,170,NA,NA,-0.843661487732106,0.156338512267894,0.679284880136796,0.320715119863204,-0.793462286846222,0.206537713153778,-0.636511084633233,0.363488915366767,0.436859835753551,0.563140164246449,0.774596669241483,0.225403330758517,-0.990147542976674,0.00985245702332582,4,133,20,20,8,0.18859649122807,4.99159356725146,0.00694284138709347,0.0168128654970761,-0.0112975146198832,0.0470925470925472,0.689670848726576,0.000403557636262505,-0.00473478478395617,0.00186940423395533,4,0.0944706787850263,20,1.07786892145874
3664,13471,170,NA,NA,-0.762770071396473,0.237229928603527,0.174530058274815,0.825469941725185,-0.0998288607031422,0.900171139296858,-0.682912343494501,0.317087656505499,0.315242235837733,0.684757764162267,0.774596669241483,0.225403330758517,-0.984731927834662,0.0152680721653381,4,148,14,14,7,0.23076923076923,4.51785714285714,0.010151249849052,0.00649350649350647,-0.0146565934065934,0.023060273060273,0.750645188145188,8.91843892593141e-05,-0.000348136711773076,0.00063415750915751,4,-0.390070921985815,14,0.143197335938601
3664,13472,170,NA,NA,-0.756889262661455,0.243110737338544,-0.344388986968457,0.655611013031543,0.799311787234972,0.200688212765028,-0.279727689430875,0.720272310569125,-0.439376168292632,0.560623831707368,NA,NA,NA,NA,4,149,11,11,6,0.3,4.08939393939394,0.0180257116620753,-0.0208525937339497,-0.00800000000000007,0.0603174603174603,0.623256373256373,0.000617311713992811,0.00895639200723947,-0.00232539682539683,4,0.433012701892219,11,0.205228887427587
3664,13473,170,NA,NA,-0.745355992499929,0.254644007500071,-0.129823280199103,0.870176719800897,0.827830423662603,0.172169576337397,-0.527173322130348,0.472826677869652,-0.32153094633709,0.67846905366291,NA,NA,NA,NA,4,158,9,9,5,0.375,3.57013888888889,0.0238445216049383,-0.011574074074074,-0.017340277777778,0.116666666666667,0.739186507936508,0.00255105977576215,0.0241402116402116,-0.00345932539682539,4,0.111167604459845,9,1.68758627973614
3664,13484,170,0.991803675498032,0.00819632450196828,-0.862673755589962,0.137326244410038,0.95496849571218,0.0450315042878198,0.983816062832826,0.0161839371671739,-0.940938815045131,0.0590611849548687,-0.777988081218635,0.222011918781365,0.893253442065273,0.106746557934727,-0.99634053523516,0.00365946476484012,4,116,23,23,8,0.666666666666667,4.75438596491228,0.100954139735303,0.0397560424666817,-0.063684210526316,0.278419111752445,0.776257422456253,0.0192951023168365,0.0179056250971853,-0.0230199727714348,4,-0.0514737609156532,23,9.53450456890919
3664,13485,170,NA,NA,-0.866025403784439,0.333333333333333,NA,NA,NA,NA,-0.866025403784438,0.333333333333333,0.866025403784439,0.333333333333333,0.866025403784439,0.333333333333333,-1,0,3,118,12,12,7,0.458333333333333,4.18055555555556,0.0700231481481481,0.114583333333334,-0.0630208333333338,0.0828130203130204,0.777895715395715,0.00228599877778824,-0.020703255078255,0.0113867902930402,3,-0.0516371434685007,12,-0.780079584149265
3664,13489,170,NA,NA,-0.866025403784439,0.333333333333333,NA,NA,NA,NA,-0.866025403784438,0.333333333333333,0.866025403784438,0.333333333333333,0.866025403784439,0.333333333333333,-1,NA,3,127,8,8,6,0.6,3.8,0.12,0.2,-0.0825000000000003,0.169601328903654,0.652048726467331,0.00958820358862852,-0.0565337763012181,0.0233201827242525,3,0.330810190028794,8,-1.68059870963652
3664,13496,170,0.977139836403678,0.0228601635963224,-0.640444760713539,0.359555239286461,0.913776933837137,0.0862230661628636,0.973230566182067,0.0267694338179334,-0.869525905011802,0.130474094988198,-0.7841542542954,0.2158457457046,0.774596669241483,0.225403330758517,-0.977139836403678,0.0228601635963225,4,128,11,11,4,0.266666666666667,3.51969696969697,0.0160973370064279,0.0522855675398047,-0.0235,0.0645502645502646,0.778270803270803,0.00102910870387221,0.0140802700124734,-0.00535846560846562,4,0.62854388911777,11,9.99993067683054
3664,13509,170,0.961967002399803,0.00885281612322952,-0.942695111683859,0.016324980173786,-0.496536565360065,0.394825597527501,0.8985247630065,0.0382076710650054,0.471401620771253,0.422829518183196,-0.836019741987389,0.0777212112503083,0.895849630982742,0.0397119578057303,-0.950549689183072,0.0131020580798845,5,37,1956,1956,22,0.688699360341152,13.8394950242725,0.0688992112559579,-0.000152456160461378,0.0215209226211694,0.0425357244652902,0.908237806857372,0.000339250886403248,1.93587433993349e-05,-0.00267817972631962,5,-2.17166136835603,1956,0.332930159940531
3664,13510,170,0.984988356127557,0.00220290564313164,-0.907566072317416,0.0332633493410821,-0.98647513834046,0.00188430011656257,0.995152162069101,0.000404892689829683,0.87920025429454,0.0494769329971558,-0.906668102018638,0.0337445522208665,0.846682679939699,0.0703836864359046,-0.96827509797749,0.00675082340537271,5,51,455,455,16,0.87078431372549,10.8008692292136,0.140257804342269,-0.0019818652946271,0.0572682632315919,0.0590693954910185,0.849751099299981,0.000748549836377111,0.000146057654105471,-0.00431440972513664,5,-1.19415359784117,455,0.285681953968177
3664,13511,170,0.988077930704583,0.00155985109212597,-0.898096042841788,0.0384475023406269,0.145497031181371,0.815403131480242,0.999059525285457,3.46173059968535e-05,0.0339447844384597,0.956788459549458,-0.90441439558872,0.0349619567197671,0.840642904761583,0.0745122109371192,-0.977852213638805,0.00394349477456203,5,55,271,271,15,0.531868131868132,9.92571768026983,0.0379955454398453,0.000257746771804776,0.00115080591716462,0.125507464170519,0.744155428845319,0.00306290558947075,0.000502494058677589,-0.00870556497138829,5,-0.714982276155584,271,0.221695421693325
3664,13512,170,0.963834903608221,0.0082110412877241,-0.890247544032094,0.0429213312201073,0.435339995603124,0.463751131692246,0.980672972253793,0.00321601750252754,-0.220098331314348,0.722041440353288,-0.839506661743562,0.0752970078523161,0.834192605364354,0.0790009263006934,-0.979254533270527,0.00357571254177967,5,74,236,236,14,0.38795518207283,9.36335400831888,0.0188621165156676,0.000628058026749787,-0.00525744394674168,0.242440241455652,0.804672956690008,0.0108736458688781,0.00107420653171237,-0.015225600443601,5,-0.810067474458088,236,0.114356986939179
3664,13513,170,0.972446490620623,0.0054675921434042,-0.812228567450311,0.0948748672310239,0.95872876666561,0.0100022577466463,0.986856143510657,0.00180534401306476,-0.65234201393685,0.232811725591287,-0.764139213248554,0.132532432333448,0.797830112333126,0.105749697356341,-0.996876080627851,0.0002094980438476,5,90,138,138,13,0.688295165394402,8.69424481699875,0.0877726975300273,0.00528657813442848,-0.033613811666399,0.125824271966004,0.848033973824325,0.00298606564965047,0.00100369716805419,-0.00726247837438164,5,-1.43765508324063,138,-0.188866986491762
3664,13514,170,0.988624408311959,0.00145395983053342,-0.775839291029135,0.123027625398462,0.949758227450927,0.0134162453811075,0.989737639902386,0.0102623600976139,-0.652317056195106,0.232835810645996,-0.697979200425814,0.302020799574186,0.778637608967377,0.120785813154273,-0.998272148074984,8.61947963171819e-05,5,93,41,41,12,2.8125,7.0554689608637,1.34311471298178,0.066678583367381,-0.131485534750338,0.0636488935512705,0.630061296927808,0.000923014433937772,0.00836660194250972,-0.00451705154320818,4,0.314630064950463,41,-0.591322372883139
3664,13518,170,0.998766597547256,5.19889089978243e-05,-0.744007540934241,0.149366039910662,0.989711187765523,0.00125086467513125,0.796128496109696,0.203871503890304,-0.732498509629482,0.159250083285037,0.0320001978368534,0.967999802163147,0.760984864378253,0.135130593566934,-0.998808713980126,4.93492213629581e-05,5,112,37,37,11,3.11764705882353,6.3945381163218,1.79707816902898,0.0891869386171642,-0.17078625643806,0.019337975524588,0.748789098677864,0.000115104306970888,0.00395389894927196,7.31318853088239e-05,4,-0.120458510366671,37,-0.579243200461753
3664,13521,170,0.996875043756187,0.00020960232277778,-0.733551457233835,0.158338167971823,0.99902261483925,3.66748872844269e-05,-0.594483141401593,0.405516858598407,-0.749666847998077,0.144574263127838,0.986337155844337,0.0136628441556634,0.762625161625025,0.133777656400596,-0.99891646717034,4.28081412163085e-05,5,121,34,34,10,3.40625,5.64333333333333,2.19400911458333,0.10726922403223,-0.193130208333334,0.0190448760149221,0.844859245017655,6.19557344626053e-05,-0.00371872548988725,0.00165376755540928,4,-0.316474074767587,34,-0.398825376346214
3664,13522,170,NA,NA,0.258198889747163,0.741801110252837,NA,NA,-0.791797325823563,0.208202674176437,0.258198889747163,0.741801110252837,0.353125692565081,0.646874307434919,NA,NA,NA,NA,4,128,10,10,5,0.111111111111111,3.91666666666667,0.00308641975308642,0.111111111111111,0.0030555555555555,0.0224867724867726,0.775462962962963,8.44216287337986e-05,-0.0145502645502645,0.000691137566137583,4,0.00586002330809373,10,-0.363326855957428
3664,13523,170,NA,NA,0.258198889747163,0.741801110252837,NA,NA,-0.47858611684811,0.52141388315189,0.258198889747163,0.741801110252837,0.677967351777652,0.322032648222348,NA,NA,NA,NA,4,131,8,8,4,0.0714285714285716,3.44642857142857,0.00127551020408164,0.0714285714285717,0.00196428571428575,0.0259462759462759,0.71268315018315,0.000139230851227187,-0.0112942612942612,0.00170405982905983,4,-0.0530330085889911,8,-0.175688934872266
3664,13531,170,0.995968267415971,0.000307120366442426,-0.753390049392483,0.141446943602556,0.99956852012534,1.07583721424831e-05,-0.78876505188479,0.21123494811521,-0.750813843423911,0.143608697788327,0.947656988064233,0.0523430119357673,0.783379728223281,0.117015074841261,-0.997847842379689,0.000119813214464606,5,125,24,24,9,4,5.09855072463768,3.0157950010502,0.179806555949493,-0.226775362318841,0.0318100257230692,0.805888386975343,0.000169011774181211,-0.0102543028629985,0.00262432712215323,4,0.0291772423062119,24,-0.697767869153773
3664,13532,170,NA,NA,-0.774596669241482,0.225403330758518,0.941477442958703,0.0585225570412973,-0.759352328463305,0.240647671536695,-0.913889415907571,0.0861105840924293,0.944583720873349,0.0554162791266513,0.774596669241483,0.225403330758517,-1,0,4,126,18,18,8,0.388235294117647,5.43235294117647,0.0270703575547866,0.154901960784314,-0.032029411764706,0.0569884772090655,0.72706463267125,0.0005459897007995,-0.0177433473389356,0.00470154936974793,4,0.408393250614066,18,-0.616056012857354
3664,13533,170,NA,NA,-0.774596669241482,0.225403330758518,0.927172649945531,0.0728273500544692,-0.714209700573361,0.285790299426638,-0.923380516876638,0.0766194831233617,0.936592882545293,0.0634071174547066,0.774596669241483,0.225403330758517,-1,0,4,127,17,17,7,0.375,4.71875,0.0247395833333333,0.145833333333333,-0.0309375000000001,0.0609187324303604,0.705442861402164,0.00063458714336695,-0.0179916659567822,0.00502579542550474,4,0.419042660350354,17,0.851083939844017
3664,13537,170,NA,NA,-0.923380516876638,0.0766194831233617,0.881797969867709,0.118202030132291,-0.999160897691548,0.000839102308451524,-0.711588736705573,0.288411263294427,0.9315197709471,0.0684802290529001,0.774596669241483,0.225403330758517,-0.927172649945531,0.0728273500544694,4,139,13,13,6,0.233333333333333,4.26858974358974,0.0127783256629411,0.0792172739541157,-0.0171346153846153,0.0268817204301075,0.726661779081134,0.000124916907860811,-0.00887482636209289,0.00221774193548387,4,-0.00320388323844852,13,0.518014317802723
3664,13539,170,NA,NA,-0.923380516876638,0.0766194831233617,0.688875740190727,0.311124259809273,-0.689199108554993,0.310800891445007,-0.478329589859393,0.521670410140607,0.794090963175338,0.205909036824662,0.774596669241483,0.225403330758517,-0.927172649945531,0.0728273500544691,4,144,11,11,5,0.175,3.73806818181818,0.00685735192837464,0.0453349282296651,-0.0084375,0.0048451548451548,0.73221361971362,5.5842656991507e-06,-0.00129431971537231,0.000399725274725264,4,-0.255548479805244,11,9.99995198260845
3664,13554,170,0.956204768311642,0.0109295015643425,-0.826627465804606,0.0843674194941813,0.939347864115219,0.0177669114372463,0.97825107225001,0.00383767973824245,-0.630798099149875,0.253851560600068,-0.763361066404713,0.133171984429307,0.828889139177967,0.0827516939133326,-0.999064321830979,3.43528394107384e-05,5,92,97,97,12,0.432967032967033,7.86932408415554,0.029210553569975,0.00430429036991312,-0.0187509363295879,0.195690919567324,0.792686719824715,0.00713402383157908,0.00221525041197175,-0.011213985063599,5,-1.71267277046589,97,-0.0144473233768848
3664,13555,170,0.975932079641543,0.00446598836030176,-0.789419067540121,0.112265163161027,0.96704057633625,0.00714733997056061,0.96548901716921,0.00765612137058547,-0.739478218086771,0.153233801855474,-0.689296616864121,0.197923503725659,0.79829646102243,0.105391905066323,-0.998052300950034,0.000103154864798141,5,101,80,80,11,0.813333333333333,7.12706060606061,0.107064159779614,0.010462305905894,-0.0420833333333334,0.156349791206092,0.847268638217208,0.00459794762366195,0.00216466157596701,-0.00812925686321032,5,-1.68926530347963,80,0.281421773140796
3664,13556,170,0.979207364101067,0.00358788910955798,-0.79363284677988,0.108986346440636,-0.329349888907309,0.588368180459204,0.975402022542862,0.00461396215950804,0.0975795281513268,0.87595533592496,-0.699500830787453,0.188574441826684,0.788122544424202,0.11327987911797,-0.998747891321082,5.31759566607276e-05,5,102,52,52,10,0.410256410256411,6.5176031541913,0.0276133473418311,-0.0028031129850353,0.00282020664239521,0.699829324442327,0.665099961080134,0.0953742604950495,0.0154284677695211,-0.0375721905234229,5,-1.06106928950055,52,0.549888124062013
3664,13557,170,NA,NA,-0.774596669241482,0.225403330758518,0.94285525657886,0.0571447434211396,-0.873045176569115,0.126954823430885,-0.527864114025396,0.472135885974604,0.407224735387732,0.592775264612268,0.774596669241483,0.225403330758517,-1,0,4,115,29,29,9,0.417989417989419,5.88624338624339,0.0356932896615437,0.059376837154615,-0.0212433862433863,0.0285847485847486,0.754802234802235,0.000185549017832784,-0.00396410174187953,0.00118160358160359,4,-1.12595005428882,29,-0.551261409724537
3664,13558,170,NA,NA,-0.774596669241482,0.225403330758518,0.936209717552112,0.0637902824478878,-0.870276804046559,0.129723195953441,-0.511633538813792,0.488366461186208,0.402363964744451,0.597636035255549,0.774596669241483,0.225403330758517,-1,0,4,121,25,25,8,0.466183574879227,5.35084541062802,0.0442148591565731,0.078743961352657,-0.0229166666666666,0.0440265697846992,0.753565325998647,0.000441000417095359,-0.00731032861102281,0.00179989387059172,4,-1.01482289378086,25,-0.416251131895129
3664,13565,170,NA,NA,-0.650791373455967,0.349208626544033,0.979106024855302,0.0208939751446984,-0.978811287546774,0.0211887124532264,-0.485912524078984,0.514087475921016,0.486994617291101,0.513005382708899,NA,NA,NA,NA,4,136,18,18,7,0.450980392156862,4.94515931372549,0.0400961318963859,0.0823601499423297,-0.0207261029411765,0.022819020656391,0.790667269581629,0.000111936437851784,-0.00435031672310322,0.00109753460207614,4,-0.62527702898722,18,-1.1622976578903
3664,13566,170,NA,NA,-0.404519917477943,0.595480082522057,0.940564508108133,0.0594354918918665,-0.98280149774209,0.0171985022579097,-0.0890478265793266,0.910952173420673,0.239098603598704,0.760901396401296,NA,NA,NA,NA,4,144,9,9,6,0.285714285714286,3.86607142857143,0.0241284013605442,0.152597402597403,-0.00294642857142854,0.0456349206349206,0.706234737484738,0.000528634252115631,-0.0236013986013986,0.00117101648351648,4,-0.580140244773736,9,-1.54368145762744
3664,13567,170,NA,NA,-0.404519917477943,0.595480082522057,0.869401659795589,0.130598340204411,-0.916190446695007,0.0838095533049932,0.0723101526062202,0.92768984739378,0.0267330499855894,0.973266950014411,NA,NA,NA,NA,4,150,8,8,5,0.232142857142857,3.26488095238095,0.0162627551020408,0.115800865800866,0.00196428571428567,0.0365476190476191,0.794702380952381,0.000428349395313681,-0.0198051948051948,0.000117857142857127,4,-0.777040418886316,8,0.299045240996096
3664,13574,170,NA,NA,-0.774596669241482,0.225403330758518,0.979050882325541,0.0209491176744585,-0.998831230000907,0.00116876999909342,-0.646844618280931,0.353155381719069,0.747217730757298,0.252782269242701,NA,NA,NA,NA,4,146,9,9,6,0.65,4.025,0.08375,0.188888888888889,-0.0398750000000001,0.119940476190476,0.8171875,0.00337026260156841,-0.0386574074074074,0.00924032738095239,4,-0.077670774490777,9,-1.63476927438756
3664,13575,170,NA,NA,-0.774596669241482,0.225403330758518,0.93939393939394,0.0606060606060603,-0.998145261942635,0.00185473805736467,-0.539870405834972,0.460129594165028,0.739816168028506,0.260183831971494,NA,NA,NA,NA,4,148,8,8,5,0.464285714285714,3.52678571428571,0.0385841836734694,0.123015873015873,-0.0225892857142857,0.13961038961039,0.816287878787879,0.00449483627243367,-0.0446127946127946,0.0105654761904762,4,0.276693957855606,8,-1.24358223001444
3664,13585,170,0.982113125484012,0.00286395957592944,-0.764911198117053,0.131898847182349,-0.871528617996149,0.0541991121113559,0.97253683778301,0.00544079649120155,0.648816661220208,0.236220549060658,-0.688539135896752,0.198622578449698,0.707106781186548,0.181690113816209,-0.982113125484012,0.00286395957592929,5,114,23,23,8,0.833333333333334,5.10857142857143,0.110922902494331,-0.0369529983792544,0.0375833333333334,0.600256769374417,0.601362179640596,0.067559483227668,0.0321815263060549,-0.0311268002815163,5,-0.150846807613548,23,2.17964261230367
3664,13590,170,0.965435247642898,0.00767395855976316,-0.780189497605496,0.119547876994189,-0.423796730166543,0.477023225461104,0.959338921313961,0.00978217673505966,0.486030844831412,0.406476255493839,-0.697114406346709,0.190749384251702,0.707106781186547,0.181690113816209,-0.965435247642898,0.00767395855976304,5,135,18,18,7,0.302884615384615,4.52187405731523,0.0211800793077992,-0.0108690968026007,0.0123024132730016,0.651648351648352,0.729329270169606,0.0814669602402359,0.0482541738625694,-0.034606486055961,5,-0.00314918328648887,18,4.55703543721327
3664,13596,170,-0.333333333333333,0.666666666666667,-0.774596669241482,0.225403330758518,0.828677524893199,0.171322475106801,-0.941862465098156,0.0581375349018445,-0.335316116015136,0.664683883984864,0.545529485161567,0.454470514838433,NA,NA,NA,NA,4,137,12,12,6,0.375,3.81534090909091,0.0234482610192837,0.0845959595959596,-0.0109375,0.0601731601731601,0.805952380952381,0.000650709319540487,-0.016017316017316,0.00296428571428573,4,0.352557048509072,12,2.93556401102084
3664,13597,170,NA,NA,-0.774596669241482,0.225403330758518,0.49236596391733,0.50763403608267,-0.871152404299442,0.128847595700558,0.0953462589245615,0.904653741075439,0.405853009522323,0.594146990477677,NA,NA,NA,NA,4,140,9,9,5,0.3,3.3,0.0183333333333333,0.0444444444444443,0.0027500000000001,0.0919047619047619,0.730714285714286,0.00142256235827665,-0.0219047619047619,0.00326071428571429,4,1.18807518017374,9,9.99994627250967
3664,13607,170,0.968417222191347,0.00670565424274638,-0.780425084871235,0.1193602837341,0.993614612649242,0.000611925175415751,-0.982513864790857,0.00276842141549122,-0.712007261205187,0.177293490939273,0.712671802274706,0.176699654361353,0.820673188044733,0.0886666538468466,-0.994760113794254,0.000454961868082095,5,106,28,28,10,2.03571428571429,5.48447619047619,0.715490657596372,0.078271796142568,-0.10474880952381,0.251653439153439,0.806789936914937,0.0117337738417158,-0.00991157999993646,0.0134267567791006,5,-0.918761936277329,28,-0.406968592386994
3664,13608,170,0.955018482285834,0.0113745139315031,-0.777618233616557,0.121601037146545,0.987797747516773,0.00161509236522006,-0.39701004308854,0.60298995691146,-0.685246043101494,0.201669798185081,-0.573322423665175,0.426677576334825,0.852140051383353,0.066716782418262,-0.986768863650923,0.00182333204198223,5,115,20,20,9,1.75,5.26543564794339,0.526594878622787,0.0927724832329123,-0.0864863445378155,0.0163523782718829,0.676448190612277,5.53804592306271e-05,-0.00111668517241272,-0.000908836004037253,4,-0.223811245533488,20,-0.940484600489189
3664,13609,170,0.949474032339118,0.01352965421564,-0.77966654728358,0.119964606368811,0.975627426311354,0.00455084266212014,0.483299007932216,0.516700992067784,-0.674562997746562,0.211644045169443,-0.957726533570061,0.0422734664299393,0.853569006319046,0.0657667853478143,-0.986434141992203,0.00189286240492402,5,123,19,19,8,2,4.49134615384615,0.71431675295858,0.11294468898831,-0.0991586538461543,0.0278232405891981,0.741587690866395,0.00012918553498288,0.00207622218688683,-0.00231876524693206,4,-0.572380348546796,19,0.0441396144134559
3664,13616,170,0.916949300616178,0.083050699383822,-0.491722528237336,0.508277471762664,0.0938646508927863,0.906135349107214,0.751294376371319,0.248705623628681,0.761563496910415,0.238436503089585,-0.90486030794904,0.0951396920509599,0.774596669241483,0.225403330758517,-0.916949300616178,0.0830506993838222,4,134,12,12,7,0.483333333333333,4.45952380952381,0.0574792139077854,0.00952380952380955,0.0388928571428574,0.133774250440917,0.71405924322591,0.0032784852586373,0.0182053895984244,-0.0110363756613757,4,-1.14046340740802,12,-1.01748524865694
3664,13617,170,0.916949300616178,0.083050699383822,-0.491722528237336,0.508277471762664,-0.338065597622508,0.661934402377492,0.845377671405088,0.154622328594912,0.92976792798819,0.0702320720118101,-0.849063026892154,0.150936973107846,0.774596669241483,0.225403330758517,-0.916949300616178,0.0830506993838222,4,138,11,11,6,0.722222222222222,3.85732323232323,0.0905073461891644,-0.0430423639378863,0.0595833333333336,0.250173611111111,0.715005523989899,0.0130225008554014,0.0408273499924619,-0.0206393229166667,4,-1.2353360508359,11,1.25073009812709
3664,13627,170,0.989868026394135,0.00122240126811812,-0.777713771047821,0.121524563517603,0.998326312926532,8.21743333199176e-05,NA,NA,-0.750863517562232,0.143566924002275,0.774596669241482,0.225403330758517,0.707106781186547,0.181690113816209,-0.989868026394135,0.001222401268118,5,134,8,8,4,1.25,2.97857142857143,0.30140306122449,0.179723502304147,-0.0716964285714289,0.0297619047619048,0.854662698412698,0.000221442743764172,-0.0297619047619049,0.00245535714285717,4,-1.89035581704142,8,9.55904857363267
3664,13634,170,NA,NA,-0.821159792959174,0.178840207040826,0.975366144943846,0.0246338550561538,-0.99999886936477,1.1306352295641e-06,-0.905729341591599,0.0942706584084009,0.821873259902902,0.178126740097098,0.774596669241483,0.225403330758517,-0.995863477615015,0.00413652238498496,4,111,17,17,8,0.57843137254902,5.18627450980392,0.0611783929257979,0.046500333879682,-0.0477205882352943,0.138492854769026,0.754501080093054,0.00425928099784505,-0.0125793157164214,0.0114256605184447,4,-0.361622476743986,17,-0.968327520101812
3664,13637,170,NA,NA,-0.825722823844769,0.174277176155231,-0.492365963917331,0.507634036082669,-0.999983670460224,1.63295397761239e-05,-1.77499025194583e-15,0.999999999999998,0.828378714475636,0.171621285524364,0.774596669241483,0.225403330758517,-0.994936676326182,0.005063323673818,4,118,14,14,7,0.153846153846154,4.92307692307692,0.00788954635108485,-0.00932400932400932,-8.36303692875179e-17,0.103338968723584,0.697168216398986,0.002334326731638,-0.0103005968390584,0.00852546491969572,4,-0.181208053691275,14,-1.13329693186467
3664,13639,170,0.993660791896455,0.00633920810354471,-0.831261246939556,0.168738753060444,-0.947045345637295,0.0529546543627048,0.932108901895136,0.0678910981048639,0.640444760713538,0.359555239286462,-0.609248903285943,0.390751096714057,0.774596669241483,0.225403330758517,-0.993660791896455,0.00633920810354462,4,128,12,12,6,0.636363636363637,4.55681818181818,0.0914256198347108,-0.0682895303748384,0.04125,0.0242424242424243,0.683297258297258,0.00013147867043971,0.00254884662467602,-0.00148809523809525,4,-0.701843623469823,12,-1.20636686981063
3664,13640,170,0.991836598134176,0.00816340186582432,-0.838116354923493,0.161883645076507,-0.861847797088974,0.138152202911026,-0.993317384032462,0.00668261596753808,0.496903994999952,0.503096005000049,0.781216171804398,0.218783828195602,0.774596669241483,0.225403330758517,-0.991836598134176,0.00816340186582441,4,135,11,11,5,0.3,3.80454545454545,0.0200826446280991,-0.0330376940133038,0.015,0.0540259740259741,0.75982683982684,0.000717387855050194,-0.00719670573329112,0.00445714285714289,4,-0.983398810158154,11,9.99993731961038
3664,13650,170,0.991193945184885,0.00880605481511498,-0.845398407131358,0.154601592868642,0.984839156686569,0.0151608433134309,0.98254611614946,0.0174538838505405,-0.925163926263165,0.0748360737368347,-0.757951937799002,0.242048062200998,0.804066095277601,0.195933904722399,-0.994066725684128,0.00593327431587177,4,81,98,98,13,0.536098310291859,7.58404138789144,0.0587537890992137,0.00682629127729878,-0.0477688679803367,0.140318552641563,0.788812195013625,0.00476171443575101,0.00193881416831959,-0.0111411920363366,4,0.483304404260513,98,0.547771511079937
3664,13651,170,0.992559024973658,0.007440975026342,-0.79404055132001,0.20595944867999,-0.38491327603038,0.61508672396962,0.965465855998425,0.0345341440015747,0.728185527480968,0.271814472519031,-0.901145076659501,0.0988549233404994,0.774596669241483,0.225403330758517,-0.992559024973658,0.00744097502634181,4,102,41,41,10,0.119736842105262,6.18541864232654,0.00312010202551755,-0.002099060935439,0.00866432550972019,0.0557207179862433,0.787047854830932,0.000602329392854568,0.00231329865709735,-0.00471107547114309,4,0.644946414085472,41,0.980956472930497
3664,13652,170,0.980196058819607,0.0198039411803932,-0.867721831274624,0.132278168725376,-0.889297291799887,0.110702708200113,-0.990395545585672,0.00960445441432802,0.596284793999942,0.403715206000058,0.806366387895047,0.193633612104953,0.774596669241483,0.225403330758517,-0.980196058819607,0.0198039411803931,4,103,14,14,5,0.333333333333333,4.04166666666667,0.0208333333333333,-0.0269607843137255,0.0183333333333334,0.121644524629599,0.756454987798271,0.00355856986217047,-0.0124094518299962,0.010246569351047,4,1.48275862068965,14,9.99992613043379
3664,13658,170,0.990147542976674,0.00985245702332582,-0.843661487732106,0.156338512267894,-0.992674015716988,0.00732598428301193,NA,NA,0.785060277840134,0.214939722159865,-0.866025403784439,0.333333333333333,0.774596669241483,0.225403330758517,-0.990147542976674,0.00985245702332571,4,140,8,8,4,0.875,3.34821428571429,0.188881802721088,-0.128151260504202,0.0726785714285716,0.00277777777777777,0.70026455026455,2.57201646090533e-06,0.00277777777777783,-0.000381944444444461,3,0.933380951166243,8,9.99992830104803
3664,13665,170,NA,NA,-0.719763363329485,0.280236636670514,0.980468139322707,0.0195318606772932,0.456009796104168,0.543990203895832,-0.651516531608115,0.348483468391885,-0.522342277923395,0.477657722076605,0.774596669241483,0.225403330758517,-0.989159571394798,0.010840428605202,4,117,27,27,9,0.384615384615385,5.73365384615385,0.0273508382642998,0.0291623470868754,-0.0229519230769231,0.0129917935496279,0.766710350764904,4.82161664846612e-05,0.000569474365790109,-0.000772609131366315,4,-0.0934757578687965,27,-0.00382723744262569
3664,13666,170,NA,NA,-0.664363838829918,0.335636161170082,0.992410716284323,0.00758928371567746,-0.98461406504694,0.0153859349530596,-0.739040256678042,0.260959743321958,0.783899965348934,0.216100034651066,0.774596669241483,0.225403330758517,-0.964901281354015,0.0350987186459846,4,119,19,19,8,0.692982456140351,5.30396456828345,0.100763096716004,0.101322017010071,-0.0499720502235984,0.0787910060355881,0.655293583408908,0.00127096432591087,-0.0112900104543954,0.0059529967387712,4,0.126887550136263,19,-0.48882063640923
3664,13667,170,NA,NA,-0.664363838829918,0.335636161170082,0.988275105750393,0.0117248942496073,-0.948780280604752,0.0512197193952483,-0.759017396180318,0.240982603819682,0.866467959743851,0.133532040256148,0.774596669241483,0.225403330758517,-0.964901281354015,0.0350987186459846,4,133,17,17,7,0.541176470588235,4.77071078431373,0.0621896025567089,0.0792680865449627,-0.0403198529411764,0.0679694400282636,0.765539278774573,0.000990439211566295,-0.00960375762606999,0.00580864372776137,4,-0.243934688454522,17,-0.00275898718056401
3664,13668,170,NA,NA,-0.756889262661455,0.243110737338544,0.989280328582361,0.0107196714176387,-0.999451528151058,0.000548471848941601,-0.695618882697315,0.304381117302685,0.759633934145132,0.240366065854868,NA,NA,NA,NA,4,138,12,12,6,0.726190476190476,4.36011904761905,0.115358419538614,0.151533494753834,-0.0503273809523811,0.144142316017316,0.679596185064935,0.00420740827304723,-0.0292370588451097,0.0104959077380953,4,0.345231187760832,12,-0.72728451488311
3664,13669,170,NA,NA,-0.756889262661455,0.243110737338544,0.982674549899521,0.0173254501004789,-0.999472483542026,0.000527516457973972,-0.667085864150726,0.332914135849273,0.758663089227733,0.241336910772267,NA,NA,NA,NA,4,143,11,11,5,0.575757575757576,3.73560606060606,0.0743640955004591,0.12085259373395,-0.03875,0.151739618406285,0.711653572764684,0.00465912677368802,-0.0307671821796116,0.0110308641975309,4,0.288675134594813,11,1.68064707696724
3664,13671,170,NA,NA,-0.756889262661455,0.243110737338544,0.941625177442473,0.0583748225575274,-0.999884366324913,0.000115633675086914,-0.544435722937295,0.455564277062705,0.749503841456277,0.250496158543723,NA,NA,NA,NA,4,151,9,9,4,0.375,3.23958333333333,0.0282118055555556,0.0713276836158192,-0.0194791666666667,0.128654970760234,0.740549289891395,0.00327591858021551,-0.0258095804482959,0.00913794903926484,4,0.194626766967236,9,9.99994187785417
3664,13684,170,NA,NA,-0.774596669241482,0.225403330758518,NA,NA,0.999976435935196,2.35640648043045e-05,-0.774596669241482,0.225403330758518,-0.770818327194422,0.229181672805578,0.774596669241483,0.225403330758517,-1,0,4,136,8,8,4,0.642857142857143,2.98214285714286,0.103316326530612,0.128571428571429,-0.0530357142857145,0.38655462184874,0.700280112044818,0.036997805658211,0.076937441643324,-0.0315826330532214,4,0.179266507906449,8,9.99991873048828
3664,13691,170,0.981746960019211,0.0182530399807885,-0.864630243798809,0.135369756201191,0.984795367311299,0.0152046326887008,-0.956803363725605,0.0431966362743952,-0.933218447013161,0.0667815529868394,0.972537083908185,0.0274629160918145,0.810807791472799,0.189192208527201,-0.99259567145821,0.00740432854179019,4,95,57,57,12,0.903030303030303,6.89848484848485,0.157266605448424,0.0157565892237623,-0.0788333333333337,0.0356004489337822,0.805978675645342,0.000234694968137541,-0.000591388046985804,0.00317370370370372,4,0.0548635746163959,57,0.141226226032113
3664,13692,170,0.972381248188587,0.0276187518114135,-0.864788946610089,0.135211053389911,0.973923109432257,0.0260768905677424,-0.870388789411371,0.327734991015679,-0.777895158964697,0.222104841035303,0.980280676029999,0.12663606064133,0.806987973524402,0.193012026475598,-0.984694345169535,0.0153056548304651,4,124,21,21,7,1.95238095238095,4.45997023809524,0.94738174957483,0.102419168056328,-0.161284226190477,0.0210621662852785,0.79603310813265,0.00011541046738829,-0.00353416538240007,0.00289604786422573,3,-0.990310979919616,21,2.05882906019814
3664,13693,170,NA,NA,-0.720576692122892,0.487754291644599,-0.972128239042334,0.150657664976936,-0.632907707698234,0.56372249743398,0.537931295557488,0.638411956621536,0.992888551309247,0.07596820578938,0.866025403784439,0.333333333333333,-0.970725343394151,0.154420958311266,3,127,14,14,6,0.0714285714285712,4.46336996336996,0.00127802600330072,-0.0166948436179203,0.00528846153846122,0.0390777181474856,0.692924818506214,0.000387255322061518,-0.00598312440888467,0.00537318624527923,3,0.184549356223176,14,0.538635775309107
3664,13697,170,NA,NA,-0.866025403784439,0.333333333333333,NA,NA,NA,NA,0.866025403784439,0.333333333333333,-0.866025403784439,0.333333333333333,0.866025403784439,0.333333333333333,-1,NA,3,136,10,10,5,0.433333333333333,4.04444444444444,0.0625925925925925,-0.108333333333333,0.0595833333333333,0.0980392156862745,0.563398692810458,0.00320389593745995,0.0245098039215686,-0.0134803921568628,3,0.402538524163669,10,0.154809266227466
3664,13698,170,NA,NA,-0.866025403784439,0.333333333333333,NA,NA,NA,NA,0.866025403784438,0.333333333333333,0.866025403784439,0.333333333333333,0.866025403784439,0.333333333333333,-1,0,3,148,9,9,4,0.111111111111111,3.25925925925926,0.00411522633744856,-0.0370370370370369,0.0152777777777777,0.00454545454545452,0.766666666666667,6.88705234159772e-06,-0.00151515151515146,0.000624999999999963,3,-0.182223186691911,9,9.99992540601707
3664,13712,170,0.985663998017612,0.0143360019823884,-0.863077969402079,0.136922030597921,0.658239487965709,0.341760512034291,0.947370689119741,0.0526293108802589,-0.938467860196256,0.0615321398037435,-0.664139019759256,0.335860980240744,0.807452589005427,0.192547410994572,-0.994182555081194,0.00581744491880588,4,100,36,36,11,0.488669950738917,6.68707620979426,0.056352440115726,0.0100445992018922,-0.0474552303680094,0.213722730471499,0.659671724489169,0.00963907963853186,0.00597902053642515,-0.0138894516427261,4,0.741480351818149,36,-0.38029893767041
3664,13713,170,0.981170498707076,0.0188295012929238,-0.874013110294982,0.125986889705018,0.967158679188542,0.0328413208114582,0.913141374567446,0.0868586254325536,-0.968771115557735,0.031228884442265,-0.605627846671681,0.394372153328319,0.809645494812297,0.190354505187703,-0.991772063931478,0.0082279360685219,4,107,32,32,10,0.983870967741935,6.08096774193548,0.183169337495664,0.0304599976708979,-0.0883193548387099,0.147037037037037,0.668119206525769,0.00439553343901509,0.00445501899731027,-0.00855302908581554,4,0.590135087510977,32,-0.323648959329201
3664,13714,170,0.971201030193046,0.0287989698069535,-0.898567515986431,0.101432484013569,0.998606827478391,0.0013931725216092,0.933243255443952,0.0667567445560482,-0.874215645762395,0.125784354237605,-0.691869489229459,0.308130510770541,0.818380840658763,0.181619159341237,-0.987153336753228,0.0128466632467722,4,118,29,29,9,1.25862068965517,5.36558109833972,0.345368698508699,0.0474967513817085,-0.109438058748404,0.0914085914085915,0.755312231854009,0.00179303480458063,0.00319828460936149,-0.00624060734554768,4,-0.371014492753624,29,0.0924288037394107
3664,13715,170,0.969189495071241,0.0308105049287595,-0.897933102735433,0.102066897264567,0.994121713418657,0.00587828658134359,-0.983749026522589,0.0162509734774105,-0.859844677278726,0.140155322721274,0.960484350704998,0.0395156492950022,0.774596669241483,0.225403330758517,-0.969189495071241,0.0308105049287595,4,122,21,21,8,1.88095238095238,4.79836309523809,0.766300400368481,0.0992267708817005,-0.160334821428572,0.0504960317460318,0.719854975981621,0.000477322700761923,-0.0024506434694537,0.00446997049916459,4,-0.132453235706504,21,-0.653684987579597
3664,13716,170,NA,NA,-0.981980506061966,0.121037718323677,0.983910096634736,0.114355189282115,-0.99972498754835,0.0149307372613703,-0.999944908134272,0.00668252904155944,0.986142271101803,0.106106981062308,NA,NA,NA,NA,3,147,12,12,7,0.416666666666667,4.54292929292929,0.0434075604530151,0.134199134199135,-0.0572916666666671,0.0624725516029865,0.727807056067926,0.00100331971706397,-0.0207305979045109,0.00858997584541064,3,-0.975505868841318,12,-1.20675175918006
3664,13718,170,NA,NA,-0.981980506061966,0.121037718323677,0.943185439518498,0.215626877023801,-0.997227620815016,0.0474156624304397,-0.988982238273646,0.0945891587001242,0.993320536646659,0.0736220558932363,NA,NA,NA,NA,3,152,10,10,6,0.3,4.13703703703704,0.0230041152263374,0.0936507936507939,-0.0412500000000002,0.0587301587301587,0.757025279247502,0.000873943846704968,-0.019299571680524,0.0080753968253968,3,-0.849822971986001,10,-1.34672692287022
3664,13719,170,NA,NA,-0.981980506061966,0.121037718323677,0.755928946018454,0.45437105165701,-0.983671088526836,0.11520371343593,-0.866025403784439,0.333333333333333,0.999958010539336,0.00583400488775032,NA,NA,NA,NA,3,155,9,9,5,0.166666666666667,3.55555555555556,0.00925925925925924,0.0476190476190478,-0.0229166666666668,0.05,0.819312169312169,0.000625052490131856,-0.0160997732426303,0.00687499999999999,3,-0.875705559518463,9,-0.37480004059203
3664,13727,170,0.958423217380105,0.0415767826198952,-0.898684364939247,0.101315635060753,0.986205821066958,0.0137941789330422,-0.979391592230311,0.0206084077696885,-0.83598206433438,0.16401793566562,0.818781334072945,0.181218665927055,0.774596669241483,0.225403330758517,-0.958423217380105,0.0415767826198953,4,134,9,9,5,1.38888888888889,3.49801587301587,0.449457252036617,0.200109051254089,-0.119384920634921,0.378858024691358,0.724261463844797,0.034043062288549,-0.0546922331273476,0.0321803350970018,4,0.0960158717038365,9,-0.791979108786197
3664,13728,170,0.958423217380105,0.0415767826198952,-0.898684364939247,0.101315635060753,0.99872692500899,0.0012730749910097,NA,NA,-0.912870929175276,0.0871290708247237,0.866025403784438,0.333333333333333,0.774596669241483,0.225403330758517,-0.958423217380105,0.0415767826198951,4,146,8,8,4,0.25,3.16666666666667,0.0138888888888889,0.0356234096692112,-0.0229166666666668,0.00565476190476188,0.771230158730159,1.06587773998488e-05,-0.00282738095238089,0.000777529761904732,3,-0.388215487710261,8,9.55904857363267
3664,13735,170,NA,NA,-1,9.48637384723993e-09,0.802955068546967,0.40651972837366,-0.967004721493278,0.163991919375435,-0.802955068546966,0.40651972837366,0.967004721493278,0.163991919375435,0.866025403784439,0.333333333333333,-0.866025403784439,0.333333333333333,3,148,8,8,4,0.142857142857143,3.08928571428571,0.00605867346938775,0.0625000000000007,-0.0171875000000002,0.0222943722943723,0.814790764790765,0.00013288419132575,-0.0111471861471859,0.00306547619047612,3,-0.859620008501293,8,9.99995434071618
3664,13747,170,0.994123128141648,0.000540343554386924,-0.930929748658051,0.0215634870994162,-0.91148024141378,0.0311919129694129,0.94541681289777,0.0545831871022302,0.716840218252185,0.172987814132862,-0.666216076465704,0.333783923534296,0.353553390593274,0.559404344163488,-0.406794051625189,0.496716213996999,5,98,35,35,7,0.4,5.79005347593583,0.0261127856101118,-0.00974385377783497,0.0201470588235294,0.0894752118890051,0.733570278511962,0.00166137936067821,0.00350440784285108,-0.00578439354669072,4,-0.311437643987732,35,3.34700975326633
3664,13748,170,NA,NA,-0.774596669241482,0.225403330758518,NA,NA,NA,NA,0.774596669241482,0.225403330758518,-0.774596669241482,0.225403330758518,0.774596669241483,0.225403330758517,-1,0,4,143,8,8,5,0.375,3.46875,0.03515625,-0.09375,0.0309375000000001,0.0145502645502645,0.86276455026455,5.29275496206712e-05,0.00363756613756616,-0.00120039682539685,4,-1.24609027174133,8,1.07793151846324
3664,13755,170,0.987522463287934,0.00166998523749662,-0.937929502501639,0.0183897712161878,-0.238361798714189,0.699407216944945,0.970649336335831,0.0293506636641685,0.102730240108541,0.869430228142645,-0.750585248429623,0.249414751570377,0.353553390593274,0.559404344163488,-0.451756038263916,0.445018426556075,5,107,27,27,6,0.571428571428571,5.17722277722278,0.0521348531588291,-0.00467898694062772,0.00407967032967014,0.338693052978767,0.63542563256849,0.0274670474484343,0.0178101520812742,-0.0264980754695041,4,-0.0885559811388608,27,9.03687932918681
3664,13756,170,NA,NA,3.52457089063101e-17,1,NA,NA,-0.365983237721996,0.761465495979259,3.52534552159598e-17,1,0.930621442750233,0.238534504020741,NA,NA,NA,NA,3,141,9,9,4,0.0694444444444446,3.39814814814815,0.00160751028806585,0.0694444444444441,-1.82155257901985e-16,0.0283251231527094,0.80528188286809,0.000231599443846769,-0.00964696223316932,0.00389470443349752,3,-0.114449942431465,9,9.99994627250967
3664,13764,170,0.969530506543847,0.00635531076831364,-0.961992832782578,0.00884383367414437,0.692521243802387,0.194955309983171,0.950963762811257,0.0490362371887429,-0.627979259090973,0.256640582002454,-0.803998541823475,0.196001458176525,0.353553390593274,0.559404344163488,-0.340115827756708,0.575451391020377,5,130,18,18,5,0.571428571428571,4.39411764705882,0.051253442553492,0.0216792261837813,-0.0247268907563026,0.180182072829132,0.739325441715148,0.0075135913096675,0.0165971118177001,-0.0148452448287008,4,-0.547787152996181,18,9.99994744884592
3664,13769,170,0.967946861679501,0.00685552218250329,-0.930260509419064,0.0218753987827573,0.967975541340205,0.00684635300246095,0.815802232221019,0.184197767778981,-0.838286200240033,0.0761428028505175,-0.595397725818484,0.404602274181516,0.353553390593274,0.559404344163488,-0.219264504826757,0.723077166571075,5,140,13,13,4,0.769230769230769,3.56743256743257,0.107247397956689,0.0621686006301391,-0.0477472527472529,0.0412409812409812,0.838454323454323,0.000318633142242865,0.00514855514855515,-0.00226391941391942,4,-0.904354651672284,13,9.99991882733283
3664,13770,170,0.942809041582063,0.0571909584179369,-0.912870929175276,0.087129070824724,NA,NA,-0.972295372195204,0.0277046278047961,NA,NA,0.827224727618948,0.172775272381052,0.774596669241483,0.225403330758517,-0.942809041582063,0.0571909584179366,4,144,8,8,3,0,3,0,0,0,0.192307692307692,0.860897435897436,0.00869329388560158,-0.032051282051282,0.0164294871794872,4,0.707106781186547,8,9.99992597220677
3664,13781,170,0.995474843670878,0.000365165072576001,-0.916080112903556,0.028812929952807,-0.828413332194169,0.0830908087721619,0.841849327820854,0.0736817340672244,0.736313459262266,0.155953362165669,-0.741293883085405,0.151679868615055,0.782584101007845,0.117645220727268,-0.877547239590829,0.0504829158001177,5,54,184,184,15,2.33567251461988,9.56094930006549,1.05960806019347,-0.0111025604419917,0.131825083542189,0.223258635788387,0.701269142124083,0.00948466793493299,0.00106745327647952,-0.0125563719260268,5,-0.904394181152423,184,0.312876337843479
3664,13782,170,0.975580123936901,0.00456406487912364,-0.927143234774882,0.0233471943821092,0.555797995540661,0.330678910161443,-0.916338131682437,0.0836618683175633,-0.525824119728865,0.362777868796345,0.917892275492428,0.0821077245075723,0.76827960268396,0.129144894897933,-0.825164650770093,0.085417545655782,5,95,113,113,13,0.561483409238776,7.94980876692671,0.0520615628904515,0.00258202188219731,-0.0208670854133855,0.0162850546915876,0.829016696261997,5.672065419638e-05,-0.000185819701924596,0.00147255203321522,4,-1.16945028458053,113,0.640539661548245
3664,13783,170,0.996750600669554,0.00324939933044566,-0.772079695343084,0.227920304656916,0.999250234196371,0.000749765803628843,-0.999563211768153,0.000436788231847321,-0.769085158256329,0.230914841743671,0.771946011297729,0.228053988702271,0.774596669241483,0.225403330758517,-0.996750600669554,0.00324939933044553,4,97,22,22,8,0.936507936507937,5.4515873015873,0.204688838498362,0.0772486772486772,-0.0741190476190477,0.119808654055229,0.619926242547007,0.00335161636978434,-0.00988796971040852,0.00951968105194496,4,-0.180950861257231,22,-0.657221075131743
3664,13784,170,0.996750600669554,0.00324939933044566,-0.772079695343084,0.227920304656916,0.958207839081738,0.0417921609182614,0.934776276397905,0.0652237236020952,-0.721963734399433,0.278036265600567,-0.732287448906051,0.267712551093949,0.774596669241483,0.225403330758517,-0.996750600669555,0.00324939933044542,4,128,18,18,7,0.294117647058823,5.19393382352941,0.0192417729959631,0.0227118219550594,-0.0213327205882354,0.0632936507936508,0.675110877684407,0.000748009852088984,0.00436848705418908,-0.00426622315592907,4,-0.560369378919343,18,-0.714027265901168
3664,13785,170,0.996116490183504,0.00388350981649555,-0.771588515472658,0.228411484527342,0.996759975752939,0.00324002424706138,0.490840053150491,0.509159946849509,-0.763603029610082,0.236396970389918,-0.397453198413435,0.602546801586565,0.774596669241483,0.225403330758517,-0.996116490183504,0.00388350981649553,4,130,17,17,6,0.5625,4.39791666666667,0.0724131944444445,0.0500968992248062,-0.0437708333333335,0.0213095238095238,0.675379464285714,8.63067926823504e-05,0.000851674972314505,-0.000786532738095233,4,-0.585064381209623,17,1.54609241670954
3664,13789,170,NA,NA,-0.768805211034606,0.231194788965394,0.99831078107068,0.00168921892931984,-0.859253904958076,0.140746095041923,-0.762013551433289,0.237986448566711,0.733971461255501,0.266028538744499,0.774596669241483,0.225403330758517,-0.992523259604837,0.00747674039516287,4,150,13,13,5,0.5,3.85227272727273,0.0569903581267218,0.0617064499746064,-0.0387500000000001,0.0257575757575758,0.877878787878788,0.000133777165595347,-0.00257321821567633,0.00180833333333336,4,-1.55295593076267,13,9.99993725328969
3664,13804,170,0.960253790664675,0.00945520896937313,-0.930899330025124,0.0215776328066361,0.837501103920806,0.0766884264345133,0.96381379175804,0.0361862082419595,-0.850994581661554,0.0674813712337793,-0.724410038572082,0.275589961427918,0.80849148307264,0.0976628385277585,-0.850463691683637,0.067836653501408,5,98,91,91,12,0.458823529411765,7.32079477988645,0.0340351403698378,0.00387091836401663,-0.0273056964164978,0.0415505086918209,0.773549046799496,0.000392182200879618,0.000606956026786694,-0.00305588297329185,4,-1.00839859054735,91,1.23068256631127
3664,13805,170,0.987541439757388,0.0124585602426117,-0.836660026534075,0.163339973465925,-0.373454951566233,0.626545048433767,0.980833104693102,0.0191668953068982,0.270667557631326,0.729332442368674,-0.771527073950844,0.228472926049156,0.774596669241483,0.225403330758517,-0.987541439757388,0.0124585602426117,4,129,28,28,8,0.0654761904761898,5.57609126984127,0.00104753243890147,-0.00111904761904759,0.00186607142857134,0.0827500883704489,0.770663697678544,0.00165253267316348,0.00369144794171305,-0.00668089301413799,4,-1.77636388598853,28,1.30244518006061
3664,13812,170,0.985843572886086,0.0141564271139143,-0.833052161400747,0.166947838599253,0.997124786574011,0.00287521342598906,-0.99784533143104,0.00215466856895976,-0.855852835733526,0.144147164266474,0.838163780930201,0.161836219069799,0.774596669241483,0.225403330758517,-0.985843572886086,0.0141564271139143,4,135,21,21,7,0.542857142857144,4.96071428571429,0.0614115646258504,0.0332185886402754,-0.0451785714285716,0.0378231292517006,0.806450650435613,0.000292689640433866,-0.00229495137729579,0.00305450531089631,4,-1.85251076754056,21,1.0832466878327
3664,13814,170,0.983748192689883,0.0162518073101174,-0.836350324496244,0.163649675503756,0.969269321024826,0.0307306789751745,0.966860782362343,0.033139217637657,-0.884602628673008,0.115397371326992,-0.758994824910811,0.241005175089189,0.774596669241483,0.225403330758517,-0.983748192689883,0.0162518073101174,4,140,19,19,6,0.223684210526316,4.38578216374269,0.00990702801716769,0.0138888888888889,-0.0187554824561404,0.0369444444444444,0.865496861025112,0.000316885075673927,0.00247779960189794,-0.00287804795894964,4,-1.77352880267165,19,9.99995211223028
3664,13815,170,0.950586375786717,0.0494136242132832,-0.834497179245486,0.165502820754514,-0.681016545390076,0.318983454609924,0.945543857244139,0.0544561427558605,0.502499717997046,0.497500282002954,-0.92022515122255,0.07977484877745,0.774596669241483,0.225403330758517,-0.950586375786717,0.0494136242132832,4,147,8,8,4,0.5,3.22321428571429,0.0445365646258503,-0.0546471600688468,0.0225892857142857,0.0703933747412008,0.826889233954451,0.000947039758982777,0.01106413230562,-0.00603234989648034,4,-0.385694607919935,8,9.55904857363267
3664,13822,170,0.999419869421806,0.000580130578194282,-0.829288428862728,0.170711571137272,0.998569550507746,0.00143044949225368,0.992474572388587,0.00752542761141317,-0.803467253753707,0.196532746246293,-0.766629736506877,0.233370263493122,0.774596669241483,0.225403330758517,-0.994134846772434,0.00586515322756574,4,142,11,11,5,0.636363636363636,3.46818181818182,0.0977134986225895,0.0716108452950558,-0.0535000000000001,0.381746031746032,0.747709235209235,0.0357091334391118,0.0430261259208628,-0.0308591269841271,4,-1.51969208786695,11,9.99992460591587
3664,13832,170,0.906945077906276,0.033595890908888,-0.936371311762889,0.0190820175728585,0.897341650866847,0.0388706779695698,0.96296374792141,0.0370362520785896,-0.870322750917316,0.0549536087166135,-0.734269610885042,0.265730389114958,0.82146106633746,0.0880940197648719,-0.87116709631807,0.0544249673645212,5,116,63,63,11,0.879310344827586,6.61367597418862,0.128372630785505,0.012050777148662,-0.0542349503214496,0.0746850592088687,0.845117756108952,0.00129784154494894,0.00167899428930386,-0.0056347507442771,4,-0.464476277839859,63,1.07324802938523
3664,13833,170,0.96295344552163,0.0370465544783705,-0.89360360708728,0.10639639291272,-0.912755932761419,0.0872440672385813,0.961803038775033,0.0381969612249669,0.655814213299328,0.344185786700672,-0.769802834153998,0.230197165846002,0.849668249839101,0.150331750160899,-0.992984570755665,0.00701542924433509,4,121,44,44,10,1.18548387096774,6.43838512981904,0.301671787430388,-0.0286785494287731,0.0767284618410702,0.393910735025718,0.757019420671494,0.0385326754516435,0.0108003018936755,-0.0321886236398573,4,-0.0247598970709054,44,1.54014627442227
3664,13834,170,0.968761028437254,0.0312389715627464,-0.902653948858425,0.0973460511415747,-0.797638171889641,0.202361828110359,0.964020417577844,0.035979582422156,0.472130978448397,0.527869021551603,-0.761893177700703,0.238106822299297,0.865265079315856,0.134734920684144,-0.996474194848484,0.00352580515151633,4,124,31,31,9,0.858695652173913,5.74544513457557,0.133088508245138,-0.0245129188383759,0.0366894409937888,0.340980695423039,0.745764517358612,0.0284625269477034,0.0137006691469478,-0.0273803585612302,4,0.00247410584962624,31,1.17766112011361
3664,13839,170,0.95044501414183,0.0495549858581703,-0.927081201353659,0.0729187986463406,-0.50784270374297,0.49215729625703,0.951889133942864,0.0481108660571361,0.162587359507075,0.837412640492925,-0.775199405357434,0.224800594642566,0.879210442487247,0.120789557512754,-0.993542071823068,0.00645792817693194,4,129,26,26,8,0.416666666666667,5.05083333333333,0.0314472222222223,-0.00951053283767038,0.0061416666666666,0.315755647675054,0.786921137329253,0.0243584387471038,0.0156890114879909,-0.0257719021825769,4,-0.0384478864474959,26,5.30830951696514
3664,13840,170,0.989100491961172,0.0108995080388281,-0.846801730472787,0.153198269527213,-0.986895588490637,0.013104411509363,0.989510756987535,0.010489243012465,0.804114220510495,0.195885779489505,-0.782309738282094,0.217690261717906,0.774596669241483,0.225403330758517,-0.989100491961172,0.0108995080388283,4,137,11,11,5,1.11111111111111,3.87222222222222,0.282592592592593,-0.16386630532972,0.0910555555555558,0.693602693602694,0.646548821548822,0.118025777792893,0.106181051709507,-0.0572500000000001,4,0.219942959691286,11,9.99994083648797
3664,13850,170,0.921550050379734,0.0784499496202655,-0.948575950576557,0.0514240494234428,0.988814142035116,0.0111858579648842,-0.502494329453865,0.664831542515177,-0.924622566937735,0.0753774330622649,0.779522597163882,0.430923493233255,0.899487159516931,0.100512840483069,-0.99002240434186,0.00997759565814002,4,131,15,15,7,1.46666666666667,3.93809523809524,0.428027210884354,0.101134710503346,-0.128857142857143,0.013092890015967,0.801908727549753,4.93147501614238e-05,-0.00109773968334758,0.00150539275539271,3,0.358817781383645,15,1.35646562185974
3664,13854,170,0.891905938535311,0.108094061464689,-0.96553511822001,0.0344648817799903,0.962105142483564,0.0378948575164357,0.789203043753643,0.420987811669421,-0.896802831813624,0.103197168186376,-0.544704779401921,0.633283426679078,0.865639273689989,0.134360726310011,-0.953321476577084,0.0466785234229164,4,134,11,11,6,2,3.325,0.8225,0.191935483870968,-0.173250000000001,0.0425925925925925,0.727497194163861,0.000454781636038649,0.00636123136123137,-0.00319444444444447,3,0.101117843756376,11,0.570809908432815
3664,13856,170,NA,NA,-0.960768922830523,0.178912375022067,0.998434384572422,0.0356282379924151,0.888738107788222,0.303165512049896,-0.974778443463182,0.14328413702965,-0.726730429548411,0.482077887071963,0.866025403784439,0.333333333333333,-0.970725343394151,0.154420958311267,3,142,9,9,5,0.644444444444445,3.16481481481481,0.109269547325103,0.158547008547009,-0.0886111111111116,0.0920918367346939,0.771834845049131,0.00230896618221489,0.0205150008721438,-0.00960317460317465,3,-0.634815680686523,9,9.99994847686742
3664,13864,170,NA,NA,-0.59603956067927,0.59348027162634,0.35280053063445,0.770458843773264,-0.654224388494224,0.545990387591773,0.541040823977414,0.636060884600397,-0.217331704414071,0.860529340781888,NA,NA,NA,NA,3,136,13,13,5,0.0629370629370634,4.12325174825175,0.000992560760917417,0.00441663599558348,0.00468749999999968,0.0382284382284382,0.824995919113566,0.00040144332986439,-0.00520862006930117,-0.00119747899159669,3,0.31973447012271,13,2.34318462667885
3664,13866,170,0.654653670707977,0.54562894834299,-0.5,0.666666666666667,0.828026388224393,0.378927434159901,-0.846693293454655,0.357179836712419,-0.899584224243783,0.287739232506766,-0.0374492409650244,0.976153496620914,NA,NA,NA,NA,3,137,11,11,4,0.126984126984127,3.50986050986051,0.00498144365388233,0.0292207792207793,-0.0174603174603177,0.0454239363330272,0.785564155261125,0.000659880011496662,-0.0108749836022563,-0.000264550264550318,3,0.67546207964015,11,9.99993067683054
3664,13876,170,0.963873620630361,0.00819790734145309,-0.843058517275879,0.0728522533951509,0.280799783239857,0.647230199855884,-0.401268085694579,0.598731914305421,0.195202447643671,0.753048062155672,-0.346512682383622,0.653487317616377,0.802859531410763,0.101910481445822,-0.977784720017842,0.00396149433080732,5,126,19,19,8,0.395424836601307,5.04313725490196,0.0211959075569225,0.00558915154846986,0.00494281045751627,0.026180926916221,0.810366870577432,0.000133560425209131,-0.00137750976261514,-0.000853034016636966,4,-0.590743160449316,19,-0.130070292318867
3664,13881,170,0.934690435056592,0.0198380120774126,-0.781094298563944,0.118827884104978,0.977010105821684,0.00416999919502281,-0.949830268826168,0.0501697311738316,-0.648296170570182,0.236724981204188,0.184211974477548,0.815788025522452,0.785853684292935,0.115062175599905,-0.975394473254451,0.00461608113769818,5,133,14,14,7,0.785714285714286,4.48449328449328,0.0926247575514975,0.0564966521645222,-0.0343162393162394,0.0457875457875457,0.847117972117972,0.000377766346594815,-0.0085458299744014,0.000762672012671984,4,-0.916955017301038,14,-0.740486248684878
3664,13882,170,0.922531208028885,0.0255806738300706,-0.782793687664132,0.11747912728626,0.959686090441504,0.0096576721518149,-0.885257810130071,0.114742189869929,-0.642272646715166,0.242583926670373,0.020858043443465,0.979141956556535,0.792183072402794,0.1101111351903,-0.970884239267918,0.00593772682571019,5,135,13,13,6,1.07692307692308,3.75402097902098,0.188017904298499,0.0858410206814462,-0.0484375000000002,0.0400313971742543,0.862558631844346,0.000308575447785217,-0.00719858372919597,7.80481423338583e-05,4,-0.664280335126943,13,8.57662553112172
3664,13894,170,0.996354362025077,0.000264092782370717,-0.884707137513185,0.0461722064491333,-0.953951387467412,0.0117797464360075,0.975599772215945,0.00455857114814839,0.837638099322345,0.0765931310957821,-0.86253154993449,0.059906530469758,0.776565505130172,0.122444652083235,-0.924422922673076,0.0246566097901248,5,89,71,71,14,3.01538461538462,8.7926775526264,1.61027399320406,-0.0431425695327249,0.184871089907535,0.389078336648669,0.585897002298324,0.0273794899702733,0.0057532631846358,-0.0248227764530603,5,-0.47081523174018,71,-0.166362870862701
3664,13895,170,0.963262893252404,0.00840588618805493,-0.849023250726648,0.0688035445095326,-0.93942374720595,0.0177337850253634,0.923764574009119,0.0249769545296732,0.761877395166862,0.134393923600955,-0.730592330043794,0.160904808868161,0.774018823059884,0.124492643530046,-0.95531832097338,0.0112614870431766,5,112,59,59,13,2.53703703703704,8.0536865038413,1.19412688270714,-0.0448158089342998,0.144801484921454,0.387274392154028,0.730465089279705,0.0291546963380679,0.00688588923258312,-0.021696618827288,5,-1.0106057199734,59,0.0152230702407622
3664,13896,170,0.9867955909796,0.00181781736693321,-0.851478337604781,0.0671581383204038,-0.957610109161847,0.0104098968783132,0.929905986380116,0.0220412173279361,0.796145749663063,0.107045022660182,-0.747007686794489,0.146820089540079,0.765266188915493,0.131607800650824,-0.944104670784407,0.0157297565538045,5,117,57,57,12,2.32692307692308,7.24791083916084,0.986885598394176,-0.0430505560894154,0.13755889423077,0.407908591593386,0.784391629153542,0.0319756267117275,0.00752497764421486,-0.0232325720619933,5,-1.02888103701347,57,0.875721292555816
3664,13897,170,0.94570012487912,0.015064781006658,-0.781094298563944,0.118827884104978,-0.986905914760089,0.00179511286402532,0.989621681990076,0.00126720557851989,0.869880359565875,0.055231229041508,-0.835441454723282,0.0781255417391589,0.778445045124698,0.120939686425023,-0.972267148514557,0.00552091076772395,5,121,30,30,11,1.80769230769231,6.71846153846154,0.615261834319527,-0.0735420716467648,0.118673076923077,0.317760334903192,0.738139642338613,0.0187796342345274,0.0128837677190932,-0.0199123389102444,5,-1.33307364629314,30,-0.357273636052854
3664,13898,170,0.980196058819607,0.0198039411803932,-0.650791373455967,0.349208626544033,-0.951719937345721,0.0482800626542787,0.965522262429168,0.0344777375708323,0.831261246939556,0.168738753060444,-0.808044595102595,0.191955404897405,0.774596669241483,0.225403330758517,-0.980196058819607,0.0198039411803931,4,124,9,9,4,0.625,3.56597222222222,0.0847961676954732,-0.116421568627451,0.0515625000000001,0.37008281573499,0.587991718426501,0.0314643264363086,0.0719461697722567,-0.0305318322981367,4,0.175982169545155,9,5.85923652915743
3664,13906,170,0.886421001047604,0.0451585586880632,-0.728253527889158,0.16294184744588,-0.966478611899277,0.00733028744229992,0.967189113133368,0.00709923844122606,0.847294952796267,0.0699692587502643,-0.854398840493705,0.0652170488337662,0.864227284734082,0.0588171590876496,-0.971190284695146,0.00584462403077214,5,122,21,21,10,1.04761904761905,6.29902882205514,0.189415743501925,-0.0624958505535361,0.0641365131578948,0.192857142857143,0.644910043695841,0.00661393653656275,0.0116867111486424,-0.0120851863497592,5,-1.10038072740788,21,-0.91491371550477
3664,13907,170,0.924793990422386,0.0244766416110589,-0.7211102550928,0.169209070466132,-0.916826898664014,0.0284324611845441,0.916366762091454,0.0286666970440306,0.914548585952476,0.0295982706331062,-0.918733427949243,0.027468546337515,0.849680237202715,0.0683620164967671,-0.974847955846767,0.00477033048823996,5,130,18,18,9,0.5625,5.64004901960784,0.0527867767204921,-0.0369494720965309,0.036545343137255,0.125833333333333,0.699420401493931,0.0028263627438993,0.00854558105293399,-0.00849505427170869,5,-1.17704381505068,18,-0.973986571920966
3664,13910,170,0.967827026965864,0.00689387820673648,-0.628587266192623,0.256038314000583,0.518505585876477,0.370724851412816,0.547211409137875,0.339798670019106,-0.782986310039039,0.117326539758533,-0.215690836643186,0.727518393469982,0.707106781186548,0.181690113816209,-0.98772959664959,0.00162862521593668,5,140,15,15,8,0.142857142857143,5.05728937728938,0.00358985093051028,0.00686143125167515,-0.00815934065934063,0.0118437118437119,0.827636141636142,2.60290625125794e-05,0.000616605616605619,-0.000191391941391947,5,-0.985195251377061,15,-1.11881037120091
3664,13914,170,0.993956525005142,0.00056346878638136,-0.696873147644569,0.190969656102385,0.991865453849554,0.000879636457232769,-0.996021331482249,0.000301079465915966,-0.706462205283002,0.182270700360113,0.713669973805821,0.175808758010183,0.707106781186547,0.181690113816209,-0.985527456652575,0.00208548031497524,5,143,11,11,7,0.727272727272728,4.57090909090909,0.10204132231405,0.107419017763845,-0.0392500000000001,0.100112233445567,0.836333707444818,0.00187766624412923,-0.014632489217419,0.0053786008230453,5,-0.977824444350059,11,-1.40630163621432
3664,13915,170,0.996381794577109,0.000261118620386691,-0.692934867183586,0.194575496622165,0.977657800837829,0.00399541505186929,-0.985362581182091,0.0021211665172349,-0.707062145960858,0.181730300906459,0.714555047959104,0.17501988525848,0.707106781186548,0.181690113816209,-0.979957887012223,0.003395777063859,5,144,10,10,6,1.11111111111111,3.88444444444444,0.244481481481481,0.192592592592593,-0.0608055555555557,0.147008547008547,0.832649572649573,0.00421422766454817,-0.0254850088183421,0.00806784188034191,5,-0.684167824708405,10,-0.914907604103013
3664,13916,170,0.939060283031685,0.0178926357656639,-0.692934867183586,0.194575496622165,0.961743354310394,0.00893071414274882,-0.976468996594401,0.00431773178885597,-0.70501412557316,0.183576948210861,0.716886448383541,0.17294677471742,NA,NA,NA,NA,5,145,9,9,5,0.833333333333333,3.31111111111111,0.130555555555556,0.138447971781305,-0.0443055555555557,0.154761904761905,0.811555555555556,0.00463657596371882,-0.0264902998236332,0.0084900793650794,5,-0.410545522308392,9,9.99994847686742
3664,13926,170,0.618789541007841,0.381210458992159,-0.806017635992042,0.193982364007958,0.997528994128985,0.00247100587101468,-0.957955593156177,0.0420444068438226,-0.762859161588819,0.237140838411181,0.609678670358831,0.390321329641169,0.774596669241483,0.225403330758517,-0.993265916664845,0.00673408333515544,4,121,27,27,7,0.555555555555555,5.05068376068376,0.0664956972751844,0.0364997418688694,-0.041903418803419,0.0344100344100343,0.784184228469943,0.000241402377978726,-0.00211195005058859,0.00201780917495203,4,0.290561900180399,27,4.93732966615849
3664,13927,170,NA,NA,-0.77234329233835,0.22765670766165,0.923267376665621,0.0767326233343795,0.977469497471915,0.0225305025280851,-0.690398297222119,0.309601702777881,-0.769489630908114,0.230510369091886,0.774596669241483,0.225403330758517,-0.997090902927147,0.00290909707285337,4,128,19,19,6,0.184210526315789,4.6016081871345,0.00577599375306361,0.0113455388653187,-0.0111769005847954,0.120230314347961,0.676310056186217,0.00333610314658397,0.00912866414259266,-0.00946740216554461,4,0.429453929116397,19,4.45921190985015
3664,13928,170,NA,NA,-0.768273325346535,0.231726674653465,0.999701398848299,0.000298601151700773,-0.999976446744058,2.35532559420336e-05,-0.770457524074297,0.229542475925703,0.764175387239163,0.235824612760837,NA,NA,NA,NA,4,137,14,14,5,0.642857142857143,3.94917582417582,0.0906366984663688,0.0814124899490753,-0.0494093406593407,0.153779553779554,0.645684870684871,0.00505832195004134,-0.0192380789941766,0.0115772283272284,4,0.546666666666666,14,9.99994296546998
3664,13932,170,NA,NA,-0.766153946618235,0.233846053381765,0.999383310791224,0.000616689208775778,-0.994877832598828,0.00512216740117231,-0.769686339758848,0.230313660241152,0.744268418451457,0.255731581548543,NA,NA,NA,NA,4,159,10,10,4,0.5,3.34722222222222,0.0542695473251029,0.0727190605239386,-0.0381944444444445,0.143434343434343,0.835984848484848,0.00477763748597082,-0.0214790178204812,0.0109583333333334,4,-0.760186471898228,10,9.99992192011833
3664,13945,170,NA,NA,-0.943879807448538,0.0561201925514616,0.997241374054808,0.00275862594519172,-0.936350405368738,0.0636495946312616,-0.934198732993827,0.0658012670061729,0.917275149093545,0.0827248509064547,NA,NA,NA,NA,4,133,8,8,4,0.291666666666667,3.02083333333333,0.0190972222222222,0.143939393939394,-0.0275,0.0328828828828829,0.833108108108108,0.00032417552687823,-0.0176085176085175,0.00351801801801802,4,-0.165405095014397,8,9.99992830104803
3664,13953,170,NA,NA,-0.720576692122892,0.487754291644599,-0.936088417502903,0.228836624723299,-0.990694874006828,0.0869147708486414,0.918428499996663,0.258917666921301,0.619502101199532,0.574669062493242,0.866025403784439,0.333333333333333,-0.970725343394151,0.154420958311266,3,134,12,12,7,0.238636363636363,4.7260101010101,0.0168780609121518,-0.0584207459207457,0.0328124999999998,0.0526695526695526,0.657960557960558,0.000708207270256332,-0.0126651126651126,0.0045337301587301,3,0.0371337327122143,12,-1.19174860778277
3664,13956,170,NA,NA,-0.720576692122892,0.487754291644599,-0.980080804617359,0.127278357866943,0.960624749959011,0.179243007013582,0.843927108143879,0.360475933777656,-0.884857451878011,0.308511284631018,0.866025403784439,0.333333333333333,-0.970725343394151,0.154420958311266,3,150,9,9,6,0.866666666666667,4.63611111111111,0.238912037037037,-0.230128205128205,0.1134375,0.162142857142857,0.625714285714286,0.00839438775510204,0.0422802197802198,-0.0222946428571429,3,-0.667878997388947,9,-1.49293782470114
3664,13957,170,NA,NA,-0.654653670707977,0.54562894834299,-0.994643350024282,0.0659228249290024,0.969755967205858,0.156969638895015,0.729284550555317,0.479706123413988,-0.819358835612505,0.388659309447976,0.866025403784439,0.333333333333333,-0.944911182523068,0.212295615009657,3,154,8,8,5,0.45,3.93571428571429,0.0552551020408164,-0.153061224489796,0.047142857142857,0.0776785714285714,0.699305555555556,0.00183711852796674,0.0272108843537415,-0.00965773809523817,3,-0.716534871602368,8,-1.16575081737574
3664,13964,170,0.94402860926749,0.0157616914949759,-0.946469749242992,0.0147473685937642,-0.792208414099489,0.110091444282087,0.870549926026846,0.0548112172638673,0.778083397155557,0.121228829081765,-0.842999526917239,0.0728926520517403,0.920142602454939,0.0267630000387329,-0.960961670476753,0.00920473131849416,5,40,1501,1501,21,2.32386232386233,13.9957898902527,1.01046331680657,-0.00118373593132666,0.136034515374919,0.101871161635911,0.87712206241469,0.0018870365735643,5.62132824256534e-05,-0.00636913096522787,5,-1.79325408913134,1501,0.344961364295101
3664,13965,170,0.953214210059204,0.0120623881946249,-0.940722592615483,0.0171699071799669,-0.634777804850784,0.249927970473186,0.810747235075513,0.0959770398704465,0.650905002783819,0.234199599761272,-0.79343815376458,0.109137193958236,0.819588037957494,0.0894572043762909,-0.834131409858392,0.0790438987898072,5,43,797,797,19,2.99615384615385,12.4895827198998,1.60769665305484,-0.00222832709683346,0.143543110462818,0.129652863178264,0.835836353917845,0.00312567095220667,0.000125490907243251,-0.00771520372288899,5,-0.930157085204861,797,0.400611031210345
3664,13966,170,0.950450315484237,0.0131413729750078,-0.937784236904152,0.0184539557333365,-0.692554587141215,0.194924684412429,0.947949498749607,0.0141433110619187,0.698444327265071,0.189536446550115,-0.872219620425334,0.0537682420739978,0.817564710044368,0.0909369545672656,-0.830294777528198,0.0817523717660051,5,46,640,640,18,2.21868686868687,12.0023583909028,0.954893725664391,-0.00232688732939846,0.118705817632031,0.0784688335622121,0.808491219898268,0.00119009479852198,0.000112439732702112,-0.00523334444549692,5,-1.09731273144348,640,0.409153821062788
3664,13967,170,0.95881491308942,0.00997108778597511,-0.939842142042935,0.0175514979083761,-0.823318123422057,0.0867488112959871,0.726973546908572,0.1640598159286,0.83390794592906,0.0792008800593376,-0.767060942300182,0.130139259540361,0.798394660705438,0.105316611014223,-0.762307290923471,0.134039525162314,5,66,397,397,17,5.92146596858639,12.6060899309172,6.5127814821046,-0.011282055151095,0.370138324736665,0.73302789678475,0.664427651541744,0.102274560933316,0.00124835961148488,-0.0426654539704778,5,-1.39010589808667,397,0.326900838338729
3664,13968,170,0.948943411881379,0.0137422317334215,-0.937252600618695,0.0186894733025796,-0.885521006087488,0.0456899629532424,0.809565397050368,0.0968591523782132,0.875146765340314,0.0519551067261348,-0.824812340180048,0.0856710580279531,0.791740232937587,0.110455399866931,-0.750105870993759,0.144204459658704,5,77,304,304,16,5.3481228668942,12.1830537449962,5.37969866514287,-0.0144252067386419,0.35303889608097,0.730681583388507,0.653112540372159,0.0993220974272667,0.00179192191664228,-0.0452106530680139,5,-1.42039368185164,304,0.378843553470242
3664,13975,170,0.940891929042135,0.0170968293078131,-0.939389412925542,0.0177487710082291,-0.878453966010168,0.0499303133434789,0.805210182565658,0.100130934791671,0.875808954289488,0.051547659691888,-0.82362495018295,0.086527165140856,0.845639361473436,0.0710916236658015,-0.824900181125186,0.0856078286721624,5,83,297,297,15,5.20070422535211,11.2893999914515,5.00073806863256,-0.0141467855468295,0.340634886240521,0.77272177308475,0.692678199355499,0.110862908416066,0.00193074136243805,-0.0476963689018981,5,-1.61372338612244,297,0.599627322744562
3664,13976,170,0.984183333841679,0.0158166661583214,-0.85009708999349,0.14990291000651,0.997516193923856,0.00248380607614429,0.978963400422177,0.021036599577823,-0.877889518530825,0.122110481469175,-0.752887348476379,0.247112651523621,0.803955371362694,0.196044628637306,-0.992428534516557,0.00757146548344279,4,95,108,108,12,0.96078431372549,7.65772099537489,0.199963988702619,0.00947498020428358,-0.0836226793042801,0.0806839945280438,0.812625114373255,0.00156422061299128,0.000822428058823114,-0.0063428920569332,4,-1.954032965151,108,0.484091783160739
3664,13977,170,0.981288125151217,0.0187118748487833,-0.861449515082798,0.138550484917202,0.996193567909992,0.00380643209000753,-0.991574136931293,0.00842586306870726,-0.881022210629935,0.118977789370064,0.884974464433276,0.115025535566724,0.795464529245029,0.20453547075497,-0.988063950426655,0.0119360495733451,4,104,78,78,10,1.14864864864865,6.77590533156107,0.277914000698549,0.0158566751392145,-0.0989350982129673,0.0111602885575488,0.848657881029877,2.53704661202979e-05,-0.000150800435652366,0.000949518174136415,4,-1.35453851904145,78,1.35653466793641
3664,13978,170,0.98057047719092,0.0194295228090795,-0.830202125643373,0.169797874356627,0.993470747758961,0.00652925224103873,0.810282006993092,0.398627850914123,-0.873909183401994,0.126090816598006,-0.943173431579782,0.215649882930897,0.774596669241483,0.225403330758517,-0.98057047719092,0.0194295228090795,4,117,33,33,8,0.533333333333333,5.36789044289044,0.062482032989026,0.0169888613726368,-0.0465320512820516,0.00524431543299475,0.80042694726657,7.72919924428139e-06,0.000641450594280786,-0.000721093372036822,3,-0.820324643209431,33,5.55608475443077
3664,13979,170,0.949919690205638,0.0500803097943618,-0.878218427063451,0.121781572936549,-0.319572346107381,0.680427653892619,-0.99574085393843,0.0587774379753804,0.313112145542574,0.686887854457426,0.653581040936254,0.546531729619981,0.774596669241483,0.225403330758517,-0.949919690205638,0.0500803097943619,4,123,13,13,5,0.111111111111111,3.95138888888889,0.00327932098765433,-0.00336463223787167,0.00381944444444444,0.00541007455901077,0.765909228675186,7.58411020185369e-06,-0.00131730880503384,0.000494976359338035,3,-0.50206953281431,13,9.99993220001081
3664,13984,170,0.904534033733291,0.0954659662667092,-0.934198732993827,0.065801267006173,0.870388279778489,0.129611720221511,NA,NA,-0.894427190999916,0.105572809000084,-0.866025403784439,0.333333333333333,0.774596669241483,0.225403330758517,-0.904534033733291,0.0954659662667092,4,135,8,8,4,0.125,3.0625,0.00520833333333333,0.018939393939394,-0.0137500000000001,0.0114285714285715,0.796190476190476,4.35374149659866e-05,0.00380952380952386,-0.00157142857142861,3,-0.206044360080849,8,9.99995434071618
3664,13991,170,NA,NA,-0.327326835353988,0.787704384990343,0.437767802831521,0.711538392383701,-0.643949692932016,0.554589192683981,-0.992851517357065,0.0761659926066433,0.933703168301927,0.233115192306363,NA,NA,NA,NA,3,130,20,20,7,0.238562091503268,4.83344226579521,0.0144335867971008,0.0344304388422035,-0.0328022875816996,0.0299632352941177,0.776370614035088,0.000257454064835361,-0.00676415302963296,0.00411994485294114,3,-0.453323022849463,20,2.67419041502205
3664,13992,170,NA,NA,-0.654653670707977,0.54562894834299,0.864408197181942,0.335386692676151,-0.988446937625031,0.096864064297343,-0.945962028639177,0.210242255666839,0.532516294032309,0.642493012640333,NA,NA,NA,NA,3,135,16,16,6,0.102564102564102,4.29220085470085,0.00293889025860178,0.0306776556776558,-0.0141025641025644,0.0241758241758242,0.768965637537066,0.000146328503090109,-0.00782761456230844,0.00177145473574046,3,-0.340258669147177,16,9.99995582241019
3664,13993,170,NA,NA,-0.5,0.666666666666667,0.637413102754423,0.560008995089144,-0.786371562861363,0.423914337830658,-0.985998393323248,0.106657671577523,0.928176270918329,0.242752328836009,NA,NA,NA,NA,3,152,9,9,5,0.196428571428572,3.53637566137566,0.00992194717393132,0.0634920634920635,-0.0270089285714288,0.0476190476190476,0.756393298059965,0.0006580221251738,-0.0201719576719577,0.00654761904761904,3,-0.276409327632257,9,1.6875862797355
3664,14010,170,0.97817860005252,0.0218213999474797,-0.882817646436195,0.117182353563805,0.999456003974301,0.000543996025698545,-0.997242387020784,0.00275761297921574,-0.872291508856384,0.127708491143616,0.856201940231262,0.143798059768738,0.803825596143581,0.196174403856419,-0.987947944650223,0.0120520553497769,4,112,45,45,9,1.56818181818182,6.07537878787879,0.530994183486067,0.0392149326070563,-0.13539880952381,0.0448834779227723,0.833821865864076,0.000439361511748295,-0.00112552370006241,0.0038229228319724,4,-0.929900888735692,45,0.111576470252975
3664,14011,170,0.974731734960824,0.0252682650391758,-0.890758598954896,0.109241401045104,0.993613325060931,0.0063866749390693,-0.977231100473692,0.0227688995263079,-0.840237916299761,0.159762083700239,0.78274905044189,0.21725094955811,0.81003591126976,0.18996408873024,-0.987216685597341,0.0127833144026588,4,117,36,36,8,2,5.41245791245791,0.898219002596107,0.0618806513013063,-0.16962962962963,0.162866656096401,0.860086084066384,0.00651322940378725,-0.00518252990769634,0.0134564051914912,4,-0.478125300031979,36,0.387984347673497
3664,14012,170,0.95584738016189,0.0441526198381097,-0.90135189197151,0.0986481080284901,0.971950620863498,0.0280493791365022,-0.954329495185095,0.0456705048149054,-0.81275841882119,0.18724158117881,0.771780745698783,0.228219254301217,0.811335409245748,0.188664590754251,-0.974210116449697,0.0257898835503034,4,118,20,20,7,2.31578947368421,4.68045112781955,1.2603124352234,0.136039580817328,-0.19436090225564,0.327345731191885,0.755376792573149,0.0265964817449796,-0.0194040513338409,0.0268110828105768,4,0.148058046674894,20,-0.185951429123019
3664,14013,170,0.95584738016189,0.0441526198381097,-0.90135189197151,0.0986481080284901,0.980779159433621,0.0192208405663785,NA,NA,-0.860635636082292,0.139364363917708,-0.866025403784438,0.333333333333333,0.821544251860116,0.178455748139883,-0.978760915185439,0.0212390848145606,4,124,19,19,6,0.555555555555555,4.3792735042735,0.0654220542041055,0.0312762942296621,-0.0468910256410257,0.0203783854678996,0.712303539029882,0.000138426198092767,0.00407567709357994,-0.00280202800183623,3,-0.0649341237703839,19,9.99992115162931
3664,14014,170,NA,NA,-0.866025403784439,0.333333333333333,NA,NA,NA,NA,-0.866025403784439,0.333333333333333,0.866025403784438,0.333333333333333,0.866025403784439,0.333333333333333,-1,0,3,133,8,8,5,0.1,3.46666666666667,0.00333333333333334,0.0333333333333334,-0.0137500000000001,0.0555984555984556,0.833204633204633,0.00103039608831114,-0.0185328185328184,0.00764478764478758,3,-1.08550446409178,8,-0.380754042579203
3664,14021,170,0.975342893301088,0.0246571066989119,-0.876376933562473,0.123623066437527,0.979660313372622,0.0203396866273784,NA,NA,-0.858116330321032,0.141883669678968,0.866025403784438,0.333333333333333,0.774596669241483,0.225403330758517,-0.975342893301088,0.0246571066989118,4,156,11,11,5,0.6,3.4,0.0733333333333333,0.0621004566210046,-0.0495000000000002,0.0277210884353741,0.861621315192744,0.000256152914680611,-0.013860544217687,0.00381164965986391,3,-1.41482538493721,11,9.99994852375452
3664,14031,170,NA,NA,-0.981980506061966,0.121037718323677,0.998568284124075,0.0340702539207978,-0.896709049932005,0.291902192103975,-0.990683605362842,0.0869674644028792,0.796903400447189,0.412939910427651,0.866025403784439,0.333333333333333,-0.755928946018455,0.45437105165701,3,131,16,16,6,0.317307692307693,4.45375457875458,0.0256466861892686,0.104689952904239,-0.043629807692308,0.0149220437681976,0.798804827650981,6.55374518136512e-05,-0.00475234472487212,0.00177412064431293,3,-0.543416145518671,16,0.0338672602586254
3664,14032,170,NA,NA,-1,9.48637384723993e-09,0.997405961908059,0.0458645589390296,-0.982216755143753,0.120239269943752,-0.997405961908059,0.0458645589390305,0.982216755143753,0.120239269943752,0.866025403784439,0.333333333333333,-0.866025403784439,0.333333333333333,3,137,9,9,5,0.317460317460317,3.73677248677249,0.0253264886201394,0.15873015873016,-0.043650793650794,0.0355940355940356,0.811006894340228,0.000328306735633977,-0.0177970177970176,0.00489417989417985,3,-1.05185926866563,9,-0.968867636566958
3664,14033,170,NA,NA,-1,9.48637384723993e-09,0.996615895540124,0.0523889328216467,-0.933256525257382,0.233908049281922,-0.996615895540124,0.0523889328216474,0.933256525257383,0.233908049281922,0.866025403784439,0.333333333333333,-0.866025403784439,0.333333333333333,3,140,8,8,4,0.25,3.13095238095238,0.0157312925170068,0.125000000000001,-0.0343750000000003,0.0285714285714286,0.822222222222222,0.000234315948601663,-0.014285714285714,0.00392857142857137,3,-0.856495537775255,8,9.99991873048828
3664,14046,170,0.990147542976674,0.00985245702332582,-0.843661487732106,0.156338512267894,-0.509273975496729,0.490726024503271,0.962010303965481,0.0379896960345192,0.0562722055248355,0.943727794475165,-0.693161312996897,0.306838687003103,0.774596669241483,0.225403330758517,-0.990147542976674,0.00985245702332571,4,137,9,9,6,0.375,3.85069444444444,0.0253825874485597,-0.0241013071895425,0.00190972222222215,0.29978354978355,0.720147907647908,0.0190270546286059,0.0394172820643409,-0.0203670634920635,4,-1.28021162271782,9,-1.03491775752969
3664,14054,170,NA,NA,-0.59603956067927,0.59348027162634,0.969853225236246,0.156715761672337,-0.999530606280741,0.0195065626671472,-0.382398925493751,0.750196033298677,0.571160417742729,0.61298683429349,0.866025403784439,0.333333333333333,-0.917662935482247,0.260146938293006,3,120,30,30,11,0.166666666666666,6.47698412698413,0.0070653817082388,0.0323934837092731,-0.0088392857142858,0.0069747126436781,0.790075801252813,1.22485334819993e-05,-0.00139002295009553,0.000549708994708966,3,-1.5999097025595,30,-0.506620988316789
3664,14055,170,NA,NA,-0.59603956067927,0.59348027162634,0.757513473506148,0.452828012709984,0.982620319287421,0.118863091892355,0.0726767517076754,0.953691715663677,-0.734730561708356,0.474617179733983,0.866025403784439,0.333333333333333,-0.917662935482247,0.260146938293006,3,122,26,26,10,0.073717948717948,6.06822344322344,0.00167698982946233,0.0123264893001735,0.000818452380952013,0.00493284493284496,0.75092539505583,6.67225147907252e-06,0.00100856936097212,-0.000521911663216044,3,-1.22888315601372,26,-0.555499073959371
3664,14056,170,NA,NA,-0.654653670707977,0.54562894834299,0.996363721759783,0.0543069438659418,-0.958710110001705,0.183578897349779,-0.587866717552171,0.599935892208931,0.412648110750243,0.729207845692768,NA,NA,NA,NA,3,133,19,19,9,0.164473684210527,5.71223196881092,0.00683775207186259,0.0539369256474523,-0.0133680555555561,0.0137071281808124,0.767635514771738,4.74275933880589e-05,-0.00432229553746581,0.000781498410174851,3,-1.38169229530197,19,-0.737876485883112
3664,14057,170,0.944911182523068,0.212295615009657,-0.654653670707977,0.54562894834299,0.990536064687909,0.0876544783360869,-0.888718891950573,0.303192196773315,-0.544704779401922,0.633283426679077,0.235245539763495,0.848821145116305,NA,NA,NA,NA,3,138,18,18,8,0.122222222222222,4.9962962962963,0.00374485596707816,0.0396825396825397,-0.00916666666666715,0.0111286181139122,0.853118921179583,3.36413757771739e-05,-0.00337452689409092,0.000375224308473334,3,-1.46087113567678,18,0.215265674509492
3664,14058,170,0.944911182523068,0.212295615009657,-0.654653670707977,0.54562894834299,0.910200159491609,0.27185525828505,-0.672118021560838,0.530769489576655,-0.282783805317369,0.817484206628039,-0.119718547021939,0.923601562080355,NA,NA,NA,NA,3,139,16,16,7,0.052884615384615,4.4073717948718,0.000739953155818528,0.0162087912087912,-0.00211538461538494,0.00898617511520738,0.842697624955689,2.38692537522742e-05,-0.00214969362434801,-0.000160847217298858,3,-1.39773618175778,16,3.76513301772657
3664,14059,170,NA,NA,-0.654653670707977,0.54562894834299,-0.917662935482248,0.260146938293005,0.845074176399764,0.359112398491586,0.901127113779165,0.285482010049985,-0.957387625464557,0.186516549851404,NA,NA,NA,NA,3,141,12,12,6,0.0909090909090908,3.94191919191919,0.00254438322620141,-0.0303030303030303,0.0124999999999998,0.0301985370950888,0.770602577499129,0.00024873459853462,0.00872518286311391,-0.00415229885057475,3,-0.480927123663073,12,9.99991984641845
3664,14083,170,0.928279237149462,0.0228072555730008,-0.952151428199309,0.0124737056504313,-0.937868035422353,0.0184169211227545,0.880604213795821,0.0486275587374643,0.926851649522856,0.0234864411754412,-0.877628120476022,0.0504335451677485,0.842420895788888,0.073289286678158,-0.815797019022842,0.0922358051272597,5,87,189,189,14,4.73076923076923,10.8522018497157,4.10347525562595,-0.0219591709374734,0.326549351891203,0.732342999992604,0.64194097463212,0.0993350682437124,0.00320797039757088,-0.0481087991932496,5,-0.476636653397177,189,0.596308469234985
3664,14084,170,0.946078033161535,0.0539219668384654,-0.906186265945029,0.0938137340549714,-0.934753703722564,0.0652462962774355,0.997667496042601,0.0434901361918087,0.770145800934827,0.229854199065173,-0.880559130810175,0.314334613852324,0.868404890758277,0.131595109241722,-0.991674271729497,0.00832572827050335,4,89,72,72,11,1.625,7.80637575452716,0.634820548669279,-0.0227293987457811,0.130709381287727,0.0211608940923361,0.816928395226157,0.000144374663937441,0.000922121109210188,-0.00290962293769626,3,0.684843441595979,72,0.0909555045793553
3664,14085,170,0.987541439757388,0.0124585602426119,-0.860564598720763,0.139435401279238,-0.986632533508984,0.0133674664910159,-0.932845877468691,0.234634752424172,0.768458398716262,0.231541601283738,0.996171825324522,0.0557223774021043,0.774596669241483,0.225403330758517,-0.987541439757388,0.0124585602426117,4,132,24,24,9,2.17391304347826,6.38777173913043,1.15563435333963,-0.098195652173913,0.175970108695653,0.00969127624553379,0.823931717512351,2.36610190946262e-05,-0.00217979459217557,0.00133255048376083,3,-0.88087348232085,24,-0.470797575139252
3664,14089,170,0.993166076239011,0.0068339237609889,-0.877058019307028,0.122941980692972,-0.990978687796647,0.00902131220335278,0.0431674342002664,0.972510215817774,0.805304136804383,0.194695863195617,0.235617637477195,0.848577409160159,0.774596669241483,0.225403330758517,-0.981306762925316,0.0186932370746836,4,134,20,20,8,1.63157894736842,5.8171052631579,0.62503000923361,-0.0887089518668466,0.135618421052632,0.00550682261208579,0.797461825860949,8.2356081865013e-06,5.95104213525408e-05,0.000185946637426891,3,-0.737830797383194,20,-0.423574746652162
3664,14090,170,0.991571879361379,0.00842812063862119,-0.87352145002941,0.12647854997059,-0.981650984585339,0.0183490154146614,-0.942045957066822,0.217799593298964,0.767578019895906,0.232421980104094,0.988471254265917,0.0967618749752874,0.774596669241483,0.225403330758517,-0.983748192689882,0.0162518073101175,4,135,16,16,7,1.07692307692308,5.19847756410256,0.285564826799803,-0.0755197954032151,0.0873741987179489,0.0066666666666666,0.730294784580499,1.13718049578106e-05,-0.00207968901846443,0.000916666666666627,3,-0.131089571649211,16,-0.472409559930102
3664,14091,170,0.986927542439653,0.0130724575603467,-0.866400225443962,0.133599774556038,-0.983094799640419,0.0169052003595808,-0.766921069806849,0.443575522411051,0.771588515472658,0.228411484527342,0.766921069806849,0.443575522411051,0.774596669241483,0.225403330758517,-0.986927542439653,0.0130724575603466,4,137,12,12,6,0.5,4.63636363636364,0.059228650137741,-0.0472255017709563,0.0400000000000001,0.0170186715641262,0.610570349964289,8.2082789413211e-05,-0.00694827058463412,0.00191077441077439,3,-0.233349255268473,12,-0.729644058183901
3664,14092,170,0.983934698056655,0.0160653019433452,-0.875064027253336,0.124935972746664,-0.929786279742763,0.0702137202572374,0.170552905007289,0.890889248130799,0.921688113212285,0.0783118867877151,-0.170552905007289,0.890889248130799,0.774596669241483,0.225403330758517,-0.983934698056655,0.0160653019433451,4,147,11,11,5,0.181818181818182,3.90176767676768,0.00560172431384552,-0.0152159040605256,0.0146944444444445,0.018006148440931,0.751010101010101,9.20043265520717e-05,0.00163592446201151,-0.000449879227053164,3,-0.778964648906638,11,4.27286202029065
3664,14095,170,0.998947523231237,0.00105247676876319,-0.843661487732106,0.156338512267894,0.964208851210044,0.0357911487899556,NA,NA,-0.698430295769577,0.301569704230423,0.866025403784438,0.333333333333333,0.774596669241483,0.225403330758517,-0.990147542976674,0.00985245702332571,4,154,8,8,4,0.285714285714286,3.19642857142857,0.0174319727891156,0.0378151260504201,-0.0196428571428571,0.00744047619047616,0.873015873015873,1.84535619803476e-05,-0.00744047619047593,0.00102306547619041,3,-1.52800086049507,8,9.99991873048828
3664,14108,170,0.995870594885822,0.0578746566983899,-0.817057169102883,0.391207990031723,-0.264345469304077,0.829688176515555,0.972355390253202,0.150039619456751,0.77203277908255,0.438480186483832,-0.929099311659744,0.241168370574973,0.866025403784439,0.333333333333333,-0.995870594885822,0.0578746566983908,3,98,48,48,10,0.118659420289855,6.72433574879227,0.00401400484842117,-0.00152044513457548,0.0134510869565212,0.0388122076527874,0.833389741287842,0.000436267061420811,0.00184378880564484,-0.00533667855225833,3,0.851256530758749,48,0.182799922144977
3664,14109,170,0.960768922830523,0.178912375022067,-0.693375245281536,0.512245708355401,0.999599920257824,0.0180087215076798,-0.921453389433725,0.254005655875013,-0.672716860658639,0.530254429863083,0.35897689961173,0.766251364230413,0.866025403784439,0.333333333333333,-0.960768922830523,0.178912375022066,3,100,28,28,9,0.476190476190476,6.36324786324786,0.0593739797036501,0.0675542406311637,-0.0450778388278391,0.0165532879818594,0.696558637130066,7.02067937922513e-05,-0.00214136778971942,0.000827158555729938,3,1.19859611757306,28,-0.691442247250862
3664,14110,170,NA,NA,-0.693375245281536,0.512245708355401,0.998746644239786,0.0318770168749132,-0.0393823037831895,0.974921961349016,-0.656440341732241,0.544122725230315,-0.692710965819973,0.512832330295584,0.866025403784439,0.333333333333333,-0.960768922830523,0.178912375022067,3,110,26,26,8,0.396761133603239,5.74701979307242,0.0408498567758371,0.0559859337693348,-0.0364857456140356,0.00975157933853577,0.749925590173874,2.52173554233284e-05,-5.48503257973279e-05,-0.000956609140605151,3,0.947823983292606,26,-0.372096265918028
3664,14111,170,NA,NA,-0.693375245281536,0.512245708355401,0.997424320816983,0.0457019010592759,0.598272314578192,0.591708208416815,-0.639904721014319,0.557947609414677,-0.992220166904938,0.0794625000614157,0.866025403784439,0.333333333333333,-0.960768922830523,0.178912375022067,3,112,25,25,7,0.342222222222222,4.96592592592593,0.0301497942386832,0.0480341880341882,-0.0305555555555561,0.014806767739125,0.750612848655886,5.56729759907488e-05,0.00123808211073403,-0.00203593056412978,3,0.778967284672624,25,5.37548108134672
3664,14112,170,NA,NA,-0.755928946018454,0.45437105165701,0.980684589290077,0.125328150606777,-0.963733217340989,0.171977245803335,-0.613280327129377,0.579699202263788,0.55380801825809,0.626348297460345,0.866025403784439,0.333333333333333,-0.981980506061966,0.121037718323677,3,116,13,13,6,0.403846153846154,3.96794871794872,0.041543392504931,0.0755494505494506,-0.0343750000000002,0.0431590014923349,0.68199547366214,0.000467547649981986,-0.00787627275722514,0.00329309964726631,3,0.548453870019416,13,2.60009289632651
3664,14113,170,NA,NA,-0.654653670707977,0.54562894834299,0.579897388718272,0.60618526853007,-0.988655936582717,0.0959822343425416,0.236215438142998,0.848185783126941,0.533688222480024,0.641611182685531,0.866025403784439,0.333333333333333,-0.944911182523068,0.212295615009657,3,148,8,8,5,0.232142857142857,3.23928571428571,0.0146301020408163,0.0459183673469387,0.00785714285714281,0.112662337662338,0.796933621933622,0.00317812088104295,-0.0364873222016079,0.00827380952380952,3,-0.424264068711929,8,0.299045240986007
3664,14124,170,NA,NA,-0.5,0.666666666666667,0.972885681988557,0.14858695342352,-0.999956923548756,0.00590903603810391,-0.686742834344865,0.518079713243147,0.508016700709658,0.660757630628557,NA,NA,NA,NA,3,141,12,12,6,0.283333333333333,3.96111111111111,0.0212037037037037,0.141666666666667,-0.0275000000000003,0.0541623127830024,0.658597468942297,0.000733452219177486,-0.0270811563915012,0.00378352490421456,3,0.306080252723475,12,1.2890184527315
3664,14125,170,NA,NA,-0.5,0.666666666666667,0.946882983087565,0.208426687936694,-0.999944908134272,0.00668252904155944,-0.751936486569537,0.458239978729973,0.490882045811371,0.673349195708227,NA,NA,NA,NA,3,155,9,9,5,0.26984126984127,3.44708994708995,0.0203031830015957,0.134920634920635,-0.0294642857142861,0.0582010582010581,0.732980599647266,0.000846934109720704,-0.0291005291005291,0.00392857142857138,3,-0.400608962672046,9,1.68758627973447
3664,14136,170,NA,NA,-0.866025403784439,0.333333333333333,NA,NA,NA,NA,0.866025403784439,0.333333333333333,0.866025403784439,0.333333333333333,0.866025403784439,0.333333333333333,-1,NA,3,107,20,20,6,0.0642857142857141,4.67142857142857,0.00137755102040815,-0.00494505494505482,0.00883928571428532,0.00311493018259934,0.827855352667383,3.23426334748945e-06,-0.000239610014046094,0.000428302900107379,3,0.448814188247799,20,9.99995118552888
3664,14137,170,NA,NA,-0.866025403784439,0.333333333333333,NA,NA,NA,NA,-0.866025403784439,0.333333333333333,-0.866025403784439,0.333333333333333,0.866025403784439,0.333333333333333,-1,0,3,111,8,8,5,0.125,3.33333333333333,0.00520833333333333,0.0312500000000001,-0.0171875000000002,0.0123083131557707,0.688996502555825,5.04981909135064e-05,0.0030770782889427,-0.0016923930589185,3,-0.290418856558761,8,0.299045240996096
3664,14144,170,NA,NA,-0.866025403784439,0.333333333333333,NA,NA,NA,NA,0.866025403784438,0.333333333333333,-0.866025403784439,0.333333333333333,0.866025403784439,0.333333333333333,-1,0,3,113,12,12,5,0.5,4,0.0833333333333332,-0.0555555555555554,0.0687499999999999,0.128123338649654,0.676058833953571,0.00547186330224468,0.0142359265166283,-0.0176169590643276,3,1.53087308959603,12,9.99993382491027
3664,14145,170,NA,NA,-0.866025403784439,0.333333333333333,NA,NA,NA,NA,0.866025403784438,0.333333333333333,0.866025403784439,0.333333333333333,0.866025403784439,0.333333333333333,-1,0,3,124,9,9,4,0.111111111111111,3.25925925925926,0.00411522633744856,-0.0185185185185184,0.0152777777777777,0.0549516908212561,0.69524959742351,0.00100656277470497,-0.009158615136876,0.00755585748792271,3,1.89986904436231,9,9.99992540601707
3664,14155,170,0.940965368559986,0.0170651676853593,-0.960462280285415,0.00938120760778962,-0.942796729031215,0.0162818293412708,0.861174026874969,0.0607831286433971,0.942768985251595,0.0162936067828492,-0.870083004663686,0.0551040055951744,0.864901310472679,0.0583858965490744,-0.869993566589168,0.0551601447049941,5,98,117,117,13,4.17857142857143,10.2819375361481,2.98359916352254,-0.0318081364550137,0.283229323308271,0.648952523952524,0.601375372641267,0.0729638666476969,0.00454354426831663,-0.0408768381649338,5,-1.08500121243805,117,0.816040121234768
3664,14156,170,NA,NA,-0.866025403784438,0.333333333333334,NA,NA,NA,NA,0.866025403784439,0.333333333333333,-0.866025403784438,0.333333333333333,0.866025403784439,0.333333333333333,-1,9.48637384723993e-09,3,118,16,16,6,0.125,4.41666666666667,0.00520833333333333,-0.0124999999999999,0.0171874999999998,0.0176282051282052,0.729700854700855,0.000103584538680693,0.00176282051282053,-0.00242387820512826,3,0.836224606246176,16,9.99993900046025
3664,14157,170,NA,NA,-0.866025403784438,0.333333333333334,NA,NA,NA,NA,-0.866025403784439,0.333333333333333,0.866025403784439,0.333333333333333,0.866025403784439,0.333333333333333,-1,1.34157585525081e-08,3,131,10,10,5,0.1,3.46666666666667,0.00333333333333334,0.02,-0.0137500000000001,0.0780626780626781,0.717188983855651,0.00203126056877244,-0.0156125356125356,0.0107336182336182,3,0.881816307401944,10,9.99995169634625
3664,14171,170,0.938687813862722,0.0180558988080119,-0.955057442697663,0.0113598065877516,-0.917601056325325,0.0280397684139323,0.831110159124097,0.0811744020346321,0.920335804091049,0.0266667295232155,-0.836234556967591,0.0775711807514186,0.861711183740855,0.0604357918019356,-0.880599461451926,0.0486304259852635,5,101,101,101,12,3.60416666666667,9.58925438596491,2.15786443905817,-0.0309577739250014,0.235137061403509,0.60964276633613,0.589626678728331,0.0647997344098293,0.00485902288417747,-0.0370234949546404,5,-1.39165366087675,101,0.89954485544445
3664,14172,170,NA,NA,NA,NA,NA,NA,NA,NA,NA,NA,NA,NA,NA,NA,NA,NA,2,115,13,13,5,0.00641025641025639,3.91987179487179,2.05456936226166e-05,0.00641025641025536,-0.00176282051282023,0.00703538885357069,0.745242636151727,2.47483481604734e-05,-0.0070353888535706,0.00193473193473192,2,-0.342391151118161,13,9.99992352545785
3664,14176,170,NA,NA,NA,NA,NA,NA,NA,NA,NA,NA,NA,NA,NA,NA,NA,NA,2,133,9,9,4,0.0416666666666665,3.35416666666667,0.000868055555555549,-0.0416666666666669,0.0114583333333334,0.000643500643500716,0.821750321750322,2.07046539092918e-07,0.000643500643500616,-0.000176962676962669,2,-1.03259805792083,9,9.99992726797426
3664,14184,170,0.856482453578828,0.0638430931220682,-0.930324123499858,0.0218456879217834,-0.885751714311838,0.0455535529777001,0.791776829284939,0.110426937487152,0.858375881534019,0.0626024997641224,-0.762874949531149,0.133571982138488,0.851781827721953,0.0669556011719457,-0.897974799857548,0.0385154138761006,5,118,88,88,11,3.06024096385542,8.80291757530765,1.63334618651257,-0.0296028062691263,0.190800416041574,0.71065688645765,0.743884037005598,0.0960907796938606,0.00641837972028584,-0.0411298288564769,5,-1.38569728638984,88,0.995832182748763
3664,14185,170,0.853105479511143,0.0660744815043444,-0.935775440838065,0.0193489268593019,-0.880367938993234,0.0487701759096068,0.807534365284065,0.0983808181714423,0.861706685565739,0.0604386978274971,-0.771061556439945,0.12688348074915,0.843693342589147,0.0724179427485483,-0.890363231369297,0.0428542571635409,5,119,71,71,10,2.50746268656716,8.2067002449055,1.08201980099706,-0.0301100139000421,0.155897717295874,0.683951011431257,0.72426856027497,0.0883274778501045,0.00789110934909215,-0.0398565455594004,5,-1.6873354637136,71,1.07843576370962
3664,14189,170,0.847232479616455,0.0700115099737129,-0.926664749250093,0.0235758361564243,-0.844473724141727,0.0718851561810482,0.806788231607202,0.0989416365481499,0.813248926410826,0.0941179393381839,-0.759918485087679,0.136012312829478,0.844864188219027,0.0716190349523824,-0.895957157694842,0.0396511369024313,5,120,67,67,9,2.23809523809524,7.33569094304388,0.892459764406852,-0.027830680160588,0.133622782446312,0.683870967741935,0.732258808743439,0.0893983875946806,0.00841526417579673,-0.0395179621848741,5,-1.70729373943176,67,3.38175359681749
3664,14190,170,0.863194158121245,0.0594801131960159,-0.931544408765166,0.0212782935402395,-0.762902000571107,0.133549714055274,0.799415582946169,0.104534790119005,0.722304333170323,0.168156688729122,-0.729742437618318,0.161644184783682,0.829831971305548,0.0820809855891045,-0.910307995359123,0.0318077978437361,5,121,55,55,8,1.84615384615385,6.5744179946226,0.639470904264914,-0.0268230345527723,0.100460030165913,0.654369440083726,0.72021003986879,0.0833612428769673,0.0101480701582404,-0.0366449710653494,5,-0.74654381475908,55,9.99993601761861
3664,14191,170,0.990147542976674,0.00985245702332582,-0.843661487732106,0.156338512267894,-0.998353243937539,0.00164675606246123,0.997219043217308,0.00278095678269175,0.818738700156467,0.181261299843533,-0.808383800057055,0.191616199942945,0.814908415625849,0.185091584374151,-0.998046587906507,0.00195341209349274,4,128,33,33,7,1.01075268817204,5.63112305854241,0.223413039971794,-0.0350428701946728,0.0824342891278376,0.133333333333333,0.79601938284734,0.00425271931367679,0.00482931018193511,-0.0112294705493631,4,-1.02878672075617,33,9.99994188304274
3664,14192,170,0.977139836403678,0.0228601635963224,-0.873333764609372,0.126666235390628,-0.994646376546938,0.00535362345306222,0.982942783307397,0.0170572166926026,0.81850892138053,0.18149107861947,-0.789812591238095,0.210187408761905,0.861165211689522,0.138834788310478,-0.999498700243904,0.000501299756096378,4,131,18,18,6,1.5,4.97355769230769,0.480360885108481,-0.103632478632479,0.120841346153846,0.692521367521368,0.616157133464826,0.117335378158913,0.050615798160344,-0.0576297666009206,4,-0.488229086697267,18,2.48848534567033
3664,14199,170,0.973851681096353,0.0261483189036467,-0.898026510133874,0.101973489866126,-0.968033512879729,0.0319664871202707,0.990385997950468,0.00961400204953256,0.882747332742397,0.117252667257603,-0.837482441061867,0.162517558938133,0.258198889747161,0.741801110252839,0.13912166872805,0.860878331271949,4,136,11,11,5,1,4.36875,0.202239583333333,-0.121129032258065,0.0845625000000004,0.594771241830065,0.54187675070028,0.0813979244566381,0.0786205234782085,-0.0508968253968255,4,-0.39210419351381,11,-0.227145270805543
3664,14200,170,0.989100491961172,0.0108995080388281,-0.846801730472787,0.153198269527213,-0.967375391265025,0.0326246087349749,0.990086242310175,0.00991375768982472,0.710818653310909,0.28918134668909,-0.778331740202549,0.221668259797451,NA,NA,NA,NA,4,145,10,10,4,0.625,3.54861111111111,0.0916280864197531,-0.0914634146341463,0.0458333333333334,0.702222222222222,0.684126984126984,0.122098664651046,0.108060394889663,-0.0579333333333335,4,-0.561341399387812,10,9.99992530350537
3664,14209,170,0.997628923753008,0.00237107624699195,-0.810455653257462,0.189544346742538,0.871178147990088,0.128821852009912,NA,NA,-0.463948425940201,0.536051574059799,0.866025403784438,0.333333333333333,0.774596669241483,0.225403330758517,-0.997628923753008,0.00237107624699207,4,140,15,15,5,0.214285714285714,4.1202380952381,0.00788170823885111,0.011291550367927,-0.0087738095238096,0.0042979242979243,0.776988196988197,6.15738442356271e-06,-0.00429792429792415,0.000590964590964551,3,-0.923816271952426,15,9.99995394929721
3664,14216,170,NA,NA,-0.866025403784439,0.333333333333333,NA,NA,NA,NA,0.866025403784438,0.333333333333333,-0.866025403784439,0.333333333333333,NA,NA,NA,NA,3,154,8,8,4,0.178571428571428,3.30952380952381,0.0106292517006802,-0.178571428571428,0.0245535714285713,0.0558035714285714,0.742559523809524,0.00103801286139456,0.0558035714285713,-0.00767299107142858,3,-0.637392028111817,8,9.55904857363267
3664,14223,170,0.968196467395636,0.00677585619330467,-0.885686650451324,0.0455920099530712,-0.932994816355679,0.0206102210298071,0.921255644169066,0.026209918380057,0.737255007794465,0.155142808757208,-0.692000080530045,0.195434170510949,0.777539665542021,0.121663938301676,-0.978469470199572,0.00378014411763207,5,122,22,22,7,2.19047619047619,5.378671679198,0.834500587307869,-0.108505055182527,0.117136904761905,0.568223443223443,0.643004894715421,0.059357872819256,0.02857437527104,-0.0293229728969862,5,0.455521618497024,22,5.62128510021566
3664,14229,170,1,0,-0.86244307031572,0.0599635431435466,-0.91863378749538,0.0275186577382002,0.898668637285841,0.0381272933465127,0.746456926717633,0.147286507877225,-0.676208054862659,0.210099387468866,0.801767734829434,0.102740246657162,-0.986785891601008,0.00181981800862177,5,133,16,16,6,1.73333333333333,4.72,0.518666666666667,-0.11640866873065,0.0935000000000004,0.524324324324324,0.67016731016731,0.0501822373945926,0.0354220208709373,-0.0263462033462034,5,0.126417202378581,16,9.99991883373937
3664,14236,170,NA,NA,-0.774596669241482,0.225403330758518,NA,NA,NA,NA,-0.774596669241482,0.225403330758518,0.774596669241482,0.225403330758518,0.774596669241483,0.225403330758517,-1,0,4,146,9,9,5,0.444444444444445,3.33333333333333,0.0493827160493828,0.111111111111111,-0.0366666666666667,0.0960648148148148,0.677951388888889,0.00230711216135116,-0.0240162037037037,0.00792534722222226,4,0.331004664964708,9,9.99994847686742
3664,14244,170,NA,NA,-0.5,0.666666666666667,-0.671931943959679,0.530929457336364,0.757095281773039,0.453235675560448,0.977355554850442,0.135737209330303,-0.944325910827803,0.213430991106218,0.866025403784439,0.333333333333333,-0.866025403784439,0.333333333333333,3,129,12,12,5,0.290909090909091,4.03636363636364,0.0221487603305785,-0.1,0.0399999999999998,0.0626262626262626,0.832191837069886,0.00109953532363233,0.0251047055925106,-0.00861111111111118,3,-2.49187514979986,12,2.93556401102084
3664,14245,170,NA,NA,0.866025403784439,0.333333333333333,NA,NA,NA,NA,0.866025403784439,0.333333333333333,-0.866025403784439,0.333333333333333,0.866025403784439,0.333333333333333,0.5,0.666666666666667,3,135,9,9,4,0.0694444444444446,3.4212962962963,0.00160751028806585,0.0694444444444429,0.0095486111111109,0.0140589569160997,0.875321239606954,6.58847565229159e-05,-0.0140589569160999,-0.00193310657596373,3,-2.07256715104323,9,9.99994627250967
3664,14255,170,0.999727719000967,0.000272280999033203,-0.811300779750567,0.188699220249433,-0.878644269725797,0.121355730274203,-0.978507866032754,0.0214921339672459,0.947630959070988,0.0523690409290123,0.692466340138036,0.307533659861964,0.774596669241483,0.225403330758517,-0.997509336107633,0.0024906638923672,4,120,17,17,7,0.375,4.80625,0.0234895833333333,-0.0201492537313433,0.0309375000000001,0.114666666666667,0.818,0.00304533333333333,-0.00807960199004975,0.00814,4,0.635246584516985,17,1.66679518008676
3664,14259,170,NA,NA,-0.774596669241482,0.225403330758518,0.942809041582064,0.0571909584179362,-0.999999181016956,8.18983044072342e-07,-0.547722557505166,0.452277442494834,0.773895042973193,0.226104957026807,0.774596669241483,0.225403330758517,-1,0,4,125,13,13,6,0.25,4.16666666666667,0.0138888888888889,0.0222222222222222,-0.0137500000000001,0.248148148148148,0.813973063973064,0.0153804789382792,-0.0248035914702581,0.0204444444444445,4,0.726031199229861,13,2.16067867891673
3664,14264,170,0.998961038680519,0.00103896131948122,-0.774596669241482,0.225403330758518,NA,NA,NA,NA,0.774596669241482,0.225403330758518,NA,NA,0.774596669241483,0.225403330758517,-1,0,4,126,8,8,5,0.375,3.71875,0.03515625,-0.0535714285714285,0.0309375000000001,0,0.519480519480519,0,NA,-2.64407369377741e-17,3,0.824957911384306,8,-1.24358223001393
3664,14271,170,0.961697089827511,0.038302910172489,-0.906721540901796,0.0932784590982038,-0.814790700039032,0.185209299960968,0.953619831767513,0.0463801682324867,0.528554141010904,0.471445858989096,-0.76963615626978,0.23036384373022,0.817406847852412,0.182593152147588,-0.98086203781132,0.0191379621886805,4,84,93,93,12,0.607843137254902,8.30056721305123,0.0670705731350905,-0.00550946401276274,0.0291584079283886,0.107681496756981,0.641012197214029,0.00278130521284351,0.00131309720717079,-0.00864605722966324,4,-0.327077402584799,93,0.106231662240964
3664,14272,170,0.960351702263863,0.0396482977361368,-0.906059261031336,0.0939407389686638,-0.694938834639772,0.305061165360228,0.96064545740391,0.0393545425960897,0.347603336895601,0.652396663104399,-0.773682461698184,0.226317538301816,0.819044456066778,0.180955543933222,-0.980682610617798,0.0193173893822017,4,105,89,89,11,0.374358974358975,7.46190268065268,0.0250791272393108,-0.00300539733297176,0.0117259615384616,0.102762335703512,0.820325561017752,0.00261716589644733,0.00134207833390146,-0.00843114769780593,4,-0.904354209655828,89,0.694728229890934
3664,14273,170,0.961775614942373,0.0382243850576267,-0.90391900130901,0.0960809986909902,-0.689096698495351,0.310903301504649,0.963663261530653,0.0363367384693467,0.338678741996033,0.661321258003967,-0.777733248321775,0.222266751678225,0.82012128908116,0.17987871091884,-0.982111808447687,0.0178881915523133,4,109,64,64,10,0.404255319148936,6.78164499144618,0.0288850656315375,-0.00450557892324597,0.0122611988639195,0.214257560051701,0.785297913486597,0.0113792184874598,0.00395471574966221,-0.017672386564397,4,-0.506734814755719,64,1.2104468177211
3664,14274,170,0.975361439543103,0.0246385604568968,-0.884501528636096,0.115498471363904,0.724516031913922,0.275483968086077,0.925771843182817,0.0742281568171825,-0.945530893946681,0.0544691060533194,-0.666120130437748,0.333879869562252,0.806550852803951,0.193449147196049,-0.986880017548858,0.0131199824511422,4,120,38,38,9,0.324324324324325,6.13663663663664,0.0266302338374411,0.00843797957550081,-0.0328678678678681,0.0940623973727421,0.826060858888445,0.00182488160741405,0.00282243724735382,-0.00606147369043922,4,-1.01544803442837,38,0.215165345330745
3664,14275,170,0.971536554750572,0.0284634452494283,-0.882298803383059,0.117701196616941,0.997319198185827,0.00268080181417307,-0.994908060386084,0.00509193961391607,-0.894634495621945,0.105365504378055,0.85229689423488,0.14770310576512,0.811441867293215,0.188558132706785,-0.985873802819348,0.0141261971806519,4,124,24,24,8,1.10869565217391,5.24094202898551,0.257206994328922,0.0508344312692138,-0.0966485507246379,0.209400240591167,0.852793334209436,0.00983406338332964,-0.00991589349958991,0.0180038641165351,4,-0.901122613207191,24,0.299368747757121
3664,14276,170,0.949942845882908,0.0500571541170918,-0.906944090993159,0.0930559090068411,0.96766762148482,0.0323323785151803,-0.784049294913691,0.426301833707034,-0.837715806616224,0.162284193383776,0.989355887520346,0.0929685003737013,0.805170769603384,0.194829230396616,-0.966520626979761,0.0334793730202386,4,126,18,18,7,1.23529411764706,4.85906862745098,0.332233996539792,0.0739313294864065,-0.102855392156863,0.0199775157997083,0.687140455355696,0.000101933723622938,-0.00274216091395232,0.00274690842245985,3,-0.277781733289348,18,0.0678631976588163
3664,14277,170,0.942809041582063,0.0571909584179369,-0.912870929175276,0.0871290708247238,0.936699808715314,0.0633001912846864,0.357502289903715,0.767256865501671,-0.788842206222825,0.211157793777175,0.157350065925102,0.899409801164995,0.808466132323088,0.191533867676912,-0.962430266247615,0.0375697337523849,4,136,17,17,6,1.5,4.08238636363636,0.523362172865014,0.0958333333333334,-0.1215625,0.0183823529411765,0.826522578728461,9.68567861163806e-05,0.00121880570409984,0.000425857843137217,3,-0.582732866863582,17,7.54393678887476
3664,14278,170,NA,NA,-0.981980506061966,0.121037718323677,0.997788423389337,0.0423473449940495,-0.999997925213521,0.00129682657142584,-0.967247129904906,0.163385063317727,0.982363434739115,0.119740891752287,NA,NA,NA,NA,3,140,12,12,5,0.0555555555555558,3.80976430976431,0.000824745774240732,0.0187590187590197,-0.00763888888888934,0.0337542087542088,0.832194163860831,0.000295155917574549,-0.0112469937469937,0.00464120370370367,3,-0.805300192656244,12,9.99993750012641
3664,14279,170,NA,NA,-1,9.48637384723993e-09,0.682048292584713,0.522178756190857,-0.94799483157301,0.20621426788265,-0.682048292584713,0.522178756190857,0.94799483157301,0.20621426788265,NA,NA,NA,NA,3,142,8,8,4,0.119047619047619,3.23412698412698,0.00373204837490552,0.0416666666666673,-0.0114583333333336,0.0589285714285713,0.729109977324263,0.000966006158699304,-0.0294642857142856,0.00810267857142857,3,-0.0509626508963276,8,6.43190161793014
3664,14298,170,0.979795897113271,0.0202041028867288,-0.885437744847145,0.114562255152855,-0.754889413725689,0.245110586274311,0.910461168873825,0.0895388311261747,0.363763779717642,0.636236220282358,-0.614258378551312,0.385741621448688,0.774596669241483,0.225403330758517,-0.979795897113271,0.0202041028867288,4,127,14,14,7,0.7,4.81236263736264,0.0880838666827678,-0.0548791208791209,0.0229972527472528,0.126497533474278,0.675631539003632,0.00319279375455082,0.0126015070201117,-0.00739341085271318,4,0.112,14,-0.63293355523066
3664,14299,170,0.964901281354015,0.0350987186459846,-0.913500278391139,0.0864997216088611,0.161253385236323,0.838746614763677,-0.104257660748833,0.895742339251167,-0.548258227616083,0.451741772383917,0.49335105236202,0.50664894763798,0.774596669241483,0.225403330758517,-0.964901281354016,0.0350987186459844,4,139,12,12,6,0.333333333333333,4.17878787878788,0.0187695133149678,0.00710553814002074,-0.016,0.0340501792114696,0.82593678722711,0.000204704206848438,-0.000479769890225986,0.00150358422939072,4,-0.578939905342248,12,-0.335852393938717
3664,14300,170,0.925820099772551,0.0741799002274486,-0.956182887467514,0.0438171125324857,0.993955253539279,0.00604474646072095,-0.988295520287187,0.0117044797128128,-0.981291101983831,0.0187088980161691,0.973027001925336,0.0269729980746636,0.774596669241483,0.225403330758517,-0.925820099772551,0.0741799002274487,4,142,10,10,5,0.6,3.54166666666667,0.0669444444444444,0.119047619047619,-0.0540833333333334,0.0876984126984127,0.859098639455782,0.00153323996517226,-0.0179138321995465,0.00811592970521544,4,-0.703240603573235,10,0.572257233855783
3664,14301,170,0.925820099772551,0.0741799002274486,-0.956182887467514,0.0438171125324857,0.8160768962015,0.183923103798499,-0.986971787589179,0.0130282124108214,-0.948304052263603,0.0516959477363974,0.948892132355715,0.0511078676442853,0.774596669241483,0.225403330758517,-0.925820099772551,0.0741799002274486,4,143,8,8,4,0.25,3.09821428571429,0.0147746598639456,0.0459183673469387,-0.0245535714285715,0.118606701940035,0.80244708994709,0.00296557774916094,-0.0248803224993701,0.0110072751322752,4,0.0514259477226578,8,9.99993770741043
3664,14311,170,NA,NA,-0.912245460839306,0.268694159506182,0.954801181411486,0.192135753826829,0.990376631102553,0.0883909059801293,-0.992777757560162,0.0765584056793545,-0.84677249303765,0.357085065486312,0.866025403784439,0.333333333333333,-0.99484975116711,0.06463917382715,3,121,26,26,7,0.194570135746606,4.98642533936652,0.00960258798959883,0.0189673340358272,-0.0267533936651586,0.0105422168867547,0.829058751705811,3.55490235033457e-05,0.00119705310996898,-0.00138839574291259,3,0.449977042573258,26,9.99992598186774
3664,14312,170,NA,NA,-0.981980506061966,0.121037718323677,0.987085531502399,0.102424037194679,0.12636794024279,0.919336005959631,-0.999572591299507,0.0186136811289955,0.0633763950089538,0.959626275716692,NA,NA,NA,NA,3,122,14,14,6,0.266233766233766,4.22627372627373,0.0177352617412557,0.0860568003425147,-0.036607142857143,0.00835622710622719,0.73420954045954,2.1745579976412e-05,0.000385774939346422,8.12728937728674e-05,3,0.52892561983471,14,-0.452845969481044
3664,14318,170,NA,NA,-0.981980506061966,0.121037718323677,0.996848416646781,0.050556109438894,-0.980364898310859,0.126364443243258,-0.993877655992704,0.070481608884782,0.999964995186827,0.0053267249195903,NA,NA,NA,NA,3,135,8,8,5,0.575,3.10595238095238,0.0836777210884354,0.188775510204082,-0.0790625000000004,0.0751020408163265,0.711201814058957,0.00141017785799127,-0.0241010689990281,0.0103265306122449,3,0.34214844250962,8,0.299045240986007
3664,14325,170,NA,NA,-0.866025403784439,0.333333333333333,NA,NA,NA,NA,-0.866025403784439,0.333333333333333,-0.866025403784439,0.333333333333333,0.866025403784439,0.333333333333333,-1,0,3,130,12,12,5,0.25,3.66666666666667,0.0208333333333333,0.0416666666666667,-0.0343750000000001,0.170757575757576,0.63550505050505,0.00971938322620141,0.028459595959596,-0.0234791666666667,3,0.805086168863016,12,9.99993136253252
3664,14336,170,0.956752399396802,0.0432476006031981,-0.91118510884618,0.0888148911538202,0.716916442750814,0.283083557249185,-0.939139927900193,0.060860072099807,-0.939532432366163,0.0604675676338365,0.775170137617261,0.224829862382739,0.774596669241483,0.225403330758517,-0.956752399396802,0.043247600603198,4,133,25,25,8,0.18,5.56583333333333,0.00733611111111109,0.00577859778597787,-0.0171416666666668,0.0546846846846847,0.744676850763807,0.000689695581240056,-0.00232102598346783,0.00433644731688213,4,-1.74279519874166,25,-0.543538516601703
3664,14337,170,0.965421584050956,0.0345784159490443,-0.903606581632145,0.0963934183678548,0.986168376282388,0.0138316237176124,-0.98461704379035,0.0153829562096499,-0.961655038945058,0.0383449610549423,0.826284837450908,0.173715162549092,0.774596669241483,0.225403330758517,-0.965421584050956,0.0345784159490444,4,141,20,20,7,0.65,4.89232456140351,0.0822239535241613,0.0341253619485607,-0.0587390350877195,0.227404718693285,0.836979661798174,0.0119052411546849,-0.0129647296457862,0.019204685564486,4,-1.50838725793877,20,-0.483552929846756
3664,14338,170,0.925925925925926,0.074074074074074,-0.946729262406257,0.0532707375937431,0.97851345175106,0.0214865482489399,-0.999993054321326,0.00237275401019998,-0.881731747773231,0.118268252226769,0.961795962479907,0.176539621011861,0.774596669241483,0.225403330758517,-0.925925925925926,0.074074074074074,4,144,11,11,6,1.45454545454545,3.97435064935065,0.438129392252769,0.143931377264711,-0.124321428571429,0.0778554778554779,0.621341621341621,0.00163814544544925,-0.0194429502121809,0.0107051282051282,3,-0.699818508108637,11,-1.38019399775075
3664,14339,170,0.907264708726555,0.0927352912734452,-0.958314847499909,0.0416851525000907,0.926191666753692,0.073808333246308,-0.99143685443755,0.0833723767379374,-0.812645403349642,0.187354596650358,0.98876003499254,0.0955399982841287,0.774596669241483,0.225403330758517,-0.907264708726555,0.0927352912734454,4,154,10,10,5,1.8,3.28333333333333,0.735925925925926,0.196598639455782,-0.1485,0.0583333333333333,0.834953703703704,0.000870145318930041,-0.0140491452991453,0.00802083333333334,3,-1.45438453477751,10,-0.219672866176972
3664,14348,170,0.992523259604837,0.00747674039516277,-0.835657838081093,0.164342161918907,-0.821000225435665,0.178999774564335,NA,NA,0.429680996318707,0.570319003681293,0.866025403784438,0.333333333333333,0.774596669241483,0.225403330758517,-0.992523259604837,0.00747674039516275,4,146,9,9,5,0.375,3.79513888888889,0.0238393775720165,-0.0328212290502794,0.0141319444444445,0.017691798941799,0.635526895943563,0.000104333249932346,-0.0176917989417989,0.00243262235449734,3,-0.858857567993034,9,-0.456136472548697
3664,14349,170,0.990147542976674,0.00985245702332582,-0.843661487732106,0.156338512267894,0.685994340570035,0.314005659429965,NA,NA,-0.894427190999916,0.105572809000084,0.866025403784439,0.333333333333333,0.774596669241483,0.225403330758517,-0.990147542976674,0.00985245702332571,4,155,8,8,4,0.125,3.0625,0.00520833333333333,0.0147058823529412,-0.0137500000000001,0.00952380952380949,0.841269841269841,3.02343159486014e-05,-0.00952380952380921,0.00130952380952373,3,-1.63751044064253,8,9.99995434071618
3664,14363,170,0.937606413632794,0.0185326243905366,-0.921718932181599,0.02598080536636,0.867053532328159,0.0570155260754404,0.822968770948137,0.0870013889462697,-0.81345843957554,0.09396274624103,-0.747268294685701,0.146599541567248,0.820711913775301,0.0886384812285166,-0.900724914866648,0.0369844430620778,5,74,243,243,15,1.26855895196507,9.44094317012439,0.285272121965135,0.00436833168571324,-0.075566224653561,0.24606471804162,0.775141634028835,0.0115809759052662,0.000835402870221234,-0.0139865893734104,5,-0.0998827890153215,243,0.508635418473613
3664,14364,170,0.940471160058746,0.0172786007490175,-0.916057224828689,0.0288246165203613,0.0196855056554379,0.974937254655618,0.966689726498324,0.00726138087748085,0.0776899194150402,0.901181719485333,-0.889071821769623,0.0436048857999368,0.815589336363251,0.0923887737248019,-0.927034918365221,0.0233988897414116,5,83,99,99,13,0.947368421052632,7.86301707005699,0.124216823930096,0.000167485858398716,0.00476230899830196,0.13809224420048,0.727639356613188,0.00500919657597169,0.00165162899666105,-0.0109441887100986,5,0.610525860618142,99,0.912097778732026
3664,14365,170,0.9104530681522,0.0317313690154777,-0.90129989717585,0.0366668673415596,0.786853839624768,0.114275476219108,0.970687169488057,0.00599793387587866,-0.58582216096688,0.299293214236934,-0.885317583654042,0.0458103469247506,0.811775300488335,0.0952117045259078,-0.955161277222821,0.0113206400393349,5,98,81,81,12,0.947368421052632,7.17928805763053,0.149191541678235,0.00931434976649269,-0.039355060728745,0.0632908562486028,0.817978591359614,0.000897723037787618,0.000891326558746943,-0.00461352591747329,5,0.54009320849966,81,0.7429684890205
3664,14366,170,0.998579040134791,0.00142095986520863,-0.802684526706644,0.197315473293356,0.979008731572929,0.020991268427071,0.995416154156513,0.00458384584348659,-0.901688944898307,0.0983110551016926,-0.747919982025564,0.252080017974436,0.840089966299823,0.159910033700177,-0.996880606409157,0.00311939359084337,4,107,28,28,7,0.673076923076923,5.19942307692308,0.0959816074950691,0.0342877037765217,-0.0595057692307695,0.289690098261527,0.68945374731089,0.0198230016290327,0.0158433574134167,-0.0224309756381185,4,0.674199937441231,28,5.17566220774813
3664,14367,170,0.987560599755704,0.012439400244296,-0.862615766297428,0.137384233702572,0.98898123604605,0.0110187639539503,-0.987654763717202,0.100136550728974,-0.778960019097946,0.221039980902054,0.999461095459666,0.0209011675947046,0.83709469909591,0.16290530090409,-0.998392774120761,0.00160722587923868,4,120,18,18,6,2.58823529411765,3.91928104575163,1.63768166089965,0.159558498896247,-0.212343137254903,0.0112268907563025,0.772565826330532,3.15447590801023e-05,-0.00363145258103237,0.00154369747899158,3,-0.660284562001395,18,9.99993068241617
3664,14368,170,NA,NA,-0.981980506061966,0.121037718323677,-0.225017580185202,0.855512089524193,0.957893742598461,0.185397647688804,0.405098608315692,0.734474371200516,-0.886371848331689,0.30643536601248,0.866025403784439,0.333333333333333,-0.944911182523068,0.212295615009657,3,134,12,12,5,0.0681818181818183,3.78198653198653,0.00117547529163691,-0.00505050505050467,0.00381944444444427,0.0194304152637486,0.786564721286944,0.000120135750299268,0.00687329645662977,-0.00267168209876543,3,-0.333638106094517,12,9.99992476192605
3664,14384,170,NA,NA,-0.199999999999998,0.800000000000002,-0.696222826962648,0.303777173037352,0.436667933453401,0.563332066546599,-0.552176724832447,0.447823275167553,0.551163984502342,0.448836015497658,NA,NA,NA,NA,4,124,10,10,5,0.325,3.98125,0.0180729166666667,-0.0725000000000001,-0.0158125000000001,0.104227053140097,0.412098861283644,0.00210425603384484,0.015515873015873,0.00538565389924089,4,2.08389425878569,10,0.92393300243258
3664,14386,170,NA,NA,-0.404519917477943,0.595480082522057,-0.60939368677261,0.39060631322739,0.811416546873484,0.188583453126516,-0.433860915637313,0.566139084362687,0.173307633619034,0.826692366380966,NA,NA,NA,NA,4,159,8,8,4,0.178571428571428,3.31547619047619,0.00722789115646257,-0.0541125541125541,-0.00785714285714284,0.0335497835497836,0.780627705627706,0.000303233322713842,0.0147579693034239,0.000642857142857161,4,-1.14224941576288,8,9.55904857363267
3664,14393,170,0.91203573387753,0.0309014155677141,-0.885315640765364,0.0458114971964644,0.878084927433698,0.0501549913608252,-0.838554782950967,0.0759564209550059,-0.612917970792438,0.271679421020166,0.600318279278028,0.284432831636215,0.805927235479659,0.09958999200005,-0.977047982212387,0.00415972199632177,5,108,53,53,11,1.41304347826087,6.57446112893318,0.368494259568314,0.0257289479968319,-0.0647113422291997,0.0855024100852799,0.842168049972285,0.00119430086858494,-0.00139880912860385,0.00360828747730806,5,0.412718185460987,53,0.0275128453500834
3664,14394,170,NA,NA,-0.920694313317862,0.0793056866821376,-0.84508932232658,0.15491067767342,0.989720895516522,0.0102791044834785,0.985036828005843,0.014963171994157,-0.906812551177259,0.0931874488227405,0.774596669241483,0.225403330758517,-0.931614220994691,0.0683857790053086,4,120,28,28,10,0.435185185185185,6.05968196457327,0.0375971839742143,-0.0315841821091518,0.04068538647343,0.0921039886039886,0.777249387689605,0.00175613816049796,0.00799431839753551,-0.00809478245385855,4,0.185152219419871,28,0.0298622195044264
3664,14395,170,NA,NA,-0.903177909981555,0.0968220900184446,-0.924043776010162,0.0759562239898376,0.985622547580402,0.0143774524195983,0.988401556802259,0.0115984431977414,-0.865705371058941,0.134294628941059,0.774596669241483,0.225403330758517,-0.953998092005724,0.0460019079942759,4,123,25,25,9,0.577380952380953,5.48363095238095,0.057713884164777,-0.0470617085785625,0.0505803571428574,0.138885782734071,0.771684659774391,0.00414164346951346,0.0134472035094638,-0.011867651543646,4,-0.150554837955456,25,1.0720252619243
3664,14396,170,NA,NA,-0.774596669241482,0.225403330758518,-0.929160575877976,0.0708394241220241,0.997055792233402,0.00294420776659754,0.922204778312161,0.077795221687839,-0.81431519275158,0.18568480724842,0.774596669241483,0.225403330758517,-1,0,4,124,19,19,8,0.843434343434343,4.96085858585859,0.125469764989967,-0.0940355940355939,0.0695833333333335,0.246102973468702,0.689681986101423,0.0137006100630175,0.0333442819376323,-0.020303495311168,4,-0.460696378098642,19,2.0642440569462
3664,14397,170,NA,NA,-0.404519917477943,0.595480082522057,-0.289717676267784,0.710282323732216,0.727621965736682,0.272378034263318,0.938510136529935,0.0614898634700647,-0.882986788349425,0.117013211650575,0.774596669241483,0.225403330758517,-0.870388279778489,0.129611720221511,4,132,13,13,7,0.371212121212121,4.28831585081585,0.0234670025972473,-0.0463551599915234,0.0306250000000002,0.113875598086124,0.695721383879279,0.00249484856748092,0.0379596480074949,-0.00939473684210529,4,-1.22582717562109,13,-0.476415971477489
3664,14401,170,NA,NA,0.774596669241484,0.225403330758516,NA,NA,NA,NA,0.774596669241484,0.225403330758516,-0.774596669241484,0.225403330758516,NA,NA,NA,NA,4,149,9,9,6,0.277777777777778,3.70833333333333,0.0192901234567901,0.277777777777777,0.0229166666666667,0.0349584278155707,0.779903628117914,0.000305522918834116,-0.0349584278155708,-0.00288407029478461,4,-1.8751944127059,9,-1.41505508095744
3664,14421,170,0.920732687115916,0.0264693175209347,-0.851420218200078,0.0671969466158671,0.948412325763176,0.0139560756626835,-0.930732766918069,0.0216551435738851,-0.728666559221882,0.162581567866092,0.740759784727076,0.152136495472554,0.768217692976205,0.129195355412845,-0.946567320208906,0.0147072854637375,5,114,25,25,8,1.22,5.3835256916996,0.251447923260791,0.0502140203841527,-0.0635500000000002,0.267202380952381,0.794678227052451,0.0132675493355581,-0.0113194190457818,0.0148400526556777,5,0.633013577604165,25,-0.510236008811197
3664,14422,170,0.93917576219158,0.0178421161296107,-0.920574617898324,0.026547885467199,0.990128910052197,0.00117554005625808,-0.996690461072548,0.00330953892745156,-0.871773619312428,0.0540462193197118,0.856217239094891,0.143782760905109,0.737682795187866,0.154774945016567,-0.904102224624753,0.0351316700850169,5,131,9,9,6,2.22222222222222,3.59388888888889,0.912439814814815,0.275329566854991,-0.144833333333334,0.222507122507123,0.583709808709809,0.011324493263511,-0.0560307048679142,0.0194089336589337,4,1.07929388954558,9,-1.35451256454878
3664,14423,170,0.871072946856335,0.0544838343108287,-0.933256525257383,0.0204904123444532,0.94368502436196,0.0159062104017007,-0.994590145568305,0.00540985443169494,-0.82255141106984,0.0873034302250372,0.846730529621224,0.153269470378776,0.707106781186548,0.181690113816209,-0.843220911372781,0.0727410761315345,5,135,8,8,5,2.625,2.96428571428571,1.27535076530612,0.349462365591398,-0.1615625,0.208843537414966,0.48452380952381,0.0100595045274346,-0.0526973580129726,0.0180901360544218,4,1.26605785583877,8,-0.762600632349776
3664,14430,170,0.898213579505789,0.0383817033023521,-0.803637563416081,0.101320424042932,-0.322330557106077,0.596817695596139,0.18153154062781,0.81846845937219,0.720892013139249,0.169401618971847,-0.438254345646986,0.561745654353013,0.261079273139061,0.671399511740846,-0.140290123267201,0.821964731832807,5,131,16,16,7,0.341880341880342,4.96273504273504,0.0157752940317043,-0.00663771712158806,0.0157478632478631,0.0153353057199211,0.759638669734824,6.42116563475027e-05,0.000469894901333029,-0.000748068704799454,4,0.033666185446275,16,-0.489265012448259
3664,14431,170,0.913446691407968,0.0301674841797464,-0.786318338822424,0.114696487317956,0.882858455915053,0.0472735468473662,-0.904113609315694,0.0958863906843065,-0.479874596177675,0.413339885847749,0.805458832843751,0.194541167156249,0.210599233174676,0.733852245084896,-0.0839666831049969,0.893216057918773,5,136,15,15,6,0.266666666666667,4.13507936507937,0.0112718568909045,0.0166478894396875,-0.00886111111111115,0.042530345471522,0.838720674750086,0.000332345563507857,-0.0062297257675409,0.00312785498814912,4,0.0603080059785392,15,9.9999359000765
3664,14432,170,NA,NA,-0.756889262661455,0.243110737338544,-0.717514124293785,0.282485875706215,-0.933815916719554,0.066184083280446,0.873333764609372,0.126666235390628,0.636310684385887,0.363689315614113,0.774596669241483,0.225403330758517,-0.977139836403678,0.0228601635963225,4,145,8,8,5,0.380952380952381,3.47023809523809,0.0250850340136054,-0.0512510088781275,0.0294642857142858,0.103333333333333,0.800357142857143,0.00178252078609222,-0.0177804681194512,0.00572261904761906,4,0.264338983621139,8,-0.380754042579203
3664,14445,170,NA,NA,-0.866025403784439,0.333333333333333,NA,NA,NA,NA,-0.866025403784439,0.333333333333333,0.866025403784439,0.333333333333333,0.866025403784439,0.333333333333333,-1,NA,3,121,18,18,6,0.0999999999999996,4.46666666666667,0.00333333333333331,0.0333333333333334,-0.0137500000000002,0.00990110329846228,0.765605289734942,3.26772821756069e-05,-0.00330036776615403,0.00136140170353852,3,-0.169916376691884,18,9.99993507306007
3664,14451,170,NA,NA,-0.866025403784439,0.333333333333333,NA,NA,NA,NA,-0.866025403784439,0.333333333333333,0.866025403784439,0.333333333333333,0.866025403784439,0.333333333333333,-1,0,3,127,12,12,5,0.0277777777777777,3.90740740740741,0.000257201646090533,0.00925925925925943,-0.00381944444444461,0.00910265445149161,0.680624070158954,2.761943935442e-05,-0.00303421815049712,0.00125161498708003,3,0.556236379642552,12,8.29790582452104
3664,14455,170,NA,NA,-0.866025403784439,0.333333333333333,NA,NA,NA,NA,0.866025403784439,0.333333333333333,-0.866025403784439,0.333333333333333,0.866025403784439,0.333333333333333,-1,0,3,149,8,8,4,0.0833333333333335,3.27777777777778,0.00231481481481482,-0.0416666666666664,0.0114583333333332,0.0382086167800454,0.774678760393046,0.000486632798748122,0.0191043083900227,-0.00525368480725628,3,-0.641498935509445,8,9.55904857363267
3664,14462,170,0.990018137298415,0.00998186270158552,-0.838438795126409,0.161561204873591,0.988876096131467,0.0111239038685325,0.891069780318194,0.108930219681806,-0.898199151626829,0.101800848373171,-0.499885460826485,0.500114539173515,0.791315332092949,0.20868466790705,-0.993905882970099,0.00609411702990124,4,91,144,144,14,0.860294117647058,9.18758778457926,0.148374312825284,0.00754213646106579,-0.0736987835939795,0.0164575916644266,0.782562447014993,5.74492880204168e-05,0.000133729489690346,-0.000807088482682637,4,-0.583959386096277,144,0.260712580488981
3664,14463,170,0.997843663258864,0.00215633674113569,-0.772926377984035,0.227073622015964,-0.851060798310708,0.148939201689292,-0.693375245281538,0.512245708355399,0.471852373765302,0.528147626234698,0.720576692122891,0.487754291644601,0.774596669241483,0.225403330758517,-0.997843663258864,0.00215633674113568,4,121,17,17,6,0.6,4.671875,0.0623307291666666,-0.0295840064620356,0.0250937500000001,0.0155490767735665,0.816002591512796,6.54804010548637e-05,-0.00971817298347938,0.001603498542274,3,-1.53841476851986,17,2.01628770216847
3664,14464,170,NA,NA,3.52457089063101e-17,1,NA,NA,NA,NA,3.52318052736055e-17,1,-3.52665643553671e-17,1,NA,NA,NA,NA,3,126,8,8,5,0.232142857142857,3.2202380952381,0.0179634353741497,0.232142857142857,-7.55606995741568e-17,0.0386904761904762,0.736020923520924,0.000498984315948601,-0.0386904761904763,-2.96845605469902e-17,3,-0.6996635519109,8,1.07793151846324
3664,14471,170,NA,NA,-0.774596669241482,0.225403330758518,-0.333333333333333,0.666666666666667,NA,NA,-0.258198889747163,0.741801110252837,0.866025403784438,0.333333333333333,0.774596669241483,0.225403330758517,-1,0,4,135,9,9,5,0.375,3.90625,0.03515625,-0.0178571428571429,-0.0103125000000001,0.0612244897959184,0.78469387755102,0.00124947938359017,NA,0.00841836734693879,3,-0.990549271385368,9,-0.561665071496247
3664,14479,170,0.987461436800648,0.0125385631993515,-0.848218042357216,0.151781957642784,0.992818088282337,0.0071819117176628,-0.972476303937802,0.0275236960621978,-0.837417377708914,0.162582622291086,0.811904429092576,0.188095570907423,0.797720249794671,0.202279750205329,-0.993388323885708,0.00661167611429202,4,97,127,127,13,1.25726472940549,8.58554067416454,0.345208314512647,0.0134477174619446,-0.104807150042661,0.0272839267215196,0.800370970659122,0.000158773473576954,-0.000282492077242532,0.00217922565340109,4,-0.183037328124429,127,0.301350779567517
3664,14480,170,0.988924771947667,0.011075228052333,-0.847309523038229,0.152690476961771,0.995175574583717,0.00482442541628259,0.971946498068477,0.0280535019315233,-0.872043301275443,0.127956698724557,-0.698632688073608,0.301367311926392,0.798656780427626,0.201343219572374,-0.994641666617302,0.00535833338269811,4,106,116,116,12,0.822342342342342,8.07456701599559,0.140908153995255,0.0090472416993054,-0.0697291597720169,0.0181183456183456,0.859950529245678,7.28170628017632e-05,0.000200866429420515,-0.00126991250369611,4,-0.680085141913911,116,0.450329997436357
3664,14481,170,0.997380480110751,0.00261951988924936,-0.812186449032579,0.187813550967421,0.979221742892649,0.0207782571073512,0.995273965995677,0.0047260340043227,-0.714788419493235,0.285211580506765,-0.788557479148866,0.211442520851134,0.774596669241483,0.225403330758517,-0.997380480110751,0.00261951988924934,4,116,57,57,10,0.248484848484848,7.29714452214452,0.0124377856021212,0.00558571578846265,-0.0169807692307691,0.0432383802754174,0.802625902299105,0.000438965031532436,0.0010665564824733,-0.00351930281450978,4,-1.50226308860749,57,0.0281787775023278
3664,14482,170,0.997241374054808,0.00275862594519194,-0.813115628181741,0.186884371818259,0.988723073062275,0.0112769269377249,0.994920337980694,0.00507966201930588,-0.728172273464795,0.271827726535205,-0.797958045766429,0.202041954233571,0.774596669241483,0.225403330758517,-0.997241374054808,0.00275862594519183,4,121,56,56,9,0.366666666666666,6.38709150326797,0.029134200521167,0.0088577396064027,-0.0264754901960785,0.0399357826389016,0.878580125671113,0.00036621166418069,0.000999311954157014,-0.00325277829610431,4,-1.67600144842503,56,2.90775473702324
3664,14483,170,0.973851681096353,0.0261483189036467,-0.898026510133874,0.101973489866126,0.0100012502344238,0.989998749765576,0.919572715876049,0.0804272841239508,-0.306265325514339,0.693734674485661,-0.682692639399394,0.317307360600606,0.774596669241483,0.225403330758517,-0.973851681096353,0.0261483189036466,4,128,16,16,6,0.104761904761904,4.49047619047619,0.00195011337868479,0.000122887864823347,-0.00288095238095239,0.0733908948194663,0.79792538810396,0.00108621937116819,0.008432757718472,-0.0047928331589046,4,-0.607833256993529,16,1.97970153012989
3664,14489,170,0.942809041582063,0.0571909584179369,-0.912870929175276,0.087129070824724,0.99963038254143,0.000369617458569893,-0.999870892775913,0.000129107224087202,-0.919553004728143,0.0804469952718568,0.908604193348462,0.0913958066515379,0.774596669241483,0.225403330758517,-0.942809041582063,0.0571909584179368,4,135,10,10,5,0.371428571428571,3.67380952380952,0.0306802721088435,0.123809523809524,-0.0343095238095239,0.0907936507936509,0.739126984126984,0.0018323591164861,-0.0302645502645503,0.00828492063492068,4,-0.0964950504732767,10,0.524316565642456
3664,14498,170,0.998727436636494,0.00127256336350645,-0.79015912036086,0.20984087963914,0.107518411606945,0.892481588393055,0.998004853449867,0.00199514655013333,0.386896657419924,0.613103342580076,-0.78249671474345,0.21750328525655,0.774596669241483,0.225403330758517,-0.998615437203758,0.00138456279624165,4,122,40,40,8,0.0296896086369767,5.85897696424012,0.000162328124700406,8.82564191563117e-05,0.00105002631318423,0.103523166023166,0.817678576313445,0.00260939425148006,0.00328449860061122,-0.00851453024561579,4,-1.41861530927574,40,4.13385196401487
3664,14499,170,0.999456966966552,0.000543033033447937,-0.801239497793529,0.198760502206471,0.999060177762674,0.000939822237326027,0.998794926570118,0.0012050734298823,-0.778469457240534,0.221530542759466,-0.77534444485383,0.22465555514617,0.774596669241483,0.225403330758517,-0.998726925008991,0.0012730749910095,4,126,22,22,7,0.287878787878787,4.88203463203463,0.0206158680184653,0.0153497901589505,-0.0238095238095239,0.556867375049193,0.667448839039748,0.077450603846104,0.0297439548653983,-0.0459637445887447,4,-1.23580689978221,22,4.65023274071427
3664,14506,170,NA,NA,-0.866025403784439,0.333333333333333,NA,NA,NA,NA,0.866025403784439,0.333333333333333,-0.866025403784439,0.333333333333333,NA,NA,NA,NA,3,133,15,15,6,0.0142857142857142,4.2047619047619,6.80272108843533e-05,-0.0142857142857132,0.00196428571428544,0.000930600930600933,0.852714252714253,2.88672697345108e-07,0.00093060093060101,-0.00012795762795765,3,-1.31168806840337,15,9.99992780173345
3664,14507,170,NA,NA,NA,NA,NA,NA,NA,NA,NA,NA,NA,NA,NA,NA,NA,NA,3,137,8,8,5,0,3.375,0,NA,-1.05762947751096e-16,0,0.764069264069264,0,NA,-5.28814738755481e-17,3,-0.58925565098879,8,0.299045240986007
3664,14520,170,0.997090902927147,0.00290909707285314,-0.77234329233835,0.22765670766165,-0.954881857178148,0.0451181428218519,0.990254670937508,0.00974532906249248,0.868855472242534,0.131144527757466,-0.797808648020551,0.202191351979449,0.774596669241483,0.225403330758517,-0.997090902927147,0.00290909707285326,4,134,18,18,7,0.3125,4.80055147058824,0.0188002360870819,-0.0211697424067666,0.0253768382352942,0.148842592592593,0.74573461328976,0.00509874851955781,0.0114330729871227,-0.0121349741285403,4,-0.488360190104007,18,0.886359620880094
3664,14521,170,0.991836598134176,0.00816340186582432,-0.768273325346535,0.231726674653465,0.616740123516369,0.383259876483631,-0.400687642630937,0.599312357369063,0.0194074169913218,0.980592583008678,-0.223787259687906,0.776212740312094,0.774596669241483,0.225403330758517,-0.991836598134176,0.00816340186582441,4,139,12,12,6,0.0909090909090908,4.04356060606061,0.00253960055096418,0.00840724316334071,0.000208333333333359,0.0206256109481916,0.737072336265885,9.51741423314595e-05,-0.00105738740671864,-0.00046505376344087,4,-1.13195995217734,12,1.14192472788698
3664,14524,170,0.989100491961172,0.0108995080388283,-0.766153946618235,0.233846053381765,-0.965531918881424,0.0344680811185758,0.986518493110038,0.0134815068899621,0.897419124395776,0.102580875604223,-0.825449297106898,0.174550702893102,0.774596669241483,0.225403330758517,-0.989100491961172,0.0108995080388282,4,148,9,9,5,0.5,3.67013888888889,0.0509741512345679,-0.068089430894309,0.0431597222222223,0.506493506493507,0.634604978354978,0.0586272775294691,0.0746093337556752,-0.0425744047619049,4,-1.27359895937734,9,1.57227367409629
3664,14537,170,0.988979431507606,0.0110205684923943,-0.87453099960707,0.12546900039293,0.990221302189482,0.00977869781051766,-0.895601676971833,0.104398323028167,-0.877135199062091,0.122864800937909,0.996293385183495,0.00370661481650503,0.818346410160127,0.181653589839873,-0.991250489745239,0.00874951025476077,4,108,59,59,11,1.75714285714286,6.77053571428571,0.630853528911565,0.0359986033519553,-0.148401785714286,0.0419250104733976,0.801074977889494,0.000311391584450656,-0.000723364934258793,0.00374497567844346,4,0.737139079321805,59,0.601317665783528
3664,14538,170,0.951721980631023,0.0482780193689769,-0.919430056884466,0.0805699431155343,0.966376998195095,0.0336230018049051,-0.969696655217333,0.0303033447826666,-0.814483338486702,0.185516661513298,0.835952370250534,0.164047629749466,0.841889635469935,0.158110364530065,-0.984013510874291,0.0159864891257091,4,113,41,41,10,2.44166666666667,6.08152979431337,1.36478161355282,0.0724351742608429,-0.20268523139746,0.0698155645524067,0.714290337568588,0.0010509254719711,-0.00201694102774921,0.00577265777647858,4,0.862818134065076,41,0.603004938531768
3664,14539,170,0.948555054278647,0.0514449457213531,-0.922706270334101,0.0772937296658989,0.943068323262194,0.0569316767378063,0.989931567948739,0.0100684320512607,-0.784290147258574,0.215709852741426,-0.860530545340221,0.139469454659779,0.832477999988067,0.167522000011933,-0.978152354005939,0.0218476459940612,4,127,37,37,9,1.52777777777778,5.76998366013072,0.544338853646033,0.0460461332951672,-0.12325931372549,0.110268208763421,0.801901677513853,0.00253983971943997,0.00330159403051252,-0.00923799589603288,4,0.50489018868394,37,1.43824825654702
3664,14540,170,0.948964098204081,0.051035901795919,-0.923542488595713,0.0764575114042874,-0.949768987554791,0.0502310124452086,0.931568162601565,0.236882251880289,0.79742871442353,0.20257128557647,-0.761244030886278,0.449177866889946,0.836615650161622,0.163384349838378,-0.980076837117313,0.0199231628826872,4,129,32,32,8,0.482758620689655,5.71917209597966,0.0417139340303697,-0.0141600566080499,0.0346929127602099,0.0500821018062397,0.815315292037395,0.000706333864519578,0.00467886631035387,-0.00556367314825225,3,0.497029071531984,32,3.50723374605028
3664,14541,170,0.955330294442451,0.0446697055575487,-0.92499458012576,0.0750054198742401,0.427954105787582,0.572045894212418,0.94898758947677,0.204219287932292,-0.275624730835354,0.724375269164646,-0.894209351348056,0.295477184618272,0.838437335422389,0.161562664577611,-0.982634020062158,0.0173659799378418,4,132,26,26,7,0.0555555555555554,5.02350427350427,0.000785302067353344,0.00107408930938344,-0.00164529914529919,0.0545367944748749,0.804499534207436,0.00092990976773165,0.00716050290113325,-0.00749880924029534,3,0.0181309431073474,26,9.99992932879618
3664,14542,170,0.993265916664844,0.00673408333515546,-0.842654801264408,0.157345198735592,0.929980563525051,0.0700194364749491,-0.203259053409432,0.869693281757732,-0.918260749811943,0.0817392501880566,0.203259053409432,0.869693281757732,0.774596669241483,0.225403330758517,-0.993265916664845,0.00673408333515544,4,139,16,16,6,0.266666666666667,4.16488095238095,0.0150921201814059,0.0162112496005113,-0.0240297619047619,0.0108472172988302,0.80277088502895,3.26224548646248e-05,-0.00116093583835496,0.000319257355547619,3,-0.329995283087246,16,9.99994295308755
3664,14543,170,NA,NA,-1,9.48637384723993e-09,0.637413102754423,0.560008995089144,0.0881132322739642,0.94383253344941,-0.637413102754423,0.560008995089144,-0.0881132322739642,0.94383253344941,NA,NA,NA,NA,3,141,9,9,5,0.196428571428572,3.53637566137566,0.00992194717393132,0.0634920634920643,-0.0174603174603177,0.0436507936507936,0.628671775223499,0.000579407420988682,0.00212096332786001,-0.000583264915161501,3,-0.193971457987549,9,1.57227367409629
3664,14557,170,0.944911182523068,0.212295615009657,-0.981980506061966,0.121037718323677,-0.371153744479044,0.757924563352647,0.904279866615589,0.280817031374791,0.188982236504613,0.878962281676324,-0.807301089745668,0.401854749698467,0.866025403784439,0.333333333333333,-0.944911182523068,0.212295615009657,3,134,10,10,5,0.25,3.65,0.0175,-0.0160714285714284,0.00687499999999987,0.413359788359788,0.574206349206349,0.0510521296996165,0.0668792517006802,-0.0501620370370372,3,1.06727767364124,10,3.60306806703713
3664,14578,170,0.99220261006383,0.00779738993617052,-0.729143665841576,0.270856334158424,0.320084443675928,0.679915556324072,0.989966515381229,0.0100334846187706,-0.858661424042885,0.141338575957115,-0.632956801911019,0.367043198088981,0.774596669241483,0.225403330758517,-0.99220261006383,0.00779738993617039,4,114,18,18,7,0.3125,5.09201388888889,0.0222921489197531,0.00729503775620281,-0.027309027777778,0.183648459383754,0.586606413398693,0.00729342571255422,0.0129054542528986,-0.0115145818744164,4,0.492649181793543,18,0.0901827486202321
3664,14580,170,0.996557648992934,0.00344235100706625,-0.771930235617049,0.228069764382951,0.962922289157346,0.0370777108426541,0.992111941220941,0.00788805877905929,-0.89854688096657,0.10145311903343,-0.760463323990386,0.239536676009614,0.774596669241483,0.225403330758517,-0.996557648992934,0.00344235100706635,4,129,16,16,6,0.533333333333333,4.34270833333333,0.0553515625,0.0398410652920962,-0.0450312500000001,0.120209059233449,0.717835365853658,0.00342982458285052,0.0102181292431481,-0.0094868612078978,4,-0.383097972319676,16,3.5722016086064
3664,14581,170,NA,NA,-0.774596669241482,0.225403330758518,NA,NA,NA,NA,0.774596669241482,0.225403330758518,NA,NA,0.774596669241483,0.225403330758517,-1,0,4,134,9,9,5,0.222222222222222,3.83333333333333,0.0123456790123457,-0.0277777777777778,0.0183333333333334,0,0.652006172839506,0,NA,-2.64407369377741e-17,3,-1.11631695294135,9,-0.456136472554215
3664,14582,170,NA,NA,-0.774596669241482,0.225403330758518,NA,NA,NA,NA,-0.774596669241482,0.225403330758518,NA,NA,0.774596669241483,0.225403330758517,-1,0,4,145,8,8,4,0.125,3.09375,0.00390625,0.0178571428571428,-0.0103125,0,0.795714285714286,0,NA,-2.64407369377741e-17,3,-1.6611397399303,8,9.99995434071618
3664,14595,170,0.925820099772551,0.0741799002274486,-0.836660026534075,0.163339973465925,0.950223590953944,0.0497764090460562,-0.951049870093084,0.0489501299069163,-0.79725042138854,0.20274957861146,0.886151010869918,0.113848989130082,0.774596669241483,0.225403330758517,-0.925820099772551,0.0741799002274486,4,119,11,11,5,0.484848484848485,3.68232323232323,0.0544036322824201,0.102597402597403,-0.0396111111111111,0.0623093681917211,0.721645375321846,0.000808029575493234,-0.0125145007497949,0.00536574074074075,4,1.60629134299292,11,6.31115175648903
3664,14605,170,0.968462939700168,0.0315370602998324,-0.905460190195222,0.094539809804778,0.99954653755732,0.000453462442680408,0.0319113134270374,0.968088686572963,-0.917675290912732,0.0823247090872678,0.307864602609887,0.692135397390113,0.831806094066449,0.168193905933551,-0.986807768546467,0.0131922314535331,4,54,157,157,16,1.20394736842105,8.2869929828705,0.301130326179607,0.00942898813406043,-0.107269091999603,0.0126330127234552,0.753009919364163,3.64300232032417e-05,3.31100034714721e-06,0.000395820060448263,4,0.22806217027021,157,0.371849906807174
3664,14606,170,0.94234188041295,0.05765811958705,-0.922372259798119,0.0776277402018808,0.985330363467024,0.0146696365329764,0.758875507583781,0.241124492416219,-0.875645353881975,0.124354646118025,-0.462052515869687,0.537947484130313,0.796813032334724,0.203186967665276,-0.955443879851796,0.044556120148204,4,86,98,98,15,2,7.86098901098901,0.851627017670974,0.0233691891551865,-0.172131868131869,0.0210037647537648,0.722733726176619,8.91151169621244e-05,0.00018411250607196,-0.000929127574210742,4,-0.421419386258878,98,-0.182585872676109
3664,14607,170,0.948189801181124,0.0518101988188762,-0.92198755417904,0.0780124458209596,-0.257968903703963,0.742031096296037,-0.960398505450129,0.0396014945498714,-0.0825836821479304,0.91741631785207,0.796419881448327,0.203580118551673,0.794825924423428,0.205174075576572,-0.959417531843174,0.0405824681568257,4,106,78,78,14,0.549019607843138,8.13128969897818,0.0598773949551142,-0.00191023803285608,-0.00430461198563961,0.174153252850436,0.829702363125494,0.00736656515104795,-0.00249443776771345,0.0145607226343621,4,-1.61182529085098,78,-0.496052157223769
3664,14608,170,0.952890616606969,0.0471093833930312,-0.915962740612623,0.0840372593873767,-0.702720775496948,0.297279224503052,-0.979192824183084,0.0208071758169156,0.398761312008301,0.601238687991699,0.831488004435849,0.168511995564151,0.793664024142401,0.206335975857599,-0.963010089288027,0.0369899107119728,4,114,68,68,13,1.3,7.78225806451613,0.292656954561221,-0.0130932792510109,0.0459516129032258,0.173772321428571,0.875408074253861,0.00697409023231939,-0.00281642516355072,0.0147913593519166,4,-1.69056890450242,68,-0.511507961927066
3664,14609,170,0.983123999228022,0.0168760007719784,-0.861725177260417,0.138274822739583,-0.949033652620491,0.0509663473795088,NA,NA,0.692752999883708,0.307247000116292,-0.866025403784439,0.333333333333333,0.790811096881415,0.209188903118585,-0.988208123134118,0.0117918768658821,4,117,28,28,8,0.782608695652174,5.46506211180124,0.12958685364505,-0.0265160018957819,0.0531211180124224,0.00789744391056935,0.769005733730918,2.07898734401963e-05,0.00157948878211389,-0.00108589853770331,3,-0.941695751169763,28,4.82561354793515
3664,14610,170,0.958423217380105,0.0415767826198952,-0.898684364939247,0.101315635060753,-0.872606928748672,0.127393071251328,NA,NA,0.635757414535017,0.364242585464983,0.866025403784438,0.333333333333333,0.803913805919128,0.196086194080872,-0.97283463023391,0.0271653697660896,4,130,15,15,5,1.09090909090909,4.29393939393939,0.23273951637588,-0.063705759888966,0.0653333333333334,0.0162770562770562,0.847330447330447,8.83141870154851e-05,-0.004069264069264,0.00223809523809518,3,-1.88341209475507,15,9.99995356333879
3664,14617,170,0.990147542976674,0.00985245702332582,-0.843661487732106,0.156338512267894,-0.992674015716988,0.00732598428301193,NA,NA,0.785060277840134,0.214939722159865,-0.866025403784439,0.333333333333333,0.870252409803573,0.129747590196427,-0.99785521547862,0.00214478452138021,4,135,8,8,4,0.875,3.34821428571429,0.188881802721088,-0.128151260504202,0.0726785714285716,0.00306122448979584,0.810204081632653,3.12369845897528e-06,0.0030612244897958,-0.000420918367346917,3,-1.53826738363389,8,9.99995434071618
3664,14624,170,NA,NA,-0.866025403784439,0.333333333333333,NA,NA,NA,NA,-0.866025403784439,0.333333333333333,0.866025403784439,0.333333333333333,NA,NA,NA,NA,3,142,13,13,7,0.0384615384615383,4.52564102564103,0.000493096646942797,0.0384615384615394,-0.00528846153846185,0.00720113220113228,0.729506604506605,1.72854349927281e-05,-0.00720113220113215,0.000990155677655663,3,-0.109943782708862,13,-1.36438200939489
3664,14629,170,NA,NA,-0.866025403784439,0.333333333333333,NA,NA,NA,NA,NA,NA,0.866025403784439,0.333333333333333,NA,NA,NA,NA,3,148,8,8,6,0,4,0,0,0,0.0232683982683983,0.668470418470418,0.000180472785992267,-0.0232683982683983,0.00319940476190476,3,-0.437385637847349,8,-1.68059870963733
3664,14636,170,0.938903473006883,0.0610965269931172,-0.948090926279954,0.051909073720046,-0.694807751349465,0.305192248650535,-0.961284384898011,0.177725367195982,0.476276556609469,0.523723443390531,0.818130765513918,0.390020982205638,0.822686928085744,0.177313071914256,-0.950552190652227,0.0494478093477733,4,119,40,40,12,1.77272727272727,7.96301849978321,0.561572081534695,-0.0318648426711877,0.0760274244833068,0.0403141648816389,0.681002757127325,0.000493838941117935,-0.00269137540516679,0.00499974764680646,3,-1.06422670979725,40,-0.937083175998955
3664,14637,170,0.912970328946456,0.0870296710535441,-0.945751796709916,0.0542482032900835,-0.602331067583058,0.397668932416942,-0.980909186264915,0.124595022132528,0.353377008552214,0.646622991447786,0.980964108935649,0.124415094878862,0.826058611274525,0.173941388725475,-0.949219827408711,0.0507801725912893,4,130,37,37,11,1.3,7.27840073529412,0.309047485492359,-0.0220992580335219,0.0418465073529411,0.0437186884323107,0.800510755525393,0.000496555757680607,-0.00288675028026461,0.00601131965944271,3,-1.47755840476188,37,-0.905190362304314
3664,14638,170,0.907218423253029,0.0927815767469711,-0.948683298050513,0.0513167019494869,-0.563128665382019,0.436871334617981,-0.96809796762661,0.161237361353278,0.309778637480235,0.690221362519765,0.990510547470006,0.0877727556581118,0.8279255576583,0.1720744423417,-0.946054716214706,0.0539452837852936,4,133,36,36,10,1,6.45039100684262,0.190359034484472,-0.0167173527388581,0.0287903225806451,0.041013800882222,0.848563123626791,0.000428629282212408,-0.002647016392229,0.00563939762130549,3,-1.56925005189601,36,-0.555153947887301
3664,14639,170,NA,NA,-0.960768922830523,0.178912375022067,0.927708349577418,0.243551548849219,-0.88753943216839,0.304825964897448,-0.99484975116711,0.0646391738271521,0.980504303557344,0.125913589875381,NA,NA,NA,NA,3,136,15,15,9,0.242857142857143,5.01428571428571,0.0148979591836735,0.0543956043956045,-0.0333928571428573,0.0331896861308626,0.799704326174914,0.000286448987212852,-0.00721606196719315,0.00456358184299359,3,-0.415522424430922,15,-1.19140332005977
3664,14640,170,NA,NA,-0.960768922830523,0.178912375022067,-0.498092821664744,0.668067754354796,-0.313688235041702,0.79687064560296,0.238055255687213,0.846980129376863,0.564733046661184,0.617958270580893,NA,NA,NA,NA,3,138,12,12,8,0.157142857142857,4.79177489177489,0.00669646370945069,-0.0195804195804191,0.00535714285714258,0.030429292929293,0.727819865319865,0.000232845872444989,-0.00229943667443661,0.00236979166666663,3,-0.196933953260285,12,-1.37689800720855
3664,14641,170,NA,NA,-0.981980506061966,0.121037718323677,0.944911182523068,0.212295615009656,-0.933241639625976,0.233934429285993,-0.989743318610787,0.0912578966859794,0.984316829136478,0.112896710962317,NA,NA,NA,NA,3,142,10,10,7,0.111111111111112,4.38425925925926,0.00315072016460908,0.0347222222222231,-0.0152777777777782,0.0527777777777778,0.685865457294029,0.000718740948130324,-0.0163791707159054,0.00725694444444445,3,0.0867929436419236,10,-1.51756891819861
3664,14642,170,1,0,-0.981980506061966,0.121037718323677,-0.901127113779166,0.285482010049984,0.0117339536868344,0.9925297616441,0.802955068546966,0.40651972837366,0.177446712204409,0.886432520032223,NA,NA,NA,NA,3,145,9,9,6,0.142857142857143,3.91071428571429,0.00605867346938775,-0.0459183673469383,0.0171874999999998,0.0333333333333333,0.638920634920635,0.000313699168556311,0.000136054421768786,0.000864285714285674,3,0.0545544725589979,9,-1.23175307306859
3664,14653,170,0.928313401466527,0.0716865985334731,-0.961300051038034,0.0386999489619657,-0.20033358975101,0.79966641024899,-0.902986082481558,0.282740072081884,0.0116703218874696,0.98832967811253,0.999934591489452,0.00728139544694062,0.258198889747161,0.741801110252839,-0.216688306731032,0.783311693268968,4,136,21,21,8,0.888888888888889,5.59868421052632,0.176814375933336,-0.00995649776361745,0.0010453216374268,0.082860337117303,0.721098329252582,0.00171668343086642,-0.00679307008982841,0.0113932963536292,3,-1.26340009443127,21,-0.409303033783382
3664,14654,170,0.883333489267004,0.116666510732996,-0.973035471890234,0.0269645281097662,-0.0519351654848805,0.948064834515119,-0.994097963116041,0.0692006085661354,-0.0716473415745548,0.928352658425445,0.903823861275612,0.281496223575792,0.258198889747161,0.741801110252839,-0.202610224618277,0.797389775381723,4,140,20,20,7,0.888888888888889,4.66322669418645,0.157368741738061,-0.00250457109643615,-0.00605435156518766,0.0939083820662768,0.80410025608684,0.0026988647421351,-0.00975979573115794,0.0129124025341131,3,-1.41843931577225,20,1.87865027140805
3664,14655,170,0.99484975116711,0.0646391738271515,-0.912245460839306,0.268694159506182,0.959533450646107,0.181726695103303,-0.965009189584642,0.16890662492793,-0.990683605362841,0.0869674644028807,0.987740494012011,0.0997875345782515,0.866025403784439,0.333333333333333,-0.99484975116711,0.06463917382715,3,148,14,14,6,0.807692307692307,3.93589743589744,0.166173570019724,0.0792939936775554,-0.111057692307693,0.104895104895105,0.806403192766829,0.00281945218878121,-0.0103875472804489,0.0144230769230769,3,-0.89261744966443,14,2.19593817433556
3664,14658,170,0.99124070716193,0.0843232163219436,-0.924473451641905,0.24901011701139,0.946983895271279,0.208226822474555,-0.946983895271279,0.208226822474554,-0.997948715788673,0.0407832945368337,0.997948715788673,0.040783294536836,0.866025403784439,0.333333333333333,-0.991240707161931,0.0843232163219425,3,153,11,11,5,0.8,3.41481481481481,0.160658436213992,0.100258397932817,-0.11,0.152941176470588,0.861873638344227,0.0058718156834266,-0.0191670466636267,0.0210294117647059,3,-0.410692459526641,11,9.99994068451946
3664,14659,170,0.981980506061966,0.121037718323677,-0.944911182523068,0.212295615009657,0.912791697223631,0.267843999802742,-0.861935893074719,0.338503947844673,-0.996195679734046,0.0555483847930851,0.980413223783232,0.126208332835017,0.866025403784439,0.333333333333333,-0.981980506061966,0.121037718323677,3,154,8,8,4,0.785714285714286,2.87301587301587,0.15551776266062,0.136054421768708,-0.108035714285715,0.217261904761905,0.778968253968254,0.0122769038170824,-0.0360969387755101,0.0298735119047619,3,0.309359216769115,8,9.99995434071618
3664,14675,170,0.907264708726555,0.0927352912734454,-0.958314847499909,0.0416851525000907,-0.864476494116947,0.135523505883053,0.980648120864155,0.125446791568368,0.716491736313663,0.283508263686337,-0.887877022837188,0.304359166590435,0.805134739145856,0.194865260854145,-0.929468228246376,0.0705317717536235,4,124,10,10,5,1.33333333333333,4.06111111111111,0.395185185185185,-0.134467120181406,0.0959444444444446,0.0777777777777778,0.683856682769726,0.00191842769570663,0.0206335934596804,-0.0106944444444445,3,-0.0180996779023388,10,-0.219672866154832
3664,14684,170,0.897235446547271,0.102764553452729,-0.912181709802445,0.0878182901975549,0.771388481194735,0.228611518805265,0.0625759953742641,0.937424004625736,-0.538923217637262,0.461076782362738,-0.299706858718253,0.700293141281747,0.774596669241483,0.225403330758517,-0.897235446547271,0.102764553452729,4,120,20,20,6,0.285714285714286,4.47020676691729,0.0168874606629355,0.0168640941977586,-0.0149182330827068,0.0233352612299981,0.694446886446886,0.000110994048125459,0.000110908621335641,-0.000672596876807422,4,1.68210573815186,20,9.99993725350511
3664,14685,170,0.777777777777778,0.222222222222222,-0.946729262406257,0.0532707375937428,0.886844053217739,0.11315594678226,0.508600557946293,0.491399442053707,-0.867721831274624,0.132278168725376,-0.533905980481652,0.466094019518348,0.774596669241483,0.225403330758517,-0.777777777777778,0.222222222222222,4,147,9,9,4,0.666666666666667,3.13333333333333,0.100740740740741,0.0938271604938273,-0.058666666666667,0.279710144927536,0.716666666666667,0.0139469999299867,0.0200214707461084,-0.0134311594202899,4,0.026186146828319,9,9.99994187785417
3664,14693,170,0.965351407347992,0.0346485926520081,-0.830454798537399,0.169545201462601,-0.365442051976805,0.634557948023195,0.927251256427213,0.0727487435727867,0.822035907004543,0.177964092995457,-0.977394082386279,0.022605917613721,0.774596669241483,0.225403330758517,-0.964901281354015,0.0350987186459846,4,144,11,11,5,0.177777777777778,3.71376262626263,0.00617851494745433,-0.00923894113549284,0.0137638888888889,0.13974358974359,0.702568958818959,0.00368240268699185,0.0180977547356858,-0.0126340811965812,4,1.33041583769783,11,9.99994068451945
3664,14696,170,0.962250448649376,0.0377495513506236,-0.745355992499929,0.254644007500071,0.939032148820379,0.0609678511796208,-0.85044503635654,0.14955496364346,-0.521753505640136,0.478246494359864,0.414906089982653,0.585093910017347,0.774596669241483,0.225403330758517,-0.962250448649376,0.0377495513506237,4,148,8,8,4,0.392857142857143,3.00446428571429,0.0328178146258503,0.0982142857142856,-0.0201339285714286,0.165584415584416,0.640692640692641,0.00490604873721757,-0.0343915343915344,0.00619047619047619,4,1.93275853524323,8,9.99995434071618
3664,14703,170,0.989179386186858,0.0108206138131417,-0.858689288939204,0.141310711060796,-0.834824083040622,0.165175916959378,0.983027545412415,0.0169724545875849,0.445192845954227,0.554807154045773,-0.750324024274773,0.249675975725227,0.774596669241483,0.225403330758517,-0.989179386186858,0.0108206138131417,4,99,59,59,9,0.147058823529412,6.41668356997972,0.00376380551521162,-0.00262045601775646,0.00581795131845853,0.0281814415907208,0.847323785825067,0.000190352346596816,0.0006939259416623,-0.00220514061688057,4,0.324360080875003,59,3.34947352818506
3664,14704,170,0.989159571394798,0.010840428605202,-0.859072401393257,0.140927598606743,-0.92470761071223,0.07529238928777,0.994014525894344,0.00598547410565575,0.6174120667738,0.382587933226199,-0.802428615862261,0.197571384137739,0.774596669241483,0.225403330758517,-0.989159571394798,0.0108404286052019,4,102,31,31,8,0.256410256410256,5.67161172161172,0.0124706266464508,-0.00928586238559281,0.0146868131868131,0.0954699121027722,0.702926678629011,0.00210066232203396,0.00409679777020663,-0.00783416744681961,4,0.844509928818101,31,0.743989992682469
3664,14705,170,0.973728991120295,0.0262710088797047,-0.895668589502959,0.104331410497041,-0.97968553652007,0.0203144634799304,0.976197582041132,0.0238024179588681,0.807811112609719,0.192188887390281,-0.842250556128361,0.157749443871639,0.774596669241483,0.225403330758517,-0.973728991120295,0.0262710088797047,4,119,15,15,7,2.14285714285714,5.48351648351648,1.03039085456668,-0.181562881562882,0.17467032967033,0.265460030165913,0.468889117418529,0.0141671541944769,0.02121379709615,-0.0213545751633988,4,1.40858494618373,15,-0.529808492321856
3664,14706,170,0.980196058819607,0.0198039411803932,-0.867721831274624,0.132278168725376,-0.976315446724941,0.0236845532750588,0.970386944215642,0.0296130557843579,0.764203057634148,0.235796942365852,-0.743759178626895,0.256240821373105,0.774596669241483,0.225403330758517,-0.980196058819607,0.0198039411803931,4,144,13,13,6,1.7,4.74166666666667,0.703981481481482,-0.172058823529412,0.136583333333334,0.235897435897436,0.748513986013986,0.0131158308474742,0.0233425887837653,-0.0181442307692308,4,0.0361293248209939,13,-0.147391996762042
3664,14709,170,0.995950489551603,0.00404951044839685,-0.843661487732106,0.156338512267894,-0.968128858982155,0.0318711410178449,0.927829053231866,0.072170946768134,0.70811143257814,0.29188856742186,-0.602732025262833,0.397267974737167,0.774596669241483,0.225403330758517,-0.990147542976674,0.00985245702332571,4,146,10,10,5,1.25,4.13194444444444,0.339184670781893,-0.167483660130719,0.0878472222222223,0.147321428571429,0.719411375661376,0.00420947164016498,0.0178814581388111,-0.00833002645502646,4,0.415538438507861,10,-0.363326855958833
3664,14710,170,0.980196058819607,0.0198039411803932,-0.867721831274624,0.132278168725376,-0.940354136207495,0.0596458637925048,-0.602109350253613,0.397890649746387,0.685506162763684,0.314493837236316,0.908373914642443,0.0916260853575566,0.774596669241483,0.225403330758517,-0.980196058819607,0.0198039411803931,4,148,8,8,4,0.666666666666667,3.54761904761905,0.0929705215419501,-0.120448179271709,0.0445238095238096,0.0493506493506494,0.666558441558442,0.000515404508911002,-0.00574229691876749,0.00439285714285715,4,0.620874246895505,8,-0.175688934859876
3664,14719,170,0.996557648992934,0.00344235100706625,-0.817337896535699,0.182662103464301,0.981863927542304,0.0181360724576962,0.994366034089511,0.00563396591048893,-0.893823669348184,0.106176330651816,-0.761680787207856,0.238319212792144,0.774596669241483,0.225403330758517,-0.996557648992934,0.00344235100706635,4,129,16,16,7,0.6875,4.18020833333333,0.0887427662037037,0.0514390034364261,-0.0567187500000001,0.416260162601626,0.667378048780488,0.0426389026593518,0.0361097141899254,-0.0335030487804879,4,-0.419239290463042,16,4.01934675105293
3664,14720,170,NA,NA,-0.866025403784439,0.333333333333333,NA,NA,NA,NA,-0.866025403784439,0.333333333333333,0.866025403784439,0.333333333333333,NA,NA,NA,NA,3,138,10,10,6,0.233333333333333,3.74444444444444,0.0181481481481482,0.233333333333333,-0.0320833333333334,0.0326388888888889,0.777314814814815,0.000355099022633745,-0.0326388888888887,0.00448784722222222,3,-0.955725766692858,10,-0.376607366147716
3664,14721,170,NA,NA,-0.866025403784439,0.333333333333333,NA,NA,NA,NA,-0.866025403784439,0.333333333333333,0.866025403784439,0.333333333333333,NA,NA,NA,NA,3,144,8,8,5,0.232142857142857,3.2202380952381,0.0179634353741497,0.232142857142857,-0.031919642857143,0.0439560439560439,0.798534798534799,0.000644044600088555,-0.0439560439560436,0.00604395604395602,3,-0.641743969480228,8,0.299045240996096
3664,14734,170,0.988984715161544,0.0110152848384555,-0.857991978250253,0.142008021749747,-0.899189696746548,0.100810303253452,0.951882804689467,0.0481171953105328,0.547625339002288,0.452374660997712,-0.661566669869117,0.338433330130883,0.774596669241483,0.225403330758517,-0.988984715161544,0.0110152848384557,4,103,28,28,7,0.18,5.18667989417989,0.00627936577923349,-0.00845629331544821,0.00924378306878298,0.0488242547944041,0.742789258834035,0.000542026027569248,0.00263005225866974,-0.00328089254581794,4,0.0540789031233246,28,9.99993070102329
3664,14735,170,0.983934698056655,0.016065301943345,-0.875064027253336,0.124935972746664,-0.0414933957742981,0.958506604225702,-0.320443677323976,0.679556322676024,-0.446981017818204,0.553018982181796,0.736240369980552,0.263759630019448,0.774596669241483,0.225403330758517,-0.983934698056655,0.016065301943345,4,134,17,17,6,0.0549019607843135,4.56387429971989,0.000528388132213666,-0.000208549555280331,-0.00218863795518199,0.0174836601307189,0.786758383909119,5.26310726395574e-05,-0.000508307572697076,0.00113775579676316,4,-1.09919532080759,17,2.49083827909164
3664,14739,170,0.979795897113271,0.0202041028867288,-0.885437744847145,0.114562255152855,-0.979795897113271,0.0202041028867288,0.969590251911899,0.0304097480881009,0.774596669241482,0.225403330758518,-0.744978871621764,0.255021128378236,0.774596669241483,0.225403330758517,-0.979795897113271,0.0202041028867288,4,141,13,13,5,0.5,4.125,0.0625,-0.06,0.0412500000000002,0.238453500522466,0.749600112531147,0.013624730790796,0.0277222088256571,-0.0185232095490717,4,-0.854828265838315,13,9.99994138017771
3664,14740,170,NA,NA,-0.774596669241482,0.225403330758518,NA,NA,NA,NA,0.774596669241482,0.225403330758518,-0.774596669241482,0.225403330758518,0.774596669241483,0.225403330758517,-1,0,4,143,8,8,4,0.25,3.3125,0.015625,-0.0625,0.0206250000000001,0.140652557319224,0.722773368606702,0.0049457854701094,0.035163139329806,-0.011603835978836,4,-1.28976276888426,8,6.43190161793014
3664,14751,170,0.992523259604837,0.007476740395163,-0.835657838081093,0.164342161918907,-0.910271468072121,0.0897285319278794,0.960009638802183,0.0399903611978174,0.57474957907917,0.425250420920829,-0.676511045095626,0.323488954904374,0.774596669241483,0.225403330758517,-0.992523259604837,0.00747674039516287,4,108,11,11,4,0.166666666666667,3.56439393939394,0.00510789715335169,-0.0168444218723548,0.00875000000000002,0.0616487455197132,0.756516780710329,0.000784335646694931,0.00696130524928508,-0.00403584229390683,4,0.545929846376585,11,9.99993067683054
3664,14761,170,0.939641078666075,0.0176390212194715,-0.952483546615686,0.0123446854729419,-0.927390524407615,0.0232293108850244,0.848338917306194,0.0692643900293026,0.895153470285597,0.0401064481621214,-0.828557070328606,0.0829883194448574,0.923782216201025,0.0249683526590574,-0.957265895420135,0.010536397606007,5,46,704,704,20,1.85147058823529,13.5204061357925,0.598758680478756,-0.00230186821231289,0.120471994502854,0.320384788434829,0.714779767045764,0.0182986642327592,0.000368104371276088,-0.0194937239274494,5,-1.55078711466906,704,0.268881612312042
3664,14762,170,0.920566372754981,0.0265519857553902,-0.942044901239522,0.0166019635574856,-0.804116398080123,0.100957794308822,0.77837374662063,0.120996674249606,0.746609799973807,0.147157001702189,-0.739338646216092,0.15335344532022,0.910043540562837,0.0319472723863197,-0.964661202385635,0.00793224130785031,5,63,599,599,19,1.19789473684211,12.9194642793797,0.247942427114211,-0.00150986756175742,0.0646594192737459,0.294198280792946,0.785423401616543,0.0167696975407861,0.000380097756565203,-0.0166520885748169,5,-1.86228999899065,599,0.205555131043364
3664,14763,170,0.910150589351495,0.0318907908472088,-0.941652474987682,0.0167698653775085,-0.789919040262894,0.111874597236787,0.775617354575767,0.123205951218939,0.729302416959097,0.162027372782806,-0.734264864905796,0.157721180034037,0.909475588272781,0.0322474730965956,-0.964191892867722,0.00809020219691761,5,67,568,568,18,0.923620309050774,12.1304818432745,0.143540201730657,-0.00119060638121027,0.0480570511631028,0.290178639335249,0.804240715437223,0.0163659352804371,0.000394745129441904,-0.0163375094429413,5,-2.27577001480555,568,0.35685870098104
3664,14764,170,0.923811612819999,0.0761883871800011,-0.941554471443386,0.0584455285566137,-0.120524757428553,0.879475242571446,0.90248327757522,0.0975167224247797,-0.127308563016662,0.872691436983338,-0.743657315183391,0.256342684816609,0.898684364939248,0.101315635060752,-0.99331859217695,0.00668140782304991,4,122,17,17,7,0.545454545454546,4.81768048128342,0.061214747049768,-0.00434966056054919,-0.00670955882352949,0.678030303030303,0.594479491607249,0.107143555410013,0.0430896792550031,-0.0518518433415034,4,0.136608654573942,17,-0.416094967564262
3664,14765,170,NA,NA,-0.933256525257383,0.233908049281921,0.999239444939878,0.0248306438101646,-0.981542839238573,0.122503311056186,-0.918539675647271,0.258738693092085,0.847334962282893,0.356411360338107,0.866025403784439,0.333333333333333,-0.987829161147262,0.0994252840514122,3,129,12,12,6,0.416666666666667,4.26010101010101,0.0514424548515458,0.0705034213098731,-0.0572916666666671,0.104508499630451,0.708992362650899,0.00349746632586933,-0.0180578404024509,0.0137804878048781,3,0.465696474014054,12,-0.589439618718063
3664,14766,170,NA,NA,-0.933256525257383,0.233908049281921,0.998811880768575,0.0310361714584837,-0.944558626702263,0.212980240221236,-0.949652826456882,0.202871877823437,0.763571282826831,0.446888289503157,0.866025403784439,0.333333333333333,-0.987829161147262,0.0994252840514122,3,135,11,11,5,0.127272727272727,3.67575757575758,0.00449035812672175,0.0208211143695015,-0.0175000000000001,0.0771428571428572,0.733419913419913,0.00168017091133974,-0.0120444072056975,0.00860714285714288,3,0.418578945162479,11,9.99991923499424
3664,14780,170,0.906029400255951,0.0340881623561256,-0.94040721962377,0.0173062775579965,-0.716715454192459,0.173098583655088,0.771550260018785,0.126487449122306,0.649442661872457,0.235614251790841,-0.727245104608052,0.163822445564872,0.931869140017088,0.0211281199685214,-0.990098875047847,0.00118090406410581,5,68,551,551,17,0.763800904977376,11.2553852170817,0.0953053952606867,-0.000908203303496106,0.0348708269734265,0.286554209416295,0.806750263852371,0.0159063865634952,0.000399417926763756,-0.0159525186978308,5,-2.41250286325917,551,0.472773784314919
3664,14781,170,0.969193067878892,0.0308069321211077,-0.89424059638063,0.10575940361937,-0.97367785707649,0.0263221429235097,0.969400359029174,0.0305996409708258,0.784663401582172,0.215336598417828,-0.776959920455743,0.223040079544256,0.902602191411993,0.0973978085880067,-0.997996829546565,0.00200317045343488,4,81,320,320,16,1.22235469448584,10.8172311398202,0.368214238193343,-0.00490127549244837,0.10142429663427,0.0918010012244923,0.816290085310072,0.00208771697278087,0.000367436688887691,-0.0075621057489041,4,-2.69225629648119,320,0.272542877638437
3664,14782,170,0.990806127821911,0.00919387217808953,-0.852162036982478,0.147837963017522,-0.810694799640611,0.189305200359389,-0.980857180165493,0.0191428198345072,0.604897819549865,0.395102180450135,0.895082093007501,0.104917906992499,0.774596669241483,0.225403330758517,-0.990806127821911,0.00919387217808932,4,97,64,64,11,0.212121212121213,7.43989898989899,0.00751045811651877,-0.00288046454176165,0.0111666666666667,0.0269032092275575,0.7521214739539,0.000135097333599853,-0.000467413332857524,0.00221612665061815,4,-0.446528331317974,64,0.220420564501424
3664,14783,170,NA,NA,-0.774596669241482,0.225403330758518,NA,NA,NA,NA,0.774596669241482,0.225403330758518,-0.774596669241482,0.225403330758518,0.774596669241483,0.225403330758517,-1,0,4,142,11,11,5,0.515151515151515,3.9469696969697,0.0663452708907253,-0.0643939393939393,0.0425,0.261688311688312,0.803409090909091,0.0171201931185698,0.032711038961039,-0.0215892857142858,4,-1.47209204761962,11,9.99993656389069
3664,14793,170,0.986875895841176,0.0131241041588241,-0.865512538154043,0.134487461845957,-0.947844437080478,0.0521555629195224,0.954924342223416,0.0450756577765836,0.829566487055062,0.170433512944938,-0.805748877552849,0.194251122447151,0.774596669241483,0.225403330758517,-0.986875895841176,0.013124104158824,4,112,53,53,10,0.477040816326531,7.09096706864564,0.0420672535648599,-0.00951343963502926,0.0362436224489796,0.0315358902181563,0.809736208758042,0.000183256636172303,0.000632597164705799,-0.00232347435535193,4,-0.300667935948774,53,0.186601645917535
3664,14794,170,0.977139836403677,0.0228601635963226,-0.873333764609372,0.126666235390628,-0.997112135654339,0.00288786434566111,NA,NA,0.842672859486377,0.157327140513623,-0.866025403784438,0.333333333333333,0.774596669241483,0.225403330758517,-0.977139836403678,0.0228601635963225,4,119,15,15,7,2.13333333333333,5.475,1.05361111111111,-0.153860640301318,0.184250000000001,0.0451404804345981,0.713991455167926,0.000679220991288777,0.0150468268115327,-0.00620681605975728,3,1.35637965576074,15,-0.513228962648925
3664,14796,170,0.990332786158168,0.00966721384183167,-0.853986492453439,0.146013507546561,-0.996736217107724,0.00326378289227589,NA,NA,0.817845357413197,0.182154642586803,-0.866025403784439,0.333333333333333,0.774596669241483,0.225403330758517,-0.986440050415621,0.013559949584379,4,122,13,13,6,1.69230769230769,4.76748251748252,0.67994767470292,-0.143074097619552,0.143653846153847,0.0288315850815851,0.678690753690754,0.000277086766105561,0.0144157925407926,-0.00396434294871797,3,1.07093857465832,13,0.145650907846027
3664,14800,170,0.992523259604837,0.007476740395163,-0.835657838081093,0.164342161918907,-0.99831078107068,0.00168921892932007,NA,NA,0.860337880650488,0.139662119349512,-0.866025403784438,0.333333333333333,0.774596669241483,0.225403330758517,-0.992523259604837,0.00747674039516287,4,135,9,9,5,1.22222222222222,4.13888888888889,0.340534979423868,-0.150837988826816,0.106944444444445,0.0668934240362812,0.629289493575208,0.00149157672643257,0.0668934240362812,-0.00919784580498871,3,0.0909241209316636,9,-0.561665071494296
3664,14808,170,0.988885293899643,0.0111147061003571,-0.85940033478442,0.14059966521558,0.835715437046202,0.164284562953799,-0.99377853211035,0.00622146788964952,-0.70503154129145,0.29496845870855,0.837033401376636,0.162966598623364,0.774596669241483,0.225403330758517,-0.988885293899643,0.011114706100357,4,123,38,38,9,0.173745173745174,6.38390373041108,0.00639369170075436,0.00483523499961751,-0.0120086091869181,0.0400020080871145,0.862705492930018,0.000330199022252167,-0.00130665465084555,0.00323995515539131,4,-1.0389132591187,38,0.244392566438783
3664,14809,170,0.990637172313082,0.00936282768691798,-0.850300389678948,0.149699610321052,-0.874400324717084,0.125599675282916,-0.975159986952529,0.0248400130474712,0.514716422551992,0.485283577448008,0.938688789299809,0.0613112107001912,0.774596669241483,0.225403330758517,-0.990637172313082,0.00936282768691801,4,124,34,34,8,0.241379310344827,5.84344305120167,0.0125416480591597,-0.00786541724250289,0.0122787356321839,0.0272233201581027,0.847550920156805,0.000133478300118651,-0.000904930773685915,0.00231012395587923,4,-0.980929920142338,34,1.0805668627335
3664,14810,170,0.988538303359044,0.011461696640956,-0.859479923387241,0.140520076612759,-0.973230620593854,0.0267693794061461,0.98027861814955,0.01972138185045,0.728740015151279,0.271259984848721,-0.748745950289313,0.251254049710686,0.774596669241483,0.225403330758517,-0.988538303359044,0.011461696640956,4,131,22,22,7,0.789473684210527,5.4296157059315,0.145686026539476,-0.0449648745388094,0.0592502088554721,0.190283400809717,0.745949432404541,0.00862565651426854,0.0110203219435576,-0.0148128588817444,4,-0.321281573037661,22,0.539751748396433
3664,14811,170,0.987189222821407,0.0128107771785928,-0.852064739212384,0.147935260787616,-0.960333815288297,0.0396661847117033,0.947296186340375,0.0527038136596247,0.701952583988118,0.298047416011882,-0.652956037599502,0.347043962400498,0.774596669241483,0.225403330758517,-0.987189222821407,0.0128107771785929,4,138,17,17,6,0.285714285714286,4.79464285714286,0.0190263605442177,-0.022417320150017,0.020625,0.0942078754578755,0.803572144001832,0.00187660779866288,0.00694474268273491,-0.00602530477335163,4,-0.369128681999965,17,1.08415374486686
3664,14812,170,0.981501292962499,0.0184987070375016,-0.865132133403575,0.134867866596425,0.945021960037172,0.0549780399628284,0.842243624552715,0.157756375447285,-0.690268489962633,0.309731510037367,-0.463501500873207,0.536498499126793,0.774596669241483,0.225403330758517,-0.981501292962498,0.0184987070375016,4,140,15,15,5,0.166666666666667,4.11904761904762,0.00642479213907788,0.0153820978563247,-0.0117857142857144,0.0464646464646465,0.815989565989566,0.000387370509470633,0.00336624047964255,-0.00194322344322346,4,-0.290043448401667,15,9.99992717549246
3664,14813,170,0.979795897113271,0.0202041028867288,-0.885437744847145,0.114562255152855,0.928018065152001,0.0719819348479993,-0.9667834412296,0.164543971511322,-0.648645991316037,0.351354008683963,0.9667834412296,0.164543971511322,0.774596669241483,0.225403330758517,-0.979795897113271,0.0202041028867289,4,145,10,10,4,0.5,3.33611111111111,0.0518827160493827,0.0517777777777778,-0.0314722222222223,0.0222539682539683,0.837714285714286,0.000132463592844546,-0.011126984126984,0.00305992063492061,3,-0.709997026893675,10,9.99992213143227
3664,14831,170,0.996859867506956,0.00314013249304401,-0.831261246939556,0.168738753060444,0.43721074843444,0.562789251565559,-0.958068809173429,0.0419311908265709,-0.774596669241484,0.225403330758516,0.927402258840297,0.072597741159703,0.774596669241483,0.225403330758517,-0.993660791896455,0.00633920810354462,4,127,12,12,5,0.083333333333333,4.02083333333333,0.0017361111111111,0.00434439178515011,-0.00687500000000009,0.0525017618040874,0.830214940098661,0.000480731649053592,-0.00500953545150613,0.00433139534883721,4,-0.934575552666158,12,0.97879403373892
3664,14835,170,0.989100491961172,0.0108995080388281,-0.846801730472787,0.153198269527213,-0.963733523637537,0.0362664763624634,NA,NA,0.701952583988118,0.298047416011882,0.866025403784439,0.333333333333333,0.774596669241483,0.225403330758517,-0.989100491961172,0.0108995080388282,4,134,8,8,4,0.571428571428572,3.58928571428571,0.0761054421768708,-0.0830429732868757,0.04125,0.0241402116402116,0.751212522045855,0.000194249939344736,-0.0241402116402113,0.00331927910052907,3,-0.57584743857108,8,-0.175688934868012
3664,14845,170,0.961425604961887,0.038574395038113,-0.902768536104978,0.0972314638950218,-0.977227262426685,0.0227727375733147,0.974682533430388,0.0253174665696116,0.810511637281599,0.189488362718401,-0.803305399153365,0.196694600846635,0.917519102351613,0.0824808976483866,-0.996405275068694,0.00359472493130554,4,91,256,256,15,1.49882289025715,10.4283936706021,0.53449628878826,-0.00741242077074685,0.12622341353125,0.16624046805259,0.826904099977987,0.0066576471989244,0.000825117342188596,-0.0139620565809369,4,-2.73884998409589,256,0.283104581407691
3664,14846,170,0.962696058772664,0.0373039412273362,-0.900928749153851,0.0990712508461486,-0.972641228277869,0.0273587717221312,0.976246810097831,0.0237531899021688,0.797923952737399,0.202076047262601,-0.804055573507752,0.195944426492248,0.907744201363304,0.0922557986366963,-0.998575095248032,0.00142490475196811,4,96,231,231,14,1.06255028157683,9.74051598193581,0.27236790581289,-0.00598377154890236,0.0887049360452147,0.14880300420535,0.861719811919872,0.00533784483989696,0.000840788890830536,-0.0125134585251765,4,-2.70953256265769,231,0.28472204378503
3664,14847,170,0.996454675300999,0.00354532469900115,-0.817931097764421,0.182068902235579,-0.998712610811487,0.00128738918851266,0.996411963728156,0.00358803627184368,0.792498563030657,0.207501436969343,-0.766852927511195,0.233147072488805,0.774596669241483,0.225403330758517,-0.996454675300999,0.00354532469900114,4,98,117,117,13,0.628921962992759,9.0565564356659,0.096692919390716,-0.00923741834285728,0.0524933318170543,0.0360545633621369,0.79959763036047,0.000310177889210562,0.000521983882887961,-0.00287690696061908,4,-1.76335472864039,117,-0.244945835448074
3664,14848,170,0.993437941781933,0.00656205821806743,-0.816868411313315,0.183131588686684,-0.990512341986992,0.00948765801300822,0.985307754011979,0.014692245988021,0.764484961501169,0.235515038498831,-0.754054722237158,0.245945277762842,0.774596669241483,0.225403330758517,-0.993437941781933,0.00656205821806735,4,128,30,30,12,2.16402116402116,6.9734446268929,1.13552565111814,-0.0967914514394953,0.173530468892538,0.211271973176735,0.74252790024547,0.0104328033099541,0.00922892351670905,-0.0164063394490324,4,-1.15963503101552,30,-0.981289353864889
3664,14849,170,0.981155781039212,0.0188442189607878,-0.839999999999999,0.160000000000001,-0.98571973719151,0.0142802628084901,0.932818226240582,0.067181773759418,0.785244919332253,0.214755080667747,-0.774901802866254,0.225098197133746,0.774596669241483,0.225403330758517,-0.981155781039212,0.0188442189607878,4,137,21,21,11,1.33333333333333,6.5843253968254,0.4333309712774,-0.100523809523809,0.110109126984127,0.0346472241209084,0.774157802408576,0.000263145720406816,0.00234423313184923,-0.00267764591216605,4,-0.594072433416302,21,-1.39988020170486
3664,14850,170,0.973728991120295,0.0262710088797049,-0.848528137423856,0.151471862576144,-0.987457136437686,0.0125428635623136,0.981415722706629,0.0185842772933709,0.803651508327266,0.196348491672734,-0.813978314080503,0.186021685919497,0.774596669241483,0.225403330758517,-0.973728991120295,0.0262710088797046,4,140,17,17,10,2.45882352941176,6.62100840336134,1.41375420756538,-0.214360410830999,0.203546218487396,0.197222222222222,0.702275416576887,0.00903456665066182,0.0170312312959372,-0.01648066822883,4,-0.557589716942501,17,-1.54497233414753
3664,14851,170,0.968281816776558,0.0317181832234423,-0.853479990184587,0.146520009815413,-0.991073207084148,0.00892679291585153,0.986946061855322,0.0130539381446781,0.821022760056413,0.178977239943587,-0.846624386199535,0.153375613800465,0.774596669241483,0.225403330758517,-0.968281816776558,0.0317181832234423,4,142,16,16,9,2.15,5.88044871794872,1.04093071992111,-0.202568390361033,0.178432692307693,0.174149659863946,0.72269835818943,0.00680362098849682,0.0163086684377893,-0.0148754169937206,4,-0.50167591613291,16,-1.37439364180188
3664,14852,170,0.979795897113271,0.020204102886729,-0.822192191643778,0.177807808356222,-0.98921688976275,0.0107831102372504,0.979926924111486,0.0200730758885141,0.768356555732737,0.231643444267263,-0.797807543607698,0.202192456392302,0.774596669241483,0.225403330758517,-0.979795897113271,0.0202041028867288,4,145,14,14,8,1.68571428571429,5.19844322344322,0.645186739390036,-0.194630036630037,0.131466117216118,0.121333333333333,0.760445887445887,0.0034826230642854,0.0141651948051948,-0.0100290476190476,4,-0.929824561403509,14,-1.50337364433975
3664,14853,170,NA,NA,-0.774596669241482,0.225403330758518,NA,NA,NA,NA,0.774596669241482,0.225403330758518,-0.774596669241482,0.225403330758518,0.774596669241483,0.225403330758517,-1,0,4,148,8,8,7,1.375,4.71875,0.47265625,-0.34375,0.1134375,0.195887445887446,0.6620670995671,0.00959297286407676,0.0489718614718615,-0.0161607142857143,4,-1.60194102640492,8,-1.99992846966816
3664,14869,170,NA,NA,NA,NA,NA,NA,NA,NA,NA,NA,NA,NA,NA,NA,NA,NA,3,130,9,9,5,0,3.66666666666667,0,NA,0,0,0.725,0,NA,-2.64407369377741e-17,3,-0.827842472482574,9,0.208305153906271
3664,14877,170,0.997200382145202,0.00279961785479754,-0.817865041315772,0.182134958684228,-0.984457261570661,0.0155427384293388,0.989118451177338,0.0108815488226617,0.905448103843284,0.094551896156716,-0.72463086713359,0.27536913286641,0.774596669241483,0.225403330758517,-0.997200382145202,0.00279961785479776,4,103,87,87,11,0.120656370656372,8.43525230264688,0.00289444683936945,-0.00233009932368659,0.0103765903381869,0.0177074911677216,0.763405807215271,7.26135653185394e-05,0.000370810447813942,-0.001315327891215,4,-1.45446009756407,87,-0.0516812462423467
3664,14880,170,0.996791501570738,0.00320849842926196,-0.820748314181597,0.179251685818403,0.925025342008219,0.0749746579917812,-0.347658668263871,0.652341331736129,-0.544036870432031,0.455963129567969,0.74174607407422,0.25825392592578,0.774596669241484,0.225403330758516,-0.996791501570738,0.00320849842926184,4,110,84,84,10,0.135837135837137,7.59820060861728,0.0035172780750531,0.00258350222158516,-0.00687289968539983,0.000976454654373127,0.838027334579124,2.2299062997397e-07,-7.73122344938795e-06,7.46116909396992e-05,4,-1.78439370615486,84,0.389601131358373
3664,14881,170,0.998033429758503,0.00196657024149705,-0.812718158712466,0.187281841287534,-0.984403135948655,0.0155968640513454,0.999606562327404,0.000393437672595809,0.902531612524429,0.0974683874755709,-0.800176485236797,0.199823514763203,0.774596669241483,0.225403330758517,-0.998033429758503,0.00196657024149692,4,121,47,47,9,0.555555555555556,7.30385247827108,0.0619944797632984,-0.0188170368185903,0.0478682170542638,0.0527459468635939,0.849279843821149,0.000671256056556077,0.00198826809396564,-0.00441609301527921,4,-1.48499404884985,47,-0.238940821318039
3664,14882,170,0.997693191852648,0.00230680814735207,-0.815743702408073,0.184256297591927,-0.969292974538792,0.0307070254612076,0.999735735777197,0.000264264222803012,0.93290903413583,0.0670909658641701,-0.808853234824111,0.191146765175889,0.774596669241483,0.225403330758517,-0.997693191852648,0.00230680814735196,4,122,44,44,8,0.512605042016807,6.62048575527772,0.0506067237056842,-0.0181290454812925,0.0447045501127282,0.059358880747421,0.846482064820143,0.000837291856995544,0.002405134747518,-0.00498558906931285,4,-1.38339509504193,44,0.200108218859499
3664,14883,170,0.991836598134176,0.00816340186582432,-0.698430295769577,0.301569704230423,-0.935248877305779,0.0647511226942207,0.825321468499118,0.174678531500882,0.880476869821998,0.119523130178002,-0.9389569462328,0.0610430537672,0.774596669241483,0.225403330758517,-0.991836598134176,0.0081634018658243,4,127,21,21,7,0.296153846153846,5.64130036630037,0.0197105489138456,-0.0355177342982221,0.0263315018315019,0.0101371496720335,0.775372689326178,2.3240524134979e-05,0.00107625405413267,-0.000964221824686943,4,-1.46902679601759,21,-0.579207970984162
3664,14884,170,0.905961280213563,0.0940387197864365,-0.685506162763684,0.314493837236316,-0.408970803786088,0.591029196213912,-0.996845780444821,0.00315421955517925,0.878805966004269,0.121194033995731,0.631297189357546,0.368702810642454,0.774596669241483,0.225403330758517,-0.989100491961172,0.0108995080388283,4,128,20,20,6,0.0605263157894731,4.81877530364372,0.00114724535177868,-0.00432671735624233,0.00634058704453435,0.0186941713257502,0.775190112032217,6.79893998567049e-05,-0.00256735926397886,0.00110882441145599,4,-1.5402094594773,20,2.84936728188359
3664,14885,170,0.984731927834662,0.015268072165338,-0.667423812471913,0.332576187528087,0.802180628749429,0.197819371250571,-0.983326344611854,0.0166736553881457,-0.132842232831021,0.867157767168979,0.778898435718011,0.22110156428199,0.774596669241483,0.225403330758517,-0.984731927834662,0.0152680721653381,4,137,15,15,5,0.0888888888888895,4.14920634920635,0.00137062232300329,0.0109668109668111,-0.00104761904761908,0.0186017686017687,0.815212102712103,8.6030699791939e-05,-0.00336801245892157,0.00153891941391944,4,-1.42138447636861,15,9.99993915886325
3664,14886,170,0.927172649945531,0.0728273500544692,-0.512989176042576,0.487010823957424,-0.229415733870562,0.770584266129438,-0.889823916064286,0.110176083935714,0.894427190999916,0.105572809000084,0.820611574541743,0.179388425458257,0.774596669241483,0.225403330758517,-0.927172649945531,0.0728273500544693,4,143,9,9,4,0.0833333333333335,3.29166666666667,0.00231481481481482,-0.00877192982456148,0.00916666666666682,0.0174603174603174,0.816938565549677,7.21644269149001e-05,-0.0060073022061326,0.00148493533215755,4,-1.0547198028073,9,9.99992726797426
3664,14903,170,0.988984715161545,0.0110152848384555,-0.857991978250253,0.142008021749747,-0.991430564459735,0.00856943554026512,0.992752836272894,0.00724716372710654,0.911742925465942,0.0882570745340583,-0.792406964460194,0.207593035539806,0.774596669241483,0.225403330758517,-0.988984715161544,0.0110152848384556,4,126,23,23,7,0.931818181818182,5.65582991569834,0.168408527046037,-0.0482853259910339,0.0797008145363412,0.166568280204644,0.759146531963518,0.00670579436723639,0.00964799518357711,-0.0138223446874763,4,-0.33278251301732,23,0.387490009014946
3664,14907,170,0.99220261006383,0.0077973899361703,-0.847383179221291,0.152616820778709,-0.891838188365133,0.108161811634867,0.99267954997579,0.00732045002420945,0.947863701095744,0.052136298904256,-0.789380581738194,0.210619418261806,0.774596669241483,0.225403330758517,-0.99220261006383,0.00779738993617028,4,134,19,19,6,0.472222222222222,5.00694444444444,0.037229938271605,-0.0262675296655879,0.0389583333333335,0.110929557007988,0.857637754175744,0.00285101972578903,0.00809088809921666,-0.00897831563180828,4,-0.62288320979177,19,1.17142262174446
3664,14908,170,NA,NA,-0.866025403784439,0.333333333333333,-0.359210604053549,0.766091950718079,-0.5,0.666666666666667,0.777713771047819,0.432758617384746,-3.52457089063101e-17,1,NA,NA,NA,NA,3,140,8,8,5,0.285714285714286,3.6031746031746,0.0234315948601663,-0.0952380952380952,0.0327380952380952,0.0523809523809524,0.826984126984127,0.000914588057445202,-0.026190476190476,-3.50817533737157e-17,3,0.41338550284752,8,-0.762600632351789
3664,14915,170,0.991816653902804,0.00818334609719629,-0.846801730472787,0.153198269527213,-0.645630632910066,0.354369367089934,0.935260882228254,0.064739117771746,0.873333764609373,0.126666235390627,-0.943368672713926,0.056631327286074,0.774596669241483,0.225403330758517,-0.989100491961172,0.0108995080388282,4,136,11,11,5,0.25,4.1625,0.0122916666666667,-0.0223577235772358,0.0206250000000001,0.0272727272727273,0.83819073083779,0.000125367653678444,0.00327087228091534,-0.00225000000000003,4,-0.423390197405726,11,0.801770924873072
3664,14916,170,NA,NA,-0.774596669241482,0.225403330758518,NA,NA,NA,NA,0.774596669241482,0.225403330758518,-0.774596669241482,0.225403330758518,0.774596669241483,0.225403330758517,-1,0,4,137,9,9,4,0.555555555555555,3.58333333333333,0.0771604938271604,-0.0925925925925926,0.0458333333333335,0.156565656565657,0.784090909090909,0.00612820120395878,0.0260942760942761,-0.0129166666666667,4,-0.594455632022187,9,5.85923652876003
3664,14927,170,0.993401989809762,0.00659801019023831,-0.832301045791809,0.167698954208191,0.998749159877794,0.00125084012220622,-0.994549653738911,0.005450346261089,-0.856074569440552,0.143925430559448,0.861573926243129,0.138426073756871,0.774596669241483,0.225403330758517,-0.993401989809762,0.00659801019023811,4,121,37,37,8,0.551169590643275,5.80501805985552,0.0669356942042755,0.0314315290656466,-0.0471790075679396,0.0557192300479089,0.785706830009288,0.000650183173619459,-0.00308478236484016,0.00467970772268809,4,-1.13172411738327,37,1.94818899423532
3664,14934,170,0.992523259604837,0.007476740395163,-0.835657838081093,0.164342161918907,0.998010164254575,0.00198983574542488,-0.977103850106532,0.0228961498934681,-0.860882831107494,0.139117168892506,0.867476559682861,0.13252344031714,0.774596669241483,0.225403330758517,-0.992523259604837,0.00747674039516287,4,128,30,30,7,0.498673740053051,5.19014637980155,0.0538271319257191,0.0299757250248486,-0.0425454366833679,0.0519196184220815,0.795880357251457,0.000525286874476711,-0.0028991661877334,0.00423510655858771,4,-0.743520684831232,30,9.76573264763689
3664,14935,170,0.993265916664844,0.00673408333515546,-0.842654801264408,0.157345198735592,0.764336072413721,0.235663927586279,-0.99778332574433,0.00221667425566963,-0.959717798993949,0.0402822010060514,0.868088599974138,0.131911400025862,0.774596669241483,0.225403330758517,-0.993265916664844,0.00673408333515555,4,139,21,21,6,0.0952380952380949,4.7156954887218,0.00223574155731852,0.00512817278094561,-0.00966635338345861,0.0359447004608295,0.848333198587867,0.000281292640143105,-0.00237455875381606,0.00310135553938612,4,-1.26961272274771,21,9.99992707317739
3664,14936,170,0.964901281354016,0.0350987186459846,-0.913500278391139,0.0864997216088611,0.967678224356934,0.0323217756430663,-0.993759193454856,0.00624080654514357,-0.953981208870015,0.0460187911299846,0.875348860924191,0.124651139075809,0.774596669241483,0.225403330758517,-0.964901281354015,0.0350987186459846,4,142,11,11,5,0.318181818181818,3.69621212121212,0.0216735537190083,0.0458202716823407,-0.0299166666666668,0.138419913419913,0.767577561327561,0.00422364004141602,-0.0207723789620341,0.0121180555555556,4,0.368231274050076,11,4.27286202029065
3664,14939,170,0.950586375786717,0.0494136242132832,-0.93267331798025,0.0673266820197503,-0.815610050352882,0.184389949647118,-0.960053581580833,0.0399464184191675,0.573685808737709,0.426314191262291,0.801066055479007,0.198933944520993,0.774596669241483,0.225403330758517,-0.950586375786717,0.0494136242132833,4,149,8,8,4,0.333333333333333,3.30059523809524,0.0201601473922903,-0.0440332759609868,0.0173511904761905,0.312925170068027,0.780810657596372,0.0216193644880477,-0.0536745621943556,0.0250898526077098,4,0.330595378217087,8,9.99991873048828
3664,14946,170,NA,NA,-0.774596669241482,0.225403330758518,NA,NA,NA,NA,0.774596669241482,0.225403330758518,-0.774596669241482,0.225403330758518,0.774596669241483,0.225403330758517,-1,0,4,145,10,10,5,0.3,3.775,0.0225,-0.0375,0.0247500000000001,0.301333333333333,0.746,0.0227004444444444,0.0376666666666667,-0.0248600000000001,4,-1.77628560817721,10,9.9999231184801
3664,14955,170,NA,NA,-0.632455532033675,0.367544467966325,0.996116490183504,0.00388350981649555,0.568434323183949,0.431565676816051,-0.669374346314433,0.330625653685567,-0.727444866910441,0.272555133089559,NA,NA,NA,NA,4,134,9,9,4,0.190476190476191,3.24404761904762,0.00609410430839004,0.0952380952380953,-0.0111309523809525,0.0214947089947091,0.737819664902998,0.000102683820441758,0.00705467372134039,-0.00157021604938271,4,0.806457420437363,9,9.99992726797426
3664,14963,170,0.997553197561758,0.0445433796820969,-0.912245460839306,0.268694159506182,0.994151248022398,0.068887214489195,0.998476143955309,0.0351497513740293,-0.862669744806948,0.337581373995378,-0.888249103844944,0.303843910880213,0.866025403784439,0.333333333333333,-0.99484975116711,0.0646391738271506,3,98,114,114,12,0.16013071895425,7.97399116972256,0.00848218011708423,0.0037122344796003,-0.0218489718896415,0.00402085668062846,0.838029196452484,5.12280281444217e-06,9.16264173387898e-05,-0.000552867793586458,3,-1.86101373636534,114,1.02133496234742
3664,14964,170,0.995402274496796,0.0610707393850509,-0.909934970960094,0.272262593948282,0.998250115240535,0.0376671876751684,-0.65841694095119,0.542452764700747,-0.883817236794726,0.30992978162345,0.286952891486064,0.814715358649029,0.866025403784439,0.333333333333333,-0.995402274496796,0.0610707393850517,3,108,59,59,11,0.343220338983051,7.47405590246803,0.0377017149952399,0.0185655009861773,-0.0471927966101702,0.00284613518908938,0.790272762321098,2.13871627326081e-06,-9.22283278409542e-05,0.000115403740647665,3,-1.4230452109853,59,0.236594520623861
3664,14965,170,NA,NA,-0.909934970960094,0.272262593948282,0.997093929064122,0.0485460005646363,0.978765952842943,0.131426518825404,-0.875694080051723,0.320808594512917,-0.975629432073836,0.140836075122878,0.866025403784439,0.333333333333333,-0.995402274496796,0.061070739385051,3,112,56,56,10,0.235521235521235,6.77687211020544,0.0180840343383839,0.0128431183477055,-0.0323841698841701,0.0106275778689572,0.817073471779609,2.96646216458527e-05,0.000510604939135437,-0.00146129195698161,3,-1.60202908384921,56,1.0809040352808
3664,14966,170,NA,NA,-0.912245460839306,0.268694159506182,0.960712838725833,0.179041063470204,0.998390589058117,0.0361232535407323,-0.762711562606526,0.447735222976386,-0.934008944828586,0.232570905965449,0.866025403784439,0.333333333333333,-0.99484975116711,0.0646391738271506,3,116,47,47,9,0.0796934865900383,6.32394771881199,0.00179140169470985,0.00412153779323314,-0.00887747615553988,0.0452439686944774,0.798781641783663,0.000586623321105169,0.00245103403799972,-0.00622104569549071,3,-1.20404692727373,47,1.36588631452319
3664,14967,170,NA,NA,-0.866025403784439,0.333333333333333,NA,NA,NA,NA,-0.866025403784439,0.333333333333333,0.866025403784438,0.333333333333333,0.866025403784439,0.333333333333333,-1,NA,3,129,32,32,8,0.145833333333333,5.76388888888889,0.00708912037037034,0.0182291666666667,-0.0200520833333334,0.0151947285601889,0.874016522423289,7.69599253392733e-05,-0.00189934107002358,0.00208927517702591,3,-1.12436539028209,32,0.661542509791797
3664,14968,170,NA,NA,-0.866025403784439,0.333333333333333,NA,NA,NA,NA,0.866025403784438,0.333333333333333,0.866025403784438,0.333333333333333,0.866025403784439,0.333333333333333,-1,NA,3,130,14,14,6,0.0595238095238102,4.37698412698413,0.00118102796674228,-0.0297619047619046,0.00818452380952367,0.00486596736596734,0.780468142968143,7.89254613555304e-06,-0.00243298368298359,0.00066907051282047,3,0.0806451612903228,14,0.827055403794942
3664,14973,170,0.944911182523068,0.212295615009657,-0.866025403784439,0.333333333333333,NA,NA,NA,NA,0.866025403784438,0.333333333333333,-0.866025403784438,0.333333333333333,NA,NA,NA,NA,3,135,9,9,5,0.222222222222222,3.85185185185185,0.0164609053497943,-0.111111111111111,0.0305555555555555,0.0501133786848073,0.610279667422525,0.000837116907735631,0.0250566893424036,-0.00689058956916103,3,0.753843620815247,9,-0.359782019881711
3664,14981,170,NA,NA,-0.866025403784439,0.333333333333333,NA,NA,NA,NA,-0.866025403784439,0.333333333333333,0.866025403784439,0.333333333333333,0.866025403784439,0.333333333333333,-1,0,3,130,18,18,7,0.25,5.08333333333333,0.0208333333333333,0.0416666666666667,-0.0343750000000002,0.033749257278669,0.747197464844524,0.00037967078895393,-0.00562487621311145,0.00464052287581693,3,-0.939131444363644,18,-0.149278747631537
3664,14982,170,NA,NA,-0.866025403784439,0.333333333333333,NA,NA,NA,NA,-0.866025403784438,0.333333333333333,0.866025403784439,0.333333333333333,0.866025403784439,0.333333333333333,-1,0,3,132,17,17,6,0.139037433155081,4.36541889483066,0.00644380260611785,0.023172905525847,-0.019117647058824,0.0217844075429214,0.74719954967633,0.000158186803998697,-0.00363073459048689,0.00299535603715167,3,-1.03901504518411,17,9.99993643835596
3664,14983,170,NA,NA,-0.866025403784439,0.333333333333333,NA,NA,NA,NA,0.866025403784439,0.333333333333333,0.866025403784438,0.333333333333333,0.866025403784439,0.333333333333333,-1,0,3,144,11,11,5,0.12987012987013,3.77056277056277,0.00562208354416149,-0.0324675324675324,0.0178571428571428,0.018947718947719,0.727294927294927,0.000119672017773916,-0.0047369297369297,0.00260531135531132,3,-1.09228429306145,11,9.99994068451946
3664,14984,170,NA,NA,-0.866025403784439,0.333333333333333,NA,NA,NA,NA,0.866025403784439,0.333333333333333,-0.866025403784439,0.333333333333333,NA,NA,NA,NA,3,155,8,8,4,0.275,3.21666666666667,0.0252083333333333,-0.0916666666666665,0.0378124999999999,0.0152380952380953,0.823492063492063,7.73998488284206e-05,0.00507936507936513,-0.00209523809523814,3,-1.41421356237309,8,9.99995434071618
3664,14998,170,0.989081897347571,0.0941596076196758,-0.944911182523068,0.212295615009657,0.99597397867844,0.0571450964839275,-0.994246643221427,0.06832257324878,-0.911764451895809,0.269440711493584,0.974536368860713,0.143973041760876,0.866025403784439,0.333333333333333,-0.981980506061966,0.121037718323677,3,117,15,15,6,0.933333333333333,3.98803418803419,0.261968003506465,0.0963369963369962,-0.128333333333334,0.0655884995507637,0.759075725113461,0.00113239853212234,-0.00632287748190711,0.00901841868822999,3,-0.111098686516233,15,3.54415284753262
3664,15002,170,0.977355554850442,0.135737209330303,-0.952216581409108,0.19759612400303,0.990486108663572,0.0878858860469529,-0.987648655497768,0.100161371838808,-0.901127113779166,0.285482010049984,0.892600182412241,0.297757495841839,0.866025403784439,0.333333333333333,-0.977355554850442,0.135737209330303,3,132,11,11,5,0.727272727272727,3.46464646464646,0.16284052647689,0.0845771144278607,-0.1,0.225358851674641,0.854461279461279,0.0159358527518486,-0.0263823426726019,0.0309868421052632,3,-0.0546963412916488,11,9.99994068451946
3664,15003,170,0.99124070716193,0.0843232163219436,-0.924473451641905,0.24901011701139,0.609994281330419,0.582343450344723,NA,NA,-0.866025403784439,0.333333333333333,NA,NA,0.866025403784439,0.333333333333333,-0.99124070716193,0.0843232163219436,3,135,8,8,4,0.125,3.04166666666667,0.00520833333333333,0.0116279069767443,-0.0171875000000002,0.0377551020408163,0.703571428571429,0.000712723865056227,-0.0377551020408163,0.0103826530612245,2,0.131554749988195,8,9.99995434071618
3664,15012,170,NA,NA,-0.866025403784439,0.333333333333333,NA,NA,NA,NA,-0.866025403784439,0.333333333333333,0.866025403784439,0.333333333333333,NA,NA,NA,NA,3,132,9,9,4,0.0833333333333335,3.30555555555556,0.00231481481481482,0.0833333333333335,-0.0114583333333334,0.0294486215538847,0.889202172096909,0.000289073770474641,-0.0294486215538845,0.00404918546365909,3,-1.52752523165195,9,9.99992726797426
3664,15022,170,0.994424324123544,0.0672582986957311,-0.913923057046373,0.266075034637602,0.989004860429716,0.0944918226224227,0.959048805661592,0.182819170647809,-0.8438504814063,0.360566857260025,-0.76153289507636,0.448894205285411,0.866025403784439,0.333333333333333,-0.994424324123544,0.0672582986957318,3,114,55,55,9,0.0903361344537821,6.38020022823944,0.0025953272457212,0.00354209961487805,-0.0118220899470903,0.0101057089502468,0.861392072552291,2.87684337952476e-05,0.000361630540127527,-0.00112325787233134,3,-1.1712585739023,55,2.7802924825782
3664,15023,170,0.993399267798783,0.0731863950403273,-0.917662935482247,0.260146938293006,-0.94647975267884,0.209223484084876,0.983171353654483,0.116958192927465,0.740296300985619,0.469370422377882,-0.829627947727504,0.37710513122047,0.866025403784439,0.333333333333333,-0.993399267798783,0.0731863950403268,3,127,19,19,7,0.196969696969696,5.24694311536417,0.0106939028495311,-0.022454461512633,0.021052631578947,0.0413187967223535,0.613384717164687,0.000528887349901225,0.00518721209082004,-0.00524683802529586,3,-0.880374112235432,19,0.00258670590576669
3664,15024,170,NA,NA,-0.924473451641905,0.24901011701139,0.960719408873828,0.17902599251605,-0.99996252540085,0.00551143861989107,-0.993963691610877,0.0699841244953397,0.921138265792717,0.254521555631276,0.866025403784439,0.333333333333333,-0.99124070716193,0.0843232163219431,3,139,18,18,6,0.0808080808080813,4.40661517132105,0.00165237476061986,0.0103151902057513,-0.0111111111111114,0.00825714450002879,0.808940448124509,2.00886212257993e-05,-0.00118381868194318,0.0011353573687539,3,-1.55046483580762,18,9.99992873922888
3664,15025,170,NA,NA,-0.866025403784438,0.333333333333334,NA,NA,NA,NA,-0.866025403784438,0.333333333333333,-0.866025403784438,0.333333333333333,0.866025403784439,0.333333333333333,-1,0,3,151,8,8,5,0.0416666666666665,3.36111111111111,0.0005787037037037,0.00833333333333341,-0.00572916666666681,0.0833333333333334,0.722222222222222,0.00231481481481482,0.0166666666666667,-0.0114583333333334,3,-0.379423150880586,8,1.07793151846921
3664,15032,170,0.866025403784439,0.333333333333333,-1,9.48637384723993e-09,0.997948715788673,0.040783294536836,-0.981079488463067,0.12403627110555,-0.997948715788673,0.040783294536837,0.981079488463067,0.124036271105549,0.866025403784439,0.333333333333333,-0.866025403784439,0.333333333333333,3,143,10,10,4,0.125,3.43981481481481,0.00392232510288066,0.0625000000000006,-0.0171875000000002,0.0254556143445033,0.790309621791103,0.000168305683634358,-0.0127278071722514,0.00350014697236915,3,-1.6166632302369,10,9.99992530350537
3664,15041,170,0.99920988437394,0.0253086538315304,-0.912245460839306,0.268694159506182,0.976861955296402,0.13721431361713,0.594092730710887,0.595022423103932,-0.803526990191612,0.405908473123312,-0.212442159866602,0.863716582610114,0.866025403784439,0.333333333333333,-0.99484975116711,0.0646391738271492,3,117,36,36,8,0.251336898395722,5.45128596893303,0.0187692850596729,0.0135652019213664,-0.0302731092436977,0.00527822621329832,0.868550276028078,7.67725288539352e-06,0.000166850058475428,-0.000161873711748883,3,-0.773965329426766,36,9.99995486775092
3664,15042,170,0.994233733192737,0.0683992589724132,-0.938652204581148,0.224150779824086,0.991810670888842,0.0815297500517547,-0.0806094689957264,0.948626679088813,-0.886920170584936,0.305680529875841,0.419407229451314,0.724475899264728,0.866025403784439,0.333333333333333,-0.985329278164293,0.109182553509248,3,118,21,21,7,0.409523809523809,4.66633249791145,0.053300251464082,0.0390782782198214,-0.056309523809524,0.00753807595912859,0.777746717220401,1.43234315371812e-05,-5.20656882434908e-05,0.000436507936507892,3,-0.654697422206436,21,4.63406117616538
3664,15048,170,0.981980506061966,0.121037718323677,-0.944911182523068,0.212295615009657,0.838039558120611,0.36740358725413,0.973103581402934,0.147985988592325,-0.613280327129378,0.579699202263787,-0.844090824261967,0.360281603601981,0.866025403784439,0.333333333333333,-0.981980506061966,0.121037718323677,3,130,15,15,6,0.107692307692307,4.25811965811966,0.00295419680035063,0.00860805860805875,-0.00916666666666701,0.0753846153846154,0.801556776556776,0.00180816351688605,0.00781985871271588,-0.0098705357142858,3,-0.171816340214218,15,5.0882316879493
3664,15049,170,0.99124070716193,0.084323216321943,-0.924473451641905,0.24901011701139,0.99975035366175,0.014225474332622,0.979734620715672,0.12838333637159,-0.91572429469782,0.263235591344012,-0.829375003618231,0.377393453382979,0.866025403784439,0.333333333333333,-0.99124070716193,0.0843232163219441,3,131,11,11,5,0.227272727272727,3.64242424242424,0.0153994490358127,0.0327695560253701,-0.0312500000000003,0.146723646723647,0.696615729949063,0.00666616109851887,0.0211286990356758,-0.0186217948717949,3,0.21688819636224,11,9.99994068451946
3664,15050,170,0.981980506061966,0.121037718323677,-0.944911182523068,0.212295615009657,0.975191896915878,0.142099924294405,0.984019916764675,0.113963211623779,-0.849012279764811,0.354395539304062,-0.871528121772379,0.326258826633436,0.866025403784439,0.333333333333333,-0.981980506061966,0.121037718323677,3,143,8,8,4,0.476190476190476,2.9781746031746,0.0728576152683296,0.0994897959183674,-0.0630208333333336,0.484126984126984,0.616990005878895,0.0771428675112783,0.103300579491056,-0.0665674603174605,3,0.400249121426348,8,9.99995434071618
3664,15062,170,NA,NA,-0.866025403784438,0.333333333333333,-3.58952252336077e-15,0.999999999999998,0.996910724122269,0.0500536019348994,0.500000000000003,0.666666666666664,-0.824078495585721,0.383386935268233,0.866025403784439,0.333333333333333,-1,1.34157585525081e-08,3,125,15,15,6,0.142857142857143,4.14285714285714,0.00510204081632656,4.37059271414095e-17,0.00982142857142847,0.0589336589336589,0.795251661918329,0.00106575025039277,0.00805279376707948,-0.00739824989824991,3,0.160128153805087,15,9.99995047256812
3664,15069,170,0.981980506061966,0.121037718323677,-0.755928946018454,0.45437105165701,-0.898245734227225,0.289684150967564,0.96690456867925,0.164242006319275,0.966726032131466,0.164686900689446,-0.897938379907557,0.290129045337735,0.866025403784439,0.333333333333333,-0.981980506061966,0.121037718323677,3,130,8,8,5,0.857142857142857,3.50595238095238,0.196534863945578,-0.150510204081633,0.117857142857143,0.571428571428571,0.599900793650794,0.101244360591459,0.116284013605442,-0.0785714285714288,3,-0.0490478692152519,8,0.299045240986007
3664,15076,170,NA,NA,-0.917662935482247,0.260146938293006,-0.954445639756411,0.192895771970645,0.999872446164248,0.0101682566351671,0.757293269573562,0.453042710263651,-0.911199421283075,0.270315194928167,0.866025403784439,0.333333333333333,-0.993399267798783,0.0731863950403275,3,102,25,25,7,0.193627450980392,5.11898692810458,0.0105128828655645,-0.0224509803921568,0.0213529411764706,0.0257425028835064,0.822351248683617,0.000199532975207855,0.00324022478152659,-0.00353959414648219,3,-0.788998567417368,25,9.99992337963478
3664,15077,170,NA,NA,-0.866025403784439,0.333333333333333,NA,NA,NA,NA,0.866025403784439,0.333333333333333,-0.866025403784438,0.333333333333333,0.866025403784439,0.333333333333333,-1,0,3,119,12,12,6,0.233333333333333,4.24444444444444,0.0181481481481482,-0.116666666666666,0.032083333333333,0.0300653594771242,0.748148148148148,0.000301308613496234,0.0150326797385621,-0.00413398692810462,3,-0.786277678369785,12,-0.368378384950659
3664,15088,170,0.987829161147262,0.0994252840514123,-0.933256525257383,0.233908049281921,-0.35921060405355,0.766091950718079,0.382625067364291,0.750040217177792,-3.52650746804344e-17,1,-0.688963349137893,0.516132167895871,0.866025403784439,0.333333333333333,-0.987829161147262,0.0994252840514117,3,109,13,13,5,0.0833333333333335,3.97222222222222,0.00231481481481482,-0.00537634408602132,-2.18586309482382e-16,0.00194887080132988,0.79964661931875,1.00465853471253e-06,0.000119306042098237,-0.000189905722692636,3,-0.0656358374914927,13,9.99994974873808
3664,15100,170,0.902139325272899,0.0362048056850499,-0.923025472152672,0.0253381786094906,-0.502385439046497,0.388373991938339,0.81738491881327,0.0910688027716291,0.402409860068978,0.501821022780339,-0.724990269094329,0.165796421110792,0.903371531775514,0.0355299405677729,-0.994042614776786,0.000551478916815063,5,79,231,231,16,1.76296296296296,9.71853056269016,0.435098394602866,-0.00338796064974738,0.046166297239515,0.18943768298607,0.80074609410706,0.00695559753473663,0.000696949669509645,-0.0105162787540718,5,-0.513045734351436,231,0.744631265097024
3664,15101,170,0.861247601780936,0.0607355167524359,-0.916435865960791,0.0286314797943518,-0.256670949902284,0.676821020561236,0.782474216054611,0.117732330560778,0.143419395536901,0.818020711747293,-0.674133948161135,0.212047427693193,0.901195663079067,0.0367243732825058,-0.993588299767326,0.000615709062802903,5,87,196,196,15,1.43888888888889,9.07777604490426,0.275065957685917,-0.00163915589890441,0.0130824474780666,0.157442917208741,0.836668719209633,0.00467975254448955,0.000651788360576629,-0.00802084884482734,5,-0.451839822531781,196,0.769461037548664
3664,15102,170,0.850763023597621,0.0676362631303735,-0.915688888610617,0.0290128970313697,0.311562121106711,0.609821535318491,0.589404968853379,0.295602098317916,-0.409431554250033,0.493650433659459,-0.436833969934388,0.462039345079923,0.875058429322479,0.052009536578298,-0.974135250955868,0.00497398097861614,5,91,123,123,14,1.28374655647383,8.5546420283094,0.270776721132019,0.00328293452460284,-0.0370552426924106,0.0892578803673368,0.807329911366407,0.00114921886030987,0.000404601111925105,-0.0025756121512324,5,-0.705781591859402,123,0.441932089176074
3664,15103,170,0.926645549311136,0.0235850257599464,-0.921198446566382,0.0262382496378725,0.7266745543932,0.164321282217669,0.650345374100534,0.234740702954594,-0.749840716204597,0.144427774968571,-0.492263857446334,0.399554383379959,0.789393428521769,0.112285202746214,-0.881861729498318,0.0478707394382979,5,92,109,109,13,0.967592592592593,7.92950045737174,0.144579655234427,0.00619160710604421,-0.0495889943160981,0.0336511067280298,0.779879110173793,0.000154686738303472,0.000181251012433883,-0.00106484692501553,5,-0.907367801777703,109,0.662661360011539
3664,15104,170,0.99220261006383,0.00779738993617052,-0.807970008094719,0.192029991905281,0.996587139224365,0.00341286077563496,0.955900278147863,0.0440997218521368,-0.851013249188644,0.148986750811356,-0.775735649559527,0.224264350440473,0.774596669241483,0.225403330758517,-0.99220261006383,0.00779738993617028,4,105,18,18,6,0.395833333333333,4.94699754901961,0.035746843161284,0.0287621359223301,-0.0342738970588236,0.101666666666667,0.649972258134023,0.00228881498716592,0.00698079590312599,-0.00790546487825899,4,1.95422486403714,18,0.24543080651581
3664,15105,170,0.990867388613724,0.00913261138627552,-0.810162722151319,0.189837277848681,0.993628159729075,0.00637184027092474,0.905679999721056,0.0943200002789444,-0.811303775931024,0.188696224068976,-0.799874577620169,0.20012542237983,0.774596669241483,0.225403330758517,-0.990867388613725,0.0091326113862754,4,115,17,17,5,0.666666666666667,4.14955357142857,0.104015347458428,0.0529220779220779,-0.0557366071428573,0.0663203463203463,0.726712454212454,0.000875055032472616,0.0044244240607877,-0.00504020146520148,4,1.94472361561057,17,9.99993968154351
3664,15106,170,NA,NA,-0.762770071396473,0.237229928603527,0.964868894004481,0.0351311059955188,0.984441617434713,0.0155583825652865,-0.824819184721709,0.175180815278291,-0.712745186592186,0.287254813407814,0.774596669241483,0.225403330758517,-0.984731927834662,0.0152680721653381,4,154,8,8,4,1.42857142857143,2.99107142857143,0.44249574829932,0.237012987012987,-0.116875,0.577380952380952,0.60063244047619,0.0765525258497496,0.10058170995671,-0.042007068452381,4,-0.207972582701925,8,6.43190161793014
3664,15113,170,0.990147542976674,0.00985245702332582,-0.843661487732106,0.156338512267894,-0.97403231754435,0.0259676824556502,-0.519601921449997,0.652160522627766,0.792102652681348,0.207897347318653,0.0227842260167552,0.985493855961099,0.774596669241483,0.225403330758517,-0.990147542976674,0.00985245702332571,4,123,9,9,4,0.75,3.47767857142857,0.124016794217687,-0.101890756302521,0.0594196428571431,0.0585106382978723,0.758105369807497,0.00111229417072397,-0.0300151975683887,0.000208966565349491,3,1.3229459595557,9,9.99993021423617
3664,15121,170,0.897261230210397,0.0389158768912106,-0.921865878714086,0.025908270445027,0.859560661831693,0.0618301002794941,-0.97921986957257,0.00358465953000194,-0.858724388391453,0.0623749848746276,0.933226094719809,0.0205043316214826,0.801422821181129,0.103002804563787,-0.904393416882102,0.034973353664256,5,99,91,91,12,1.25571725571726,7.1991494757439,0.285666612651507,0.0125167113515611,-0.0798263421792833,0.0649245902767029,0.799545777081555,0.000821569807286638,-0.000764691768834512,0.00465234377744736,5,-1.98763728624997,91,0.875963007686115
3664,15122,170,0.990047333263888,0.00119012788134798,-0.802772971919488,0.101976192147405,0.779244991217749,0.120300852185633,-0.946493507093408,0.0147376053560838,-0.945741917654403,0.0150474881219141,0.886217883371966,0.04527831779229,0.757943961099455,0.137649382082784,-0.993925166018512,0.000567857468897434,5,105,31,31,8,0.169354838709677,5.3365376344086,0.00539542374841021,0.00501050549993821,-0.0120822580645162,0.0273118279569892,0.775240375345826,0.000122436481711138,-0.000916785643761976,0.00170552708137247,5,-1.44265965231622,31,6.30825988116102
3664,15123,170,0.985104122836801,0.0021775103017001,-0.834675065193024,0.0786623878115726,0.78833165818312,0.11311603183323,0.493016125181695,0.39872085922704,-0.873969231959845,0.0526821392178183,-0.648798713855728,0.23623793780825,0.792282444773584,0.110033927331054,-0.991687015618585,0.000908713585082794,5,126,22,22,7,0.151515151515151,4.7517316017316,0.00409920166413671,0.0063439062254228,-0.00973214285714284,0.0285714285714286,0.868421881149154,0.00013780772195498,0.000727438103569081,-0.00132467532467532,5,-1.98646565176445,22,9.99994884493466
3664,15124,170,0.980196058819607,0.0198039411803932,-0.650791373455967,0.349208626544033,0.99985660512563,0.000143394874370539,-0.994881003499516,0.00511899650048431,-0.662387239895113,0.337612760104887,0.577705999518625,0.422294000481375,0.774596669241483,0.225403330758517,-0.980196058819607,0.0198039411803931,4,127,8,8,4,0.583333333333333,3.07738095238095,0.0775226757369615,0.116946778711485,-0.0392857142857144,0.149501661129568,0.782668881506091,0.00497449746078348,-0.0294769070418865,0.0086794019933555,4,-0.975807358037436,8,6.43190161793014
3664,15131,170,0.996147404187022,0.000286888339429137,-0.770096959709791,0.127666242918291,0.963834077245958,0.00821132168922278,-0.999617037770985,8.99586276483747e-06,-0.889896717414259,0.0431249396233108,0.754470505202936,0.140543185368539,0.707106781186547,0.181690113816209,-0.994378820001795,0.000505485346139051,5,128,14,14,6,0.476190476190477,3.99047619047619,0.0378684807256237,0.0397181294042281,-0.0301190476190478,0.100209314495029,0.827315541601256,0.00188592524318023,-0.00919270778335481,0.00569858712715859,5,-1.02730375426621,14,9.99992882545502
3664,15144,170,NA,NA,-0.70710678118655,0.181690113816207,NA,NA,NA,NA,-0.70710678118655,0.181690113816207,NA,NA,0.707106781186547,0.181690113816209,-1,0,5,121,9,9,5,0.444444444444445,3.35555555555556,0.0395061728395062,0.0555555555555556,-0.0244444444444445,0,0.773809523809524,0,NA,0,4,0.192545197267052,9,9.99994847686742
3664,15152,170,0.710259601432574,0.178857925356522,-0.927192702601527,0.0233235975369748,0.0714284561333673,0.909131858712939,0.952513846682172,0.0474861533178277,-0.010290286676361,0.98689823130913,-0.833562274093354,0.166437725906646,0.769318812943251,0.128298744907738,-0.78024114377846,0.119506744671091,5,126,60,60,11,2,7.13412384716733,0.55500532043237,0.00200030047791626,-0.00133333333333272,0.0476048362411999,0.875135223181549,0.00047904148460756,0.000964113909769816,-0.00388626966049589,4,-1.88718984671658,60,0.248264915580467
3664,15153,170,0.718982615723307,0.171088910393972,-0.929014105869286,0.0224601570074669,0.418536701113129,0.483097533103001,0.946621454405795,0.0533785455942053,-0.343646099776389,0.571227358797651,-0.882304231094774,0.117695768905226,0.759245936310509,0.136569270181691,-0.773839681915425,0.124637086294703,5,127,50,50,10,1.96909090909091,6.51510674310674,0.679297770593168,0.0159592406852681,-0.0492611111111105,0.0492600422832982,0.862035621288113,0.000477542036622982,0.00119250175159077,-0.00410707358996396,4,-1.76525821596244,50,0.128543805798905
3664,15160,170,0.743729943581694,0.149602258253955,-0.923334370835044,0.0251870058896695,0.693162171401359,0.194366861616449,0.962174463225492,0.0378255367745075,-0.557445408028869,0.328936336578694,-0.821995936664424,0.178004063335576,0.917534910705538,0.0824650892944625,-0.991011412477115,0.00898858752288465,5,128,43,43,9,1.82170542635659,5.9046919624643,0.52665026023733,0.026464398304188,-0.0703600571195425,0.281227844385739,0.780089941382909,0.0183104520980007,0.00793952462970934,-0.0236934074782837,4,-1.22174873458714,43,0.48701456007168
3664,15161,170,0.812034817578118,0.0950188044730025,-0.861292989103604,0.0607061514730564,-0.180330991185167,0.77164602128491,-0.999213722183907,0.000786277816092871,0.1433745869695,0.818077174168556,0.672934095010127,0.327065904989873,0.774596669241483,0.225403330758517,-0.979795897113271,0.0202041028867289,5,137,15,15,6,1.33333333333333,4.38930402930403,0.22567580404943,-0.0141409907077482,0.0118461538461542,0.159307359307359,0.631213231213231,0.00510977106825702,-0.0174958374958375,0.0102466422466423,4,0.411050621623368,15,1.54489606402274
3664,15163,170,0.751305484016714,0.143195406798588,-0.855907937346385,0.0642210226793838,0.055955642350987,0.928792259273647,0.897779018924134,0.102220981075866,0.0151268409119989,0.980740642509073,-0.83469673612289,0.16530326387711,0.774596669241483,0.225403330758517,-0.979795897113271,0.0202041028867289,5,151,13,13,5,0.5,3.7995337995338,0.0333926951059818,0.00190866044524582,0.000480769230769355,0.184051036682616,0.73272297877561,0.00668563523846053,0.0179811066126856,-0.0145381241565452,4,-0.299056485872609,13,9.99992807776721
3664,15175,170,0.970725343394151,0.154420958311266,-0.720576692122892,0.487754291644599,0.99903800743716,0.0279264543739601,0.0439054154078859,0.972039956497715,-0.68947712293334,0.515680746018562,-0.724343837197375,0.484285664853115,0.866025403784439,0.333333333333333,-0.970725343394151,0.154420958311266,3,129,28,28,8,0.535714285714286,5.80523809523809,0.0759394557823129,0.0440842490842491,-0.0522500000000006,0.00812879081171758,0.818252462683357,1.79528809162895e-05,2.97887899513988e-05,-0.000844004065040678,3,-1.58419895956301,28,-0.0989729695757902
3664,15179,170,NA,NA,-0.720576692122892,0.487754291644599,0.968028296200553,0.16141427820879,0.919830112506318,0.256652687010399,-0.523611673179688,0.64916856985339,-0.934830979011378,0.231101604634202,0.866025403784439,0.333333333333333,-0.970725343394151,0.154420958311266,3,133,24,24,7,0.25,5.37698412698413,0.0156368102796674,0.0193833943833944,-0.0180059523809527,0.0373932373932374,0.836883693405433,0.000399999962191718,0.00294581381537905,-0.0051415701415702,3,-1.53479702814856,24,0.24373706310468
3664,15180,170,NA,NA,-0.703452458112659,0.503281603348942,-0.253836541283405,0.836614936682275,0.957010945489487,0.187345084468498,0.866025403784439,0.333333333333333,-0.87936379434442,0.315936518880444,0.866025403784439,0.333333333333333,-0.964578856876938,0.169948270015608,3,134,20,20,6,0.0588235294117645,4.98039215686275,0.00115340253748557,-0.00151607034566399,0.00808823529411742,0.0932734204793028,0.785753258418377,0.00281266917736907,0.00892587893661111,-0.0128250953159042,3,-1.05822254238659,20,0.460109306874329
3664,15187,170,0.981980506061966,0.121037718323677,-0.755928946018454,0.45437105165701,-0.970503404997203,0.155008102868349,0.98631213330576,0.105453168314288,0.891460376175632,0.299362948788662,-0.8535270673286,0.348917883342723,0.866025403784439,0.333333333333333,-0.981980506061966,0.121037718323677,3,136,13,13,5,0.818181818181818,4.47086247086247,0.210588944854679,-0.0841658341658341,0.1125,0.220588235294118,0.674420677361854,0.0157801433650757,0.023414820473644,-0.0294852941176471,3,-0.648834899471238,13,1.0569109038509
3664,15191,170,0.987829161147262,0.0994252840514123,-0.777713771047819,0.432758617384745,-0.966975687219177,0.164064457878563,0.999199065448005,0.0254813613452316,0.912245460839306,0.268694159506183,-0.751936486569537,0.458239978729973,0.866025403784439,0.333333333333333,-0.987829161147262,0.0994252840514122,3,146,9,9,4,0.375,3.76388888888889,0.0422453703703704,-0.0618279569892472,0.0515624999999999,0.0787037037037037,0.797067901234568,0.00172718049839963,0.0129181600955795,-0.00859375000000007,3,-1.27999449048873,9,0.430657147992737
3664,15192,170,0.981980506061966,0.121037718323677,-0.755928946018454,0.45437105165701,NA,NA,0.654653670707977,0.54562894834299,NA,NA,3.525813527804e-17,1,0.866025403784439,0.333333333333333,-0.981980506061966,0.121037718323677,3,147,8,8,3,0,3,0,5.49417910395304e-17,-1.05762947751096e-16,0.031055900621118,0.79296066252588,0.000321489654462918,0.00443655723158828,-1.55169293768358e-17,3,-1.01200603545965,8,9.99992597220677
3664,15202,170,0.994134846772434,0.00586515322756576,-0.829288428862728,0.170711571137272,-0.978231976089037,0.021768023910963,NA,NA,0.715626447332133,0.284373552667867,0.866025403784439,0.333333333333333,0.774596669241483,0.225403330758517,-0.994134846772434,0.00586515322756585,4,144,10,10,4,0.555555555555555,3.61111111111111,0.0679012345679012,-0.0584795321637427,0.0397222222222223,0.00683760683760681,0.803133903133903,1.55842890885625e-05,-0.00683760683760654,0.00094017094017087,3,-0.504306711749478,10,9.99995169634625
3664,15211,170,NA,NA,-0.632455532033675,0.367544467966325,0.911631609601457,0.0883683903985435,-0.929659121377534,0.0703408786224662,-0.760374946516266,0.239625053483733,0.752730864368922,0.247269135631078,0.774596669241483,0.225403330758517,-0.816496580927726,0.183503419072274,4,114,14,14,6,0.601398601398602,4.48747086247086,0.0725328640538431,0.300699300699301,-0.0436217948717949,0.106252081252081,0.616077672327672,0.00217708894016961,-0.0531260406260406,0.00748145604395606,4,0.738805970149254,14,-0.402263045222355
3664,15212,170,NA,NA,-0.718184846459607,0.281815153540393,0.996195695814984,0.00380430418501643,-0.99622169594391,0.00377830405609045,-0.740741111853242,0.259258888146758,0.690269266459196,0.309730733540804,NA,NA,NA,NA,4,138,11,11,5,0.375,3.85625,0.0259895833333333,0.127631578947368,-0.0254375,0.0740868506493506,0.759367672258297,0.000934186551530294,-0.0241983984582669,0.0044941096230159,4,0.460418569100588,11,-0.837033228357017
3664,15224,170,0.988277279261249,0.0117227207387509,-0.819048896411385,0.180951103588615,0.947548953363945,0.052451046636055,0.662507960562789,0.337492039437211,-0.915773288016797,0.0842267119832029,-0.262988651085184,0.737011348914816,0.774596669241483,0.225403330758517,-0.988277279261249,0.0117227207387508,4,102,73,73,11,0.394651011089367,6.86159462389035,0.0328130773364301,0.00711736373514235,-0.0353361940834258,0.00425566059757232,0.80599455060471,3.05460341189182e-06,4.8013408861532e-05,-9.79090288331833e-05,4,0.0728488423343528,73,1.56400554454423
3664,15225,170,0.991508226152368,0.00849177384763222,-0.800700627779884,0.199299372220115,0.971074354928698,0.028925645071302,0.908580033822275,0.0914199661777251,-0.898186248225829,0.101813751774171,-0.536550864817647,0.463449135182353,0.774596669241483,0.225403330758517,-0.991508226152368,0.00849177384763213,4,113,45,45,10,0.539393939393939,6.07675865800866,0.0614126841622783,0.015230046989059,-0.0474136904761906,0.017265775160512,0.804065755477822,5.42828026000301e-05,0.000423656660384789,-0.00084207417647723,4,0.342938060198655,45,1.2834025133199
3664,15226,170,0.993660791896455,0.00633920810354471,-0.769686339758848,0.230313660241152,0.991900472037342,0.00809952796265812,0.990084689302449,0.00991531069755114,-0.715747721479883,0.284252278520117,-0.780768044319718,0.219231955680282,0.774596669241483,0.225403330758517,-0.993660791896455,0.00633920810354462,4,134,21,21,9,0.80952380952381,4.85588972431078,0.128183868191783,0.0423451994916201,-0.0545864661654138,0.300844704353476,0.731300473405737,0.0219315323495011,0.0174834136420567,-0.0246300241344101,4,-0.507883599166,21,0.422225360000617
3664,15227,170,0.990867388613724,0.00913261138627552,-0.724882435609074,0.275117564390926,0.994748278542639,0.0052517214573613,0.982143835934475,0.0178561640655248,-0.77578902092137,0.22421097907863,-0.769423829330016,0.230576170669984,0.774596669241483,0.225403330758517,-0.990867388613725,0.0091326113862754,4,137,16,16,8,1.29166666666667,4.19672619047619,0.341312712585034,0.095974025974026,-0.096544642857143,0.232611832611833,0.725686119436119,0.0129138380744934,0.0184317702499521,-0.018625228937729,4,-0.937740530241726,16,0.343450537145387
3664,15228,170,NA,NA,3.52457089063101e-17,1,NA,NA,NA,NA,3.52526252542117e-17,1,-3.52428609983507e-17,1,NA,NA,NA,NA,3,145,10,10,7,0.311111111111111,3.99259259259259,0.0322633744855968,0.311111111111111,-2.26682098722471e-16,0.0415555555555556,0.771703703703704,0.000575621399176955,-0.0415555555555558,-4.18282444071225e-17,3,-0.666405297668953,10,-1.3050290423945
3664,15229,170,NA,NA,3.52457089063101e-17,1,NA,NA,NA,NA,3.5265791931328e-17,1,-3.5243101975178e-17,1,NA,NA,NA,NA,3,148,8,8,6,0.321428571428572,3.53571428571429,0.0344387755102041,0.321428571428571,-1.83504556108667e-16,0.0562770562770563,0.725829725829726,0.00105570235440365,-0.0562770562770564,-3.77803497870784e-17,3,-0.119091668410366,8,-1.60996989062982
3664,15246,170,0.985843572886086,0.0141564271139143,-0.833052161400747,0.166947838599253,0.910622852332081,0.089377147667919,0.428072782158758,0.571927217841242,-0.983150434863297,0.0168495651367029,0.127743609427604,0.872256390572395,0.774596669241483,0.225403330758517,-0.985843572886086,0.0141564271139143,4,118,24,24,8,0.603260869565218,5.21777950310559,0.0718933249103044,0.0328238419516576,-0.0561529503105592,0.0327380952380952,0.743845149415802,0.000244400613612495,0.000899653646510642,0.000425401138716359,4,0.891480798304864,24,0.990290661248711
3664,15249,170,0.977139836403678,0.0228601635963224,-0.873333764609372,0.126666235390628,0.992122139778437,0.00787786022156345,0.891619030077065,0.108380969922935,-0.912870929175276,0.0871290708247238,-0.610912722039227,0.389087277960773,0.774596669241483,0.225403330758517,-0.977139836403678,0.0228601635963224,4,123,21,21,7,0.619047619047619,4.55555555555556,0.0851599899218946,0.0435237497384389,-0.0567460317460319,0.0548900411228321,0.74497884260087,0.000573221533647885,0.00320910509493696,-0.00311565051552536,4,0.605323665985801,21,9.9999524360174
3664,15250,170,0.986440050415621,0.013559949584379,-0.853986492453439,0.146013507546561,0.999702867323704,0.000297132676296386,0.984068084306162,0.015931915693838,-0.843661487732106,0.156338512267893,-0.766923030860711,0.233076969139289,0.774596669241483,0.225403330758517,-0.986440050415621,0.0135599495843789,4,137,8,8,4,0.75,3.03571428571429,0.130102040816327,0.125541125541126,-0.0648214285714288,0.321789321789322,0.602633477633478,0.0253913855104331,0.0545935545935546,-0.0260317460317461,4,0.570875199490057,8,9.99993770741043
3664,15257,170,0.968495996958186,0.0315040030418139,-0.886592641311615,0.113407358688385,0.990219198270221,0.00978080172977913,0.824422212286721,0.17557778771328,-0.925018949291677,0.0749810507083233,-0.539870405834972,0.460129594165028,0.774596669241483,0.225403330758517,-0.968495996958186,0.0315040030418138,4,139,13,13,6,0.676923076923077,3.84300699300699,0.10210165126249,0.0835745649699138,-0.0629615384615386,0.119354838709677,0.777605459057072,0.00254987408333282,0.0109960182353281,-0.00580707196029777,4,0.304157662603911,13,5.63828316088249
3664,15262,170,NA,NA,-0.898684364939247,0.101315635060753,0.997766685979262,0.00223331402073756,NA,NA,-0.876376933562473,0.123623066437527,0.866025403784439,0.333333333333333,0.774596669241483,0.225403330758517,-0.958423217380105,0.0415767826198953,4,142,8,8,5,1.5,3.04166666666667,0.506944444444444,0.21501272264631,-0.132916666666667,0.116921768707483,0.695861678004535,0.00455689999922872,-0.0584608843537415,0.016076743197279,3,1.11505300110186,8,-0.380754042579203
3664,15269,170,0.97902146755428,0.0209785324457201,-0.85120555578755,0.14879444421245,0.409925413335941,0.590074586664059,0.62362264454668,0.376377355453319,-0.681424762197736,0.318575237802264,-0.359147700742119,0.640852299257881,0.774596669241483,0.225403330758517,-0.97902146755428,0.0209785324457201,4,125,28,28,7,0.19047619047619,5.52910052910053,0.00787002043615796,0.00435953489845707,-0.0128769841269843,0.0152388620504562,0.754596809077485,4.16648594109677e-05,0.000482563224962478,-0.000493817378720746,4,-0.486906540590993,28,1.28498697175598
3664,15273,170,0.969003166223018,0.0309968337769817,-0.863174618796921,0.136825381203079,0.949862146767513,0.0501378532324868,-0.921401935388655,0.0785980646113449,-0.948707852381329,0.0512921476186705,0.599731231354203,0.400268768645797,0.774596669241483,0.225403330758517,-0.969003166223018,0.0309968337769816,4,130,24,24,6,0.265700483091788,4.9407306763285,0.0163192584716096,0.0176371028100974,-0.025816123188406,0.00902777777777786,0.76371150723482,1.62930431042913e-05,-0.000540588345504229,0.000515663138825329,4,-0.444476265299232,24,5.96649028202623
3664,15274,170,0.983934698056655,0.0160653019433452,-0.818608283559572,0.181391716440428,0.943945797140291,0.0560542028597091,0.912269082175141,0.0877309178248584,-0.953289770240737,0.0467102297592633,-0.637180113437546,0.362819886562454,0.774596669241483,0.225403330758517,-0.983934698056655,0.0160653019433451,4,141,16,16,5,0.266666666666667,4.16488095238095,0.0150921201814059,0.0253557199772339,-0.0249464285714286,0.0333964885689024,0.809837217380321,0.000215130377836096,0.00292568515882159,-0.00199077144120249,4,-0.568325209761368,16,9.99993800176959
3664,15275,170,0.973851681096353,0.0261483189036467,-0.826184389323164,0.173815610676836,0.955448566910764,0.0445514330892363,0.95739855925368,0.0426014407463202,-0.95518710996897,0.0448128900310303,-0.732485488821995,0.267514511178005,0.774596669241483,0.225403330758517,-0.973851681096353,0.0261483189036465,4,144,10,10,4,0.444444444444445,3.27361111111111,0.0401929012345679,0.0532974910394265,-0.0407916666666668,0.259615384615385,0.68525641025641,0.0153328402366864,0.0329859387923904,-0.0193205128205129,4,-0.0745496878238359,10,9.9999297648579
3664,15289,170,0.916949300616178,0.083050699383822,-0.92880922000386,0.0711907799961403,0.855186110494137,0.144813889505863,0.380208833687719,0.619791166312281,-0.894427190999916,0.105572809000084,-0.174481319809247,0.825518680190753,0.774596669241483,0.225403330758517,-0.916949300616178,0.0830506993838222,4,150,8,8,5,0.291666666666667,3.47916666666667,0.0283564814814815,0.0609452736318407,-0.0320833333333334,0.11,0.798928571428571,0.00206581632653061,0.00731343283582089,-0.0016892857142857,4,-0.500867303340471,8,-1.24358223001485
3664,15296,170,0.966644309165688,0.0333556908343118,-0.898511354665171,0.101488645334829,0.936847842487793,0.0631521575122074,0.798984778244356,0.201015221755644,-0.932918867300806,0.0670811326991942,-0.511203145730159,0.488796854269841,0.799207425157428,0.200792574842572,-0.977395709401327,0.0226042905986732,4,102,35,35,10,0.496732026143791,5.73569094304388,0.0558543439162157,0.0183449886438176,-0.04696568627451,0.0573257080610022,0.784584220646072,0.000577116908685468,0.00159034121323203,-0.00261597588381758,4,-0.234685611214882,35,1.19438311760673
3664,15297,170,0.963972341673418,0.0360276583265824,-0.892385329023316,0.107614670976684,0.90626992525676,0.0937300747432404,0.798669613871028,0.201330386128972,-0.94482785489013,0.0551721451098701,-0.518984427861893,0.481015572138107,0.774596669241483,0.225403330758517,-0.963972341673418,0.0360276583265824,4,107,21,21,9,0.738095238095238,5.25875350140056,0.138828570643944,0.0476353061954467,-0.0749894957983196,0.172128851540616,0.675496309634965,0.00523124441326402,0.00814894964803685,-0.00799585945489309,4,-0.208921083124693,21,-0.210729552073458
3664,15298,170,0.931614220994691,0.0683857790053084,-0.920694313317862,0.0793056866821376,0.9995784478392,0.000421552160799532,-0.602423458668093,0.397576541331907,-0.926947246074521,0.0730527539254791,0.73722277044754,0.26277722955246,0.774596669241483,0.225403330758517,-0.931614220994692,0.0683857790053083,4,117,17,17,8,1.2843137254902,4.67100301659125,0.36792190190846,0.116864893135153,-0.119768099547512,0.062359486610319,0.67059819573693,0.000932722614552463,-0.00354623482486228,0.00479604570420332,4,0.0557317854574419,17,-0.151711123048045
3664,15301,170,0.897315461837001,0.102684538162999,-0.936816722084024,0.0631832779159763,0.982965031685081,0.0170349683149191,-0.75974053720291,0.24025946279709,-0.893366215620909,0.106633784379091,0.808999047780703,0.191000952219297,0.774596669241483,0.225403330758517,-0.897315461837001,0.102684538162999,4,135,14,14,7,1.64285714285714,4.12142857142857,0.602517006802721,0.178604044357469,-0.147714285714286,0.0679504622361765,0.773643816500959,0.00121543137920502,-0.00620010561302147,0.00600788417931279,4,-0.362831858407079,14,-0.00767951530708964
3664,15302,170,0.897315461837001,0.102684538162999,-0.936816722084024,0.0631832779159763,0.975695405411507,0.0243045945884932,0.658114046436409,0.341885953563591,-0.881269943737761,0.118730056262239,-0.503910094543584,0.496089905456416,0.774596669241483,0.225403330758517,-0.897315461837001,0.102684538162999,4,138,12,12,6,1.41666666666667,3.64583333333333,0.450810185185185,0.153348554033486,-0.126041666666667,0.205729166666667,0.702473958333333,0.00740729437934027,0.0132586567732116,-0.00923828124999999,4,-0.112034159489693,12,1.28901845271534
3664,15305,170,NA,NA,-0.866025403784439,0.333333333333333,NA,NA,NA,NA,-0.866025403784438,0.333333333333334,0.866025403784439,0.333333333333333,NA,NA,NA,NA,3,145,9,9,5,0.155555555555555,3.5037037037037,0.00806584362139917,0.038888888888889,-0.0213888888888891,0.0195555555555557,0.670962962962963,0.000127473251028808,-0.0048888888888889,0.00268888888888889,3,0.628467523879658,9,1.68758627975513
3664,15317,170,0.968281816776558,0.0317181832234423,-0.905206050195775,0.0947939498042254,0.884851527952172,0.115148472047828,0.984122150905167,0.0158778490948333,-0.625876920216176,0.374123079783824,-0.816561826227015,0.183438173772985,0.819041022656863,0.180958977343137,-0.985065260536459,0.0149347394635411,4,133,14,14,5,0.333333333333333,3.87957875457875,0.0213750687651787,0.0259166697293788,-0.0194917582417583,0.187110187110187,0.784731934731935,0.00828029363466899,0.0179401844953684,-0.0158277893277894,4,-0.29957805907173,14,9.99992370887382
3664,15330,170,0.951439387313072,0.0485606126869285,-0.893311248967106,0.106688751032894,0.948757111691749,0.0512428883082514,0.923154340873644,0.076845659126356,-0.943895741716584,0.056104258283416,-0.728210706930434,0.271789293069566,0.827632567218268,0.172367432781732,-0.978204294678977,0.0217957053210231,4,108,31,31,10,0.933333333333334,6.15128004179728,0.207502200144347,0.0373813376694106,-0.0915890804597707,0.32173579109063,0.681303962074262,0.0232754967959675,0.0121818216522363,-0.0236654550029133,4,1.27784223746883,31,-1.33094055519499
3664,15331,170,NA,NA,-0.866025403784439,0.333333333333333,NA,NA,NA,NA,-0.866025403784439,0.333333333333333,0.866025403784439,0.333333333333333,NA,NA,NA,NA,3,146,11,11,7,0.948051948051948,4.77489177489177,0.299600832068364,0.237012987012987,-0.130357142857143,0.148629148629149,0.629088504088504,0.00736354127407518,-0.0371572871572871,0.0204365079365079,3,1.01036297108184,11,-1.78081010210135
3664,15332,170,NA,NA,-0.866025403784439,0.333333333333333,NA,NA,NA,NA,-0.866025403784439,0.333333333333333,0.866025403784439,0.333333333333333,NA,NA,NA,NA,3,149,10,10,6,0.833333333333333,4.22222222222222,0.231481481481482,0.208333333333333,-0.114583333333334,0.152380952380952,0.606349206349206,0.00773998488284203,-0.038095238095238,0.020952380952381,3,1.1959273450059,10,-1.68372395049449
3664,15333,170,NA,NA,-0.866025403784439,0.333333333333333,NA,NA,NA,NA,-0.866025403784439,0.333333333333333,0.866025403784438,0.333333333333333,NA,NA,NA,NA,3,153,9,9,5,0.688888888888889,3.65925925925926,0.158189300411523,0.172222222222222,-0.0947222222222226,0.145098039215686,0.597385620915033,0.00701781366141227,-0.0362745098039215,0.0199509803921569,3,1.22202018532156,9,-1.39835429478177
3664,15334,170,NA,NA,-0.866025403784439,0.333333333333333,NA,NA,NA,NA,-0.866025403784439,0.333333333333333,0.866025403784439,0.333333333333333,NA,NA,NA,NA,3,160,8,8,4,0.5,3.08333333333333,0.0833333333333333,0.125,-0.0687500000000003,0.119047619047619,0.753968253968254,0.00472411186696901,-0.0297619047619047,0.0163690476190476,3,0.628539361054709,8,9.99993770741043
3664,15341,170,0.964051757377642,0.0359482426223583,-0.867846082442382,0.132153917557618,0.990265175218062,0.00973482478193777,0.88878073095522,0.11121926904478,-0.92188061255968,0.0781193874403195,-0.652289591817771,0.347710408182229,0.86306415167601,0.13693584832399,-0.995225151903231,0.0047748480967692,4,115,20,20,9,1.18947368421053,5.37514619883041,0.312126466263124,0.086490156143924,-0.10971052631579,0.22017316017316,0.6546795911347,0.00959691144971574,0.0136116336308022,-0.0136117671630056,4,0.438782096121825,20,-1.32626895564182
3664,15347,170,0.930778410088755,0.0692215899112449,-0.895760366864301,0.104239633135699,0.960814517768647,0.0391854822313533,-0.828844250656962,0.377997811008679,-0.826120436070858,0.173879563929142,0.992812609048777,0.0763732406483308,0.828351883356968,0.171648116643032,-0.963621963341129,0.0363780366588713,4,134,14,14,8,2.23076923076923,4.61126373626374,1.16490309141408,0.175496341367463,-0.189931318681319,0.0162037037037037,0.729760208926876,6.65938351420309e-05,-0.0025564713064713,0.00222800925925923,3,0.39047619047619,14,-1.40198685113919
3664,15348,170,0.949919690205638,0.0500803097943616,-0.878218427063451,0.121781572936549,0.991907154069483,0.00809284593051718,-0.918173439245765,0.259327830469462,-0.879820891147767,0.120179108852233,0.936314859421186,0.228426461175138,0.774596669241483,0.225403330758517,-0.949919690205638,0.0500803097943617,4,136,13,13,7,2.58333333333333,3.78044871794872,1.47913584812623,0.221794871794872,-0.227932692307693,0.0706327985739751,0.738899172722702,0.00142268582732747,-0.0166367380733897,0.00971200980392158,3,0.473653156902713,13,-1.0233536889991
3664,15349,170,NA,NA,-0.866025403784439,0.333333333333333,NA,NA,NA,NA,-0.866025403784439,0.333333333333333,0.866025403784439,0.333333333333333,NA,NA,NA,NA,3,139,9,9,6,0.511111111111111,3.94074074074074,0.0870781893004114,0.127777777777778,-0.0702777777777782,0.16594982078853,0.637753882915173,0.0091797810065818,-0.0414874551971326,0.022818100358423,3,0.210820673617823,9,-1.42431154598116
3664,15360,170,0.846579913491892,0.153420086508108,-0.966965158774033,0.0330348412259673,0.957025659191553,0.0429743408084469,0.945319817201142,0.0546801827988586,-0.939894035938336,0.0601059640616645,-0.886539165727156,0.113460834272844,0.833464982203967,0.166535017796032,-0.902208135509771,0.0977918644902286,4,72,105,105,12,0.540453074433657,7.61073850190442,0.0791845451474033,0.00579630196536501,-0.0563387784168129,0.177812872721904,0.764184073665959,0.00689798809211011,0.0016898462402574,-0.015684383975867,4,0.266551398376341,105,0.885604153456834
3664,15361,170,0.90921211313239,0.0907878868676095,-0.942816644850127,0.057183355149873,0.168442599299115,0.831557400700885,-0.413993683919032,0.586006316080968,-0.0423127175515136,0.957687282448486,0.231186027710706,0.768813972289294,0.816896290571822,0.183103709428178,-0.940158660138344,0.0598413398616561,4,95,53,53,11,0.376344086021506,6.47113730355666,0.0280964889739965,0.00124214626857707,-0.00151079404466496,0.110308243727599,0.788795471670885,0.00204971439816829,-0.000824584504929804,0.00222954672224556,4,-0.731216707667679,53,1.9853340190221
3664,15362,170,0.984179793264855,0.0158202067351454,-0.868223277269634,0.131776722730366,0.985417049542805,0.0145829504571955,0.987168393918118,0.0128316060818825,-0.796372292373732,0.203627707626268,-0.861429315719078,0.138570684280922,0.784063310472502,0.215936689527498,-0.987073764038861,0.0129262359611389,4,113,29,29,10,1,5.72061191626409,0.231715507427893,0.038903692149939,-0.0816586151368762,0.0777727795271654,0.73456323036796,0.00122690483459199,0.00283589325090524,-0.00642737153797414,4,-0.305605786618446,29,0.29622800757278
3664,15369,170,0.995910003310479,0.00408999668952137,-0.828571428571428,0.171428571428572,0.994218892211392,0.00578110778860763,-0.983314789567246,0.0166852104327536,-0.872140165275854,0.127859834724145,0.912857896149481,0.0871421038505189,0.774596669241483,0.225403330758517,-0.995910003310479,0.00408999668952137,4,121,22,22,9,1.71428571428571,5.18317669172932,0.644741117361072,0.0883389596440079,-0.149171992481203,0.0926141885325559,0.735490085758614,0.00174835752636982,-0.00454972639150284,0.00813067532777524,4,-0.351730120216796,22,-0.15898414973886
3664,15370,170,0.994126234063509,0.00587376593649136,-0.838495480352165,0.161504519647835,0.998027068567249,0.00197293143275123,-0.99947269936924,0.000527300630760034,-0.851151763546544,0.148848236453456,0.842624385367319,0.157375614632681,0.774596669241483,0.225403330758517,-0.994126234063509,0.00587376593649114,4,131,19,19,8,2.22222222222222,4.56842320261438,1.11703848546499,0.139815931252931,-0.191623774509804,0.240992123345064,0.829599254231607,0.0130957246422344,-0.0151605855141296,0.0205403154851685,4,-0.260052015605201,19,0.209498263915474
3664,15371,170,0.977897823397447,0.0221021766025531,-0.887329493467099,0.112670506532901,0.987874644484599,0.0121253555154004,-0.999854827503873,0.0108478219178635,-0.806199841242704,0.193800158757296,0.985057997843334,0.110189896405816,NA,NA,NA,NA,4,137,14,14,7,2.71428571428571,3.98801198801199,1.76214661129746,0.219836369719274,-0.227967032967034,0.0230860049041867,0.760294587567315,0.000137313732653195,-0.00767017974810172,0.00317432567432563,3,-0.0196078431372546,14,-0.374421783440218
3664,15372,170,NA,NA,-0.981980506061966,0.121037718323677,0.858529407305142,0.34275707051955,-0.990489658306775,0.0878694632744593,-0.746155792216127,0.463794788843226,0.99864307212288,0.0331682550492181,NA,NA,NA,NA,3,142,12,12,6,0.0707070707070709,4.15319865319865,0.00138591300207463,0.0209235209235217,-0.00763888888888928,0.0111832611832612,0.793843193843194,3.13513580108097e-05,-0.00363069470212314,0.00153769841269835,3,-0.282261931475055,12,0.413037639225282
3664,15374,170,NA,NA,-0.981980506061966,0.121037718323677,-0.959364413889196,0.182108457708726,0.977566117993324,0.135102257455828,0.995402274496796,0.0610707393850487,-0.920145772448003,0.256139975779504,NA,NA,NA,NA,3,144,10,10,5,0.114285714285714,3.66031746031746,0.00329554043839758,-0.0360544217687071,0.0157142857142856,0.026007326007326,0.741473341473341,0.000199718429266659,0.00904413047270198,-0.00357600732600738,3,0.223649063471508,10,9.99994324587987
3664,15390,170,0.852621889003986,0.147378110996014,-0.956028052572569,0.0439719474274306,-0.860057248610278,0.139942751389722,0.996832958830432,0.0506800063860999,0.835170758680278,0.164829241319722,-0.853884701980631,0.34848067750777,0.792276189325999,0.207723810674,-0.784917789283264,0.215082210716735,4,118,24,24,7,1.26086956521739,5.14311594202899,0.337967338794371,-0.0440789967710445,0.103423913043478,0.154459670764019,0.79251153435936,0.00774286917756368,0.0097864561771742,-0.0206625009953815,3,-0.86906175335928,24,9.99993141404341
3664,15391,170,NA,NA,-0.866025403784439,0.333333333333333,NA,NA,NA,NA,0.866025403784439,0.333333333333333,-0.866025403784439,0.333333333333333,0.866025403784439,0.333333333333333,-1,1.34157585525081e-08,3,119,11,11,5,0.363636363636364,3.75757575757576,0.0440771349862259,-0.0404040404040404,0.0500000000000001,0.409982174688057,0.567439096850862,0.0560284611873162,0.0455535749653397,-0.056372549019608,3,-0.716112565647218,11,9.99992460591587
3664,15401,170,0.855716734658523,0.144283265341477,-0.968657768430329,0.0313422315696707,-0.855601120838203,0.144398879161797,0.985083515331666,0.110095531351976,0.766153946618235,0.233846053381765,-0.845079845277394,0.359105648363366,0.793888210394268,0.206111789605732,-0.852929090885,0.147070909115,4,124,13,13,6,1.16666666666667,4.20833333333333,0.284722222222222,-0.0815602836879432,0.0870833333333335,0.220092226613966,0.675259281781021,0.0154426358747416,0.0323340545534681,-0.0288795986622075,3,0.123515681196782,13,9.99994974873808
3664,15413,170,0.987071517561017,0.10247971432806,-0.934969229206139,0.230853619005274,0.983193979911454,0.116879319095855,-0.885994174246053,0.306954287905064,-0.854495419822116,0.347732938101128,0.66389082106983,0.537807906910337,0.878180204399633,0.317515380699826,-0.990748886091461,0.0866617616945532,3,73,52,52,11,1.52083333333333,6.81331699346405,0.751610458317314,0.045540195145613,-0.203722426470589,0.0617827762157659,0.68537973223237,0.000994467978277905,-0.00149274469804341,0.00575737820901556,3,1.21855482511019,52,0.11117986673097
3664,15414,170,0.995870594885823,0.0578746566983892,-0.907841299003204,0.275458676634943,0.99999000465172,0.00284639028345368,-0.997813910926541,0.0421025302447499,-0.905957436777048,0.278305066918422,0.933567583902041,0.233356146390193,0.866025403784439,0.333333333333333,-0.995870594885823,0.0578746566983892,3,95,45,45,10,1.67532467532468,6.20652518213494,0.854913923426018,0.0559597197227859,-0.230357142857143,0.071038883597023,0.782981380502651,0.00144757387756805,-0.00229767500310343,0.00976784649459064,3,0.625522964167289,45,0.201125880186886
3664,15415,170,0.987829161147262,0.0994252840514118,-0.777713771047819,0.432758617384745,0.989505499162013,0.0923116589029225,-0.995323464917655,0.0615923272188276,-0.860384426721353,0.340446958481823,0.834800147178234,0.371166290165917,0.866025403784439,0.333333333333333,-0.987829161147262,0.0994252840514122,3,147,11,11,6,0.709090909090909,3.66969696969697,0.165482093663912,0.125219941348974,-0.0962500000000004,0.107114624505929,0.848353096179183,0.00358736011081775,-0.0185451995409919,0.01375,3,-0.507894597708167,11,1.48592632589101
3664,15416,170,0.981980506061966,0.121037718323677,-0.755928946018454,0.45437105165701,0.968127498299373,0.161162316685268,-0.981390237268709,0.123010266198712,-0.895798766479824,0.293208734971742,0.867570479639033,0.331360785458299,0.866025403784439,0.333333333333333,-0.981980506061966,0.121037718323676,3,150,8,8,5,0.761904761904762,3.15674603174603,0.180850812547241,0.155612244897959,-0.104761904761905,0.166666666666667,0.839087301587302,0.00922630857898715,-0.0356292517006802,0.0229166666666667,3,-0.286020720479952,8,1.07793151846921
3664,15425,170,0.9888472349024,0.0951679815279447,-0.930833506399431,0.238165351805389,0.994289091485711,0.0680698233789367,-0.996778122687157,0.0511171100615533,-0.886517390861669,0.306235175184325,0.898522863436713,0.289282461866943,0.866025403784439,0.333333333333333,-0.9888472349024,0.0951679815279442,3,102,34,34,9,1.7156862745098,5.78300653594771,0.93635652953992,0.0716465514116923,-0.235906862745099,0.12486019363182,0.759014748768358,0.00482758302952262,-0.00515733530782092,0.0171682766243752,3,0.298594824016958,34,-0.0493784900443891
3664,15429,170,0.9888472349024,0.0951679815279447,-0.930833506399431,0.238165351805389,0.992514459096949,0.0779431580041661,-0.990645420944545,0.087145783971685,-0.879235124135206,0.316108509809555,0.872257098564422,0.325311135777074,0.866025403784439,0.333333333333333,-0.9888472349024,0.0951679815279447,3,115,30,30,8,1,5.45641025641026,0.323392504930966,0.0420304279823689,-0.137500000000001,0.11239289446186,0.827430806741152,0.00415077024908478,-0.0047527457139287,0.0154540229885057,3,0.00689109127061055,30,0.489900657330695
3664,15435,170,0.99124070716193,0.0843232163219436,-0.924473451641905,0.24901011701139,0.988778806088091,0.0954600376035606,-0.992283204849363,0.0791394964701899,-0.857146499963116,0.34447015461495,0.870067933650717,0.32814961348158,0.866025403784439,0.333333333333333,-0.99124070716193,0.0843232163219436,3,121,24,24,7,1.19047619047619,4.78571428571429,0.463151927437642,0.0592469545957919,-0.160416666666667,0.187370600414079,0.848459880846749,0.0115940876568059,-0.00940717179548404,0.0257634575569358,3,-0.361527456023215,24,2.04627075008557
3664,15436,170,0.99124070716193,0.0843232163219436,-0.924473451641905,0.24901011701139,0.990112220070746,0.0895989701423487,NA,NA,-0.861852146180124,0.338609087153739,NA,NA,0.866025403784439,0.333333333333333,-0.99124070716193,0.0843232163219447,3,135,15,15,6,2.69230769230769,3.78632478632479,2.3933815472277,0.202295766249255,-0.366666666666668,0.0103087388801675,0.798927263212977,5.31350486497383e-05,0.00515436944008365,-0.00283490319204601,2,-1.17127447333833,15,0.0435902142600196
3664,15437,170,0.995870594885822,0.0578746566983916,-0.907841299003204,0.275458676634943,0.995410490639104,0.0610161063875718,NA,NA,-0.863547581118919,0.336474783022515,NA,NA,0.866025403784439,0.333333333333333,-0.995870594885822,0.0578746566983916,3,140,11,11,5,3.2,3.12727272727273,3.39404958677686,0.332967032967033,-0.437500000000001,0.00235690235690234,0.771548821548822,2.77749435998589e-06,0.00235690235690222,-0.000648148148148111,2,-0.422451416480214,11,-0.227145270805432
3664,15438,170,NA,NA,NA,NA,NA,NA,NA,NA,NA,NA,NA,NA,NA,NA,NA,NA,2,142,10,10,4,0.0555555555555554,3.52777777777778,0.0015432098765432,-0.0555555555555559,0.0152777777777779,0.009920634920635,0.768849206349206,4.92094986142613e-05,0.00992063492063485,-0.00272817460317459,2,-0.315464588085712,10,9.99992530350537
3664,15450,170,0.996124149760433,0.0560685062768123,-0.924473451641905,0.24901011701139,-0.993944095928862,0.070097741989323,-0.995503918733397,0.0603913933758474,0.960768922830523,0.178912375022068,0.88420514278036,0.309401510387237,0.866025403784439,0.333333333333333,-0.99124070716193,0.0843232163219431,3,125,9,9,4,0.166666666666667,3.40277777777778,0.00752314814814814,-0.0227713178294573,0.0229166666666666,0.350617283950617,0.771222810111699,0.0393097767989988,-0.052133833722981,0.04820987654321,3,1.10927427536629,9,9.99992726797426
3664,15464,170,0.955885822436806,0.0441141775631935,-0.975363517652985,0.0246364823470146,-0.80000841065972,0.19999158934028,0.84055644667156,0.15944355332844,0.797962387243447,0.202037612756553,-0.83424146851716,0.16575853148284,0.96223309467615,0.0377669053238505,-0.981441030353277,0.018558969646723,4,13,3517,3517,25,2.10477224388515,15.0721022802329,1.07574810235734,-0.000520457384990957,0.176297451481124,0.103162914443656,0.869332578877906,0.00247130416522516,2.62098968666699e-05,-0.00883411795138933,4,-4.27844304525543,3517,0.211217960836569
3664,15465,170,0.942315656729129,0.0576843432708714,-0.96918201546976,0.0308179845302395,-0.890015232680736,0.109984767319264,0.855971954309256,0.144028045690744,0.850112521380953,0.149887478619047,-0.817737688684889,0.182262311315111,0.950150558314742,0.0498494416852582,-0.989608205792777,0.0103917942072233,4,30,1852,1852,24,2.508122030018,14.5060816052157,1.44501603782034,-0.00129943931243476,0.217681271541174,0.109496261321235,0.860815259747269,0.00284404882045813,5.54434551672244e-05,-0.00928946829872379,4,-2.82191825064046,1852,0.110731576929237
3664,15466,170,0.921317791466999,0.0786822085330012,-0.950882990976064,0.0491170090239364,-0.94004462921338,0.05995537078662,0.9536252549835,0.0463747450164997,0.846807276617077,0.153192723382923,-0.863384573580013,0.136615426419987,0.856574600865028,0.143425399134971,-0.946729823679739,0.0532701763202608,4,51,640,640,23,2.80089040447097,12.7188427514845,1.78927090679653,-0.00471811940043441,0.241285348127316,0.140604554557296,0.801702133185149,0.00446064191061395,0.000238978498904979,-0.0122831932323432,4,-2.47912429888302,640,0.0458062702185667
3664,15467,170,0.962003654841911,0.0379963451580894,-0.952460997296652,0.0475390027033475,-0.946007286261171,0.0539927137388293,0.983896375894623,0.0161036241053774,0.861020975863279,0.138979024136721,-0.912197809504354,0.0878021904956464,0.856037380460772,0.143962619539228,-0.940191622339021,0.0598083776609789,4,61,510,510,22,2.76364758797072,12.4103341645637,1.71885338604569,-0.00591871236234556,0.240459238668443,0.152948222820395,0.801063337304563,0.00512657723442056,0.000336183542661459,-0.013912689615015,4,-1.94381034077824,510,-0.0544823775059988
3664,15468,170,0.99336934947379,0.0066306505262097,-0.953922183060028,0.0460778169399722,-0.948542087692205,0.0514579123077951,0.913637045549742,0.0863629544502575,0.944151145583888,0.0558488544161118,-0.927094137116587,0.0729058628834135,0.802132718835511,0.197867281164489,-0.714205431765673,0.285794568234327,4,74,100,100,15,4.63636363636364,11.1013257575758,4.90722925275482,-0.0430086837018723,0.445520833333335,0.524732780390108,0.380977462551984,0.0610180545887712,0.00461938596841502,-0.0487821943612217,4,-1.19604134178889,100,-0.415343896254345
3664,15475,170,0.973819106887237,0.0261808931127632,-0.958040358048508,0.0419596419514922,-0.935231376910637,0.0647686230893627,0.877066900106866,0.122933099893134,0.94100369564173,0.0589963043582702,-0.908514836772669,0.0914851632273308,0.816201286476317,0.183798713523683,-0.739708728114949,0.260291271885051,4,110,93,93,14,4.22826086956522,10.3194779924852,3.96385012676585,-0.0414947237594092,0.399078435319379,0.726847427934385,0.553404168167329,0.116496631709179,0.00667120984554124,-0.0660536814138825,4,-1.74410280327731,93,-0.375992021016796
3664,15476,170,0.968680595558458,0.0313194044415424,-0.962708943886104,0.0372910561138959,-0.918581906715932,0.0814180932840678,0.843729572545763,0.156270427454237,0.925941889485595,0.0740581105144047,-0.872715401903779,0.127284598096221,0.814544158578127,0.185455841421873,-0.764933859888984,0.235066140111016,4,118,75,75,13,3.68918918918919,9.59285421785422,2.9602770488827,-0.0446427326746476,0.339358108108109,0.730164041807877,0.584952437637152,0.119832645712559,0.00825006841793664,-0.0643529608769259,4,-1.55330537739836,75,-0.327007402218684
3664,15477,170,0.970691252324064,0.0293087476759357,-0.971625413446944,0.0283745865530564,-0.903317610613425,0.0966823893865754,0.862087635330681,0.137912364669319,0.910425586841382,0.0895744131586178,-0.868314183052089,0.131685816947911,0.812389385049946,0.187610614950054,-0.796706381003535,0.203293618996465,4,122,53,53,12,2.82692307692308,9.13566053511706,1.66921155570594,-0.0487975653109432,0.250558110367894,0.651945072900955,0.537006246083532,0.0947795625827175,0.0110971319955823,-0.0569432910787412,4,-0.574678008091016,53,-0.5803839047983
3664,15484,170,0.926183166492301,0.0738168335076992,-0.970742826713042,0.0292571732869583,-0.968655010903187,0.031344989096813,0.910010950420213,0.089989049579787,0.960773572961292,0.0392264270387082,-0.906349953914528,0.0936500460854719,0.873056931093219,0.126943068906781,-0.872950805488571,0.127049194511429,4,132,46,46,11,2.17777777777778,8.67609126984127,0.979508731733434,-0.0465073294794809,0.202550595238096,0.719032429558745,0.586587681324523,0.112381970728998,0.0147993641743706,-0.0647220936957781,4,-0.679640707004427,46,-0.64428688452393
3664,15485,170,0.923994670929824,0.0760053290701763,-0.96791999612832,0.0320800038716798,-0.952481943035578,0.0475180569644219,0.909109976513128,0.0908900234868717,0.937954939994786,0.0620450600052145,-0.900001221614077,0.0999987783859229,0.867626975905836,0.132373024094164,-0.872396889550007,0.127603110449993,4,133,44,44,10,1.90697674418605,7.782413323111,0.775626806182378,-0.0424948722539587,0.175961112530881,0.722097512795187,0.595736003936738,0.114365756765789,0.0155746322028899,-0.0648334932239463,4,-0.811682290252548,44,-0.393761941711996
3664,15486,170,0.942543772913296,0.0574562270867038,-0.96553511822001,0.03446488177999,-0.803225968695443,0.196774031304557,0.906362834111868,0.0936371658881323,0.765202175973944,0.234797824026056,-0.856217130264293,0.143782869735707,0.857529285065749,0.142470714934251,-0.914004143772392,0.0859958562276082,4,136,32,32,9,1.14285714285714,7.17340696011441,0.305988884088047,-0.0325787257503501,0.0901648657238204,0.676913345983555,0.592291328270848,0.102540385882211,0.0212810518750283,-0.0584036117484559,4,-0.00910007959760633,32,-0.571458889904776
3664,15487,170,0.974215497065136,0.0257845029348642,-0.958085740866959,0.0419142591330414,-0.855831966322152,0.144168033677848,0.923360153642676,0.0766398463573235,0.786557272445106,0.213442727554894,-0.874213629002913,0.125786370997087,0.860441517069904,0.139558482930096,-0.912698574522062,0.0873014254779383,4,138,30,30,8,0.857142857142857,6.39513073133763,0.163985201620278,-0.0267916586779068,0.0678486169003413,0.689963054187192,0.603488296106831,0.106255739391836,0.0232678415078127,-0.0607018728597394,4,-0.195186978337734,30,-0.21649278709452
3664,15488,170,0.972593117786863,0.0274068822131375,-0.95812542936444,0.0418745706355596,-0.716504834736059,0.283495165263941,0.922834084034257,0.0771659159657427,0.63944765766631,0.36055234233369,-0.86799881485488,0.13200118514512,0.870804036866694,0.129195963133306,-0.929287648975156,0.0707123510248444,4,139,29,29,7,0.769230769230769,5.48923992673993,0.120426486669619,-0.0200581233661494,0.047268772893773,0.698071343232634,0.615561857497341,0.109088685267571,0.0245880249378955,-0.0610685073588301,4,-0.167630057803469,29,2.74680109531446
3664,15489,170,0.957883988223798,0.0421160117762023,-0.90821101650947,0.0917889834905304,-0.961908969984591,0.0380910300154086,0.982354435689318,0.0176455643106819,0.962672262569944,0.037327737430056,-0.893149245557172,0.106850754442828,0.834497179245487,0.165502820754513,-0.953841603471333,0.046158396528667,4,146,16,16,6,0.6,4.659375,0.0841015624999999,-0.0436099796334012,0.0594687500000002,0.607142857142857,0.578869047619048,0.080516227324263,0.0435772475996509,-0.0539851190476192,4,-0.633985503105117,16,3.50548263804807
3664,15492,170,0.968281816776558,0.0317181832234423,-0.853479990184587,0.146520009815413,-0.890252703286639,0.109747296713361,0.978174290069686,0.0218257099303143,0.659022509098465,0.340977490901534,-0.812689816482814,0.187310183517186,0.821863511961788,0.178136488038211,-0.985945849556405,0.0140541504435951,4,151,13,13,5,0.2,3.86987179487179,0.0079043392504931,-0.0158562730469085,0.0124807692307692,0.614035087719298,0.655263157894737,0.0882599774289525,0.0582174499794637,-0.0514298245614036,4,-0.538811792243826,13,9.99995898283717
3664,15497,170,0.949024415005127,0.0509755849948732,-0.762770071396473,0.237229928603527,0.622627656178141,0.377372343821859,0.980029889094042,0.0199701109059582,-0.920160874653064,0.0798391253469362,-0.778267976261194,0.221732023738806,0.774596669241483,0.225403330758517,-0.984731927834662,0.0152680721653381,4,157,8,8,4,0.142857142857143,3.06696428571429,0.00603210034013605,0.0178571428571429,-0.0152232142857144,0.487179487179487,0.668498168498168,0.0578969260287941,0.0870795870795871,-0.03989010989011,4,0.314269680527354,8,9.99992830104803
3664,15504,170,0.981980506061966,0.121037718323677,-0.944911182523068,0.212295615009657,0.994974449325964,0.0638511902831791,-0.98346563085608,0.115928217035783,-0.907387528134095,0.276146805292836,0.988564883808724,0.0963673979738746,0.866025403784439,0.333333333333333,-0.981980506061966,0.121037718323677,3,141,13,13,6,2.05128205128205,3.63325563325563,1.27763016574205,0.212537462537463,-0.282051282051283,0.0773651635720601,0.785496878600327,0.00153115989898708,-0.00727261244502622,0.0106377099911583,3,0.890868004008571,13,-0.348444719215188
3664,15508,170,0.970725343394151,0.154420958311266,-0.960768922830523,0.178912375022067,0.982259624011337,0.120093824313358,NA,NA,-0.891714143950657,0.299006199335425,NA,NA,0.866025403784439,0.333333333333333,-0.970725343394151,0.154420958311266,3,144,9,9,5,2.88888888888889,2.86772486772487,2.62391870328378,0.382173382173382,-0.397222222222223,0.0486874236874237,0.664300976800977,0.00118523261265935,-0.024343711843712,0.0133890415140416,2,1.17837660727436,9,-0.96886763657039
3664,15509,170,NA,NA,NA,NA,NA,NA,NA,NA,NA,NA,NA,NA,NA,NA,NA,NA,2,150,8,8,4,0.0833333333333335,3.20833333333333,0.00347222222222223,0.0416666666666665,-0.0229166666666666,0.0351190476190476,0.71577380952381,0.000616673752834467,-0.0175595238095239,0.00965773809523813,2,1.24783549621155,8,9.99991873048828
3664,15517,170,NA,NA,NA,NA,NA,NA,NA,NA,NA,NA,NA,NA,NA,NA,NA,NA,2,142,12,12,6,0.183333333333333,3.99166666666667,0.0168055555555555,0.0916666666666665,-0.0504166666666666,0.0279942279942279,0.778066378066378,0.000391838400496407,-0.013997113997114,0.00769841269841273,2,-1.3145341380124,12,-0.221136280050434
3664,15529,170,0.995870594885822,0.0578746566983899,-0.907841299003204,0.275458676634943,-0.974822511640745,0.143158375593651,-0.996327827841605,0.0545744826585371,0.791484582891012,0.418617052228595,0.868605706553755,0.33003315929348,0.889680248530565,0.301854505265798,-0.999140554899417,0.026395828630855,3,133,22,22,8,0.85,5.47424242424242,0.211081267217631,-0.0406593406593406,0.1,0.0917280917280918,0.857949336896705,0.00278804237089645,-0.00477597319702581,0.0126126126126126,3,-1.88694175561959,22,0.609040875679171
3664,15534,170,0.99243368701167,0.0783630780806832,-0.920863697703815,0.25497025525265,-0.895149688736004,0.294137074220055,-0.987202940455252,0.101956389472672,0.650513653487919,0.549107329472705,0.846904842142981,0.356926644725322,0.902385781370759,0.283628205890312,-0.998986959801305,0.0286579506376592,3,136,17,17,7,0.266666666666667,4.85228758169935,0.01839805203127,-0.0149078726968173,0.0242647058823527,0.201120448179272,0.868729746800681,0.0129416763327105,-0.0137890960404262,0.0264949178200692,3,-1.67939650897537,17,0.305987753692389
3664,15537,170,0.989743318610787,0.0912578966859803,-0.928571428571428,0.242075436647354,-0.987035091369213,0.102624294845182,NA,NA,0.856960699483348,0.344699731492536,NA,NA,0.886357407416281,0.306455222629332,-0.99489096750807,0.0643797859819783,3,139,14,14,6,1.75,4.84523809523809,1.00042517006803,-0.141034985422741,0.235714285714286,0.0279666569989151,0.785733084120181,0.000391066951847483,0.0139833284994576,-0.00769083067470167,2,-1.23963133640553,14,1.97131021527168
3664,15538,170,NA,NA,-0.866025403784439,0.333333333333333,NA,NA,NA,NA,0.866025403784439,0.333333333333333,NA,NA,0.866025403784439,0.333333333333333,-1,NA,3,146,9,9,5,1.44444444444444,4.03703703703704,0.695473251028807,-0.180555555555556,0.198611111111112,0,0.780092592592593,0,NA,0,2,-0.586930877186462,9,1.72760860776356
3664,15550,170,NA,NA,NA,NA,NA,NA,NA,NA,NA,NA,NA,NA,NA,NA,NA,NA,2,117,18,18,9,0.155555555555555,5.47777777777778,0.0120987654320987,0.0518518518518518,-0.0427777777777777,0.00148336063985344,0.743373324172436,1.1001793939332e-06,-0.000494453546617791,0.000407924175959677,2,-1.03325789554971,18,-0.825102292679322
3664,15551,170,NA,NA,NA,NA,NA,NA,NA,NA,NA,NA,NA,NA,NA,NA,NA,NA,2,121,15,15,8,0.287179487179488,4.98974358974359,0.0412360289283368,0.143589743589744,-0.0789743589743592,0.0231068251476414,0.70037751364282,0.000266962684201836,-0.0115534125738207,0.00635437691560139,2,-0.997495563611506,15,-0.909655587647206
3664,15552,170,NA,NA,NA,NA,NA,NA,NA,NA,NA,NA,NA,NA,NA,NA,NA,NA,2,136,12,12,7,0.25,4.625,0.03125,0.125,-0.06875,0.014022578728461,0.777956030897207,9.83163570979438e-05,-0.00701128936423059,0.00385620915032683,2,-1.22238510687848,12,-1.10162294497184
3664,15553,170,NA,NA,NA,NA,NA,NA,NA,NA,NA,NA,NA,NA,NA,NA,NA,NA,2,140,11,11,6,0.202020202020202,3.98989898989899,0.0204060810121416,0.1010101010101,-0.0555555555555554,0.00688552188552194,0.825260942760943,2.37052058180008e-05,-0.0034427609427611,0.00189351851851861,2,-1.11028897921082,11,-0.150923304386954
3664,15556,170,NA,NA,NA,NA,NA,NA,NA,NA,NA,NA,NA,NA,NA,NA,NA,NA,2,142,8,8,5,0.125,3.5625,0.0078125,0.0624999999999993,-0.0343749999999996,0.0218537414965986,0.80812074829932,0.000238793008700077,-0.0109268707482993,0.00600977891156462,2,-1.7587014814127,8,-0.762600632349776
3664,15567,170,0.964829998688303,0.0351700013116967,-0.932956632367165,0.0670433676328346,-0.938249458937252,0.0617505410627477,0.973226979406799,0.0267730205932009,0.805747451348077,0.194252548651922,-0.859554638961508,0.140445361038492,0.877783705453391,0.122216294546609,-0.978905133070154,0.0210948669298462,4,69,410,410,21,2.42731887401938,11.5402353970161,1.40923393360205,-0.00679248362364469,0.203750557442772,0.138269645063255,0.822556602091599,0.00435014550100045,0.00039145763020098,-0.0120762946027763,4,-1.5529452165613,410,0.0553541905212794
3664,15568,170,0.971679826905564,0.028320173094436,-0.939452558796269,0.0605474412037307,-0.919678162135661,0.0803218378643386,0.987093266065395,0.0129067339346052,0.804884509092602,0.195115490907398,-0.902586584205261,0.0974134157947393,0.88448802826332,0.11551197173668,-0.971879655015657,0.0281203449843432,4,83,186,186,14,1.43715846994536,9.28198591993987,0.492570166102952,-0.00800170072005205,0.120330560603765,0.214197616967544,0.801847484387939,0.0101123843826966,0.00123054457860178,-0.0193341007624291,4,-1.74959544592493,186,0.316200391286318
3664,15569,170,0.998280801020836,0.037335367678117,-0.893842856973791,0.295997965655217,0.791819010628552,0.4182685859463,0.999869572663118,0.0102821551941483,-0.433910858691124,0.714266551601517,-0.900967828719364,0.285715810461068,0.945951408689711,0.210263103701975,-0.990945422686137,0.085734861953241,3,88,80,80,13,0.177777777777778,7.64060009376465,0.00794557166434895,0.00206847289113092,-0.0106364275668081,0.0798810717358563,0.779086369915057,0.00196521109468175,0.0012990004174014,-0.0109836473636803,3,-1.06311958836924,80,0.150869808588076
3664,15570,170,0.999423797128766,0.0216124342722643,-0.88249750329277,0.311720899061069,0.748653097244096,0.461401785139528,0.962722385241855,0.174372348459152,-0.348882162551135,0.773122684200597,-0.976816837004746,0.137348550601917,0.992618265323276,0.0774001589523396,-0.933023469745381,0.234320740108729,3,94,40,40,12,0.362348178137652,6.9327485380117,0.0337592874882455,0.00933786078098479,-0.0176282051282057,0.120214503871014,0.640924538431464,0.00378640854881806,0.00402147098152817,-0.0165294942822644,3,-0.660308659135188,40,-0.274992024782257
3664,15571,170,0.998906107238672,0.0297798216376959,-0.841697576624542,0.36311315497103,0.999650953932342,0.0168208961217333,-0.999064361815698,0.027541206228105,-0.827138797347206,0.379934051092766,0.81755825574123,0.390654361199137,0.866025403784439,0.333333333333333,-0.998906107238672,0.0297798216376989,3,106,32,32,11,0.918269230769231,6.35654466501241,0.260094378813674,0.0476790326197832,-0.116004962779157,0.0544290219189413,0.646200803005239,0.000899353608529144,-0.00280202673944444,0.00674243305417697,3,-1.07751683235367,32,-0.551218918169151
3664,15577,170,0.998625428903524,0.0333832399875882,-0.838627869377535,0.366716573320923,0.99990993120039,0.00854447862976659,0.992631586817652,0.0773302009911019,-0.831241725582091,0.375261051950695,-0.898451208895146,0.28938637232982,0.866025403784439,0.333333333333333,-0.998625428903524,0.0333832399875911,3,129,26,26,10,0.901709401709401,6.02353276353276,0.252601543818638,0.0526815065276603,-0.114888888888889,0.0417073170731708,0.707631853241609,0.000538735409338989,0.00241521143022082,-0.00573475609756102,3,-1.39916873724147,26,-0.702520145016676
3664,15578,170,0.998442770921288,0.0355326622116654,-0.836784003718802,0.368865995544996,0.999968121771321,0.00508327219269633,0.982834600406245,0.118125940841651,-0.841129216571177,0.363782723352309,-0.923434048366623,0.250740054703345,0.866025403784439,0.333333333333333,-0.998442770921288,0.0355326622116652,3,135,25,25,9,1.11555555555555,5.16814814814815,0.393710288065843,0.0700046104195483,-0.14513888888889,0.0206004140786749,0.810390614216701,0.000124417119252657,0.00122312998805873,-0.00283255693581785,3,-1.67515633868283,25,0.295584586084263
3664,15579,170,0.997948715788674,0.0407832945368325,-0.832239719563824,0.374116627870168,0.999678816324624,0.0161355389959348,0.996260271302018,0.0550745056388096,-0.846022943438492,0.357981088874231,-0.877030549283876,0.319042122231358,0.866025403784439,0.333333333333333,-0.997948715788673,0.0407832945368337,3,138,21,21,8,1.14285714285714,4.60238095238095,0.417159863945578,0.0826697892271663,-0.150267857142858,0.08109335839599,0.80188230994152,0.0021373770381402,0.00589723540408398,-0.0111503367794487,3,-1.79637056093965,21,1.34241242244762
3664,15585,170,NA,NA,-0.826033187630902,0.381184656616683,0.998711255095346,0.0323240115790089,0.996806054431328,0.0508949317829623,-0.853573911203588,0.348860645037675,-0.86840594189456,0.330289724833721,0.866025403784439,0.333333333333333,-0.997176464952738,0.0478513232833498,3,141,15,15,7,1.2,4.12222222222222,0.467037037037037,0.10250626566416,-0.160416666666667,0.307439686750032,0.710142730832386,0.0313338885122868,0.0265004116961597,-0.0422729569281294,3,-1.97768667881348,15,-0.0727740370613099
3664,15592,170,NA,NA,NA,NA,NA,NA,NA,NA,NA,NA,NA,NA,NA,NA,NA,NA,2,144,8,8,6,0,4,0,NA,3.45420340910431e-16,0,0.708791208791209,0,NA,0,2,-1.34894216718664,8,-1.68059870963652
3664,15602,170,NA,NA,NA,NA,NA,NA,NA,NA,NA,NA,NA,NA,NA,NA,NA,NA,2,101,8,8,4,0.0416666666666665,3.14583333333333,0.000868055555555549,-0.0208333333333334,0.0114583333333334,0.162974465148378,0.645738440303658,0.0132803381452,0.0814872325741891,-0.044817977915804,2,-0.0298777513177414,8,9.99995434071618
3664,15609,170,0.99700614729811,0.0492741051607677,-0.902093814779984,0.284059228172567,0.998874059251816,0.0302129858098881,0.992038438262377,0.0803864434287329,-0.921550640565428,0.253846242362679,-0.840565559290075,0.364445671601298,0.866025403784439,0.333333333333333,-0.99700614729811,0.0492741051607676,3,107,40,40,11,0.375,6.23310810810811,0.0413965485756027,0.0104762645728102,-0.0515625000000004,0.117913151246484,0.720894398672176,0.00439393269421914,0.00338975926516523,-0.0153225478225479,3,-0.798487189363781,40,0.388636007760912
3664,15610,170,0.995566844601995,0.0599669789386257,-0.909214515604888,0.273366354394708,0.997564573686003,0.0444396672342848,NA,NA,-0.877961737237976,0.317806021628992,NA,NA,0.866025403784439,0.333333333333333,-0.995566844601995,0.059966978938625,3,114,30,30,10,0.8,5.52592592592593,0.207572016460905,0.0284986165720111,-0.110000000000001,0.0010550432964227,0.6895792106999,5.56558178663236e-07,0.000351681098807561,-0.000290136906516239,2,-0.835830885848562,30,0.621024212513663
3664,15611,170,0.996270962773436,0.0549956742598547,-0.905935760955305,0.278337659073479,0.998784557003451,0.0313910914931546,NA,NA,-0.883964924280894,0.309728750566635,NA,NA,0.866025403784439,0.333333333333333,-0.996270962773436,0.0549956742598555,3,139,22,22,9,1.40909090909091,4.91969696969697,0.635254820936639,0.0686837356192195,-0.193750000000001,0.00191387559808609,0.868992128414879,1.83145990247469e-06,-0.000956937799043088,0.000526315789473698,2,-1.62841345238266,22,-0.00488871374710892
3664,15618,170,NA,NA,NA,NA,NA,NA,NA,NA,NA,NA,NA,NA,NA,NA,NA,NA,2,141,15,15,8,0.0205128205128204,5.14358974358974,0.000210387902695594,-0.0102564102564108,0.00564102564102598,0.00260199570544395,0.831539724643173,3.38519082557438e-06,0.00130099785272192,-0.000715548818997059,2,-0.962813112028034,15,-0.884560295151313
3664,15619,170,NA,NA,NA,NA,NA,NA,NA,NA,NA,NA,NA,NA,NA,NA,NA,NA,2,143,14,14,7,0.0714285714285712,4.46428571428571,0.00255102040816325,-0.0357142857142854,0.0196428571428569,0.00832500832500838,0.862748362748363,3.46528818057294e-05,0.00416250416250407,-0.00228937728937724,2,-0.774509803921569,14,0.513992695045335
3664,15622,170,NA,NA,NA,NA,NA,NA,NA,NA,NA,NA,NA,NA,NA,NA,NA,NA,2,144,11,11,6,0.202020202020202,4.01010101010101,0.0204060810121415,-0.101010101010101,0.0555555555555559,0.0184149184149184,0.842540792540793,0.00016955461011405,0.00920745920745922,-0.00506410256410258,2,-0.619854583485795,11,1.25073009824707
3664,15632,170,NA,NA,NA,NA,NA,NA,NA,NA,NA,NA,NA,NA,NA,NA,NA,NA,2,135,8,8,4,0.0178571428571428,3.13392857142857,0.000159438775510203,-0.0178571428571427,0.00491071428571423,0.0350340136054421,0.771598639455782,0.000613691054653152,-0.0350340136054425,0.00963435374149669,2,0.176776695296637,8,9.99992830104803
3664,15639,170,NA,NA,-0.866025403784439,0.333333333333333,NA,NA,NA,NA,0.866025403784438,0.333333333333333,-0.866025403784439,0.333333333333333,0.866025403784439,0.333333333333333,-1,NA,3,128,10,10,6,0.9,4.4,0.27,-0.15,0.12375,0.147089947089947,0.709171075837743,0.00721181751164114,0.0245149911816579,-0.0202248677248678,3,-0.137354565015879,10,-0.689102531142935
3664,15641,170,NA,NA,-0.866025403784439,0.333333333333333,NA,NA,NA,NA,0.866025403784439,0.333333333333333,-0.866025403784439,0.333333333333333,0.866025403784439,0.333333333333333,-1,0,3,136,8,8,5,0.375,3.75,0.046875,-0.0937499999999999,0.0515625,0.0329131652661064,0.776844070961718,0.000361092149278012,0.0082282913165266,-0.00452556022408964,3,-0.0184864517957265,8,-0.762600632349776
3664,15648,170,0.997526839943223,0.00247316005677733,-0.850311870732578,0.149688129267422,-0.98489574140842,0.0151042585915799,0.99141883003054,0.00858116996945979,0.762461463751629,0.237538536248371,-0.790116436059308,0.209883563940692,0.847959701678225,0.152040298321775,-0.99963340293357,0.000366597066430076,4,91,106,106,12,1.28616352201258,8.38601818028625,0.399251023219611,-0.0139894140849833,0.102624070465257,0.0906271421437411,0.790379946251019,0.00196120421073745,0.000986971969391386,-0.00745350974550431,4,-1.22182175655797,106,0.319242640477334
3664,15649,170,0.999807266504417,0.000192733495583353,-0.866970893564474,0.133029106435526,0.0999396264102713,0.900060373589729,0.985041378331049,0.014958621668951,-0.189002817004368,0.810997182995632,-0.78688335827444,0.21311664172556,0.84905311083451,0.15094688916549,-0.998209445074445,0.00179055492555505,4,94,60,60,10,0.0740112994350284,7.41121115819209,0.00122309925508315,0.000134896122621865,-0.00140801553672315,0.210065417781742,0.65981383203702,0.0104569753937925,0.00388766121101091,-0.0171404303866807,4,0.00436664473101548,60,0.358896389451492
3664,15650,170,NA,NA,-0.866025403784439,0.333333333333333,NA,NA,NA,NA,-0.866025403784439,0.333333333333333,0.866025403784438,0.333333333333333,0.866025403784439,0.333333333333333,-1,0,3,100,12,12,5,0.116666666666667,3.87777777777778,0.00453703703703704,0.0583333333333337,-0.0160416666666669,0.0168109668109668,0.663395863395863,9.42028683731428e-05,-0.00840548340548338,0.00231150793650793,3,1.47161683374973,12,9.99992956874986
3664,15661,170,0.983569161185756,0.0164308388142445,-0.87029417866142,0.12970582133858,0.924092689913267,0.0759073100867329,0.98537441285383,0.0146255871461705,-0.725311746071432,0.274688253928568,-0.844407061099663,0.155592938900337,0.84905311083451,0.15094688916549,-0.997288800194998,0.00271119980500169,4,104,48,48,9,0.731578947368421,6.89896299925345,0.114718747170883,0.0155144194127957,-0.0523299388764465,0.08274231678487,0.634083278601025,0.00130431688785034,0.00176398803445952,-0.00649608552512784,4,-0.637783530785192,48,0.228008093290737
3664,15663,170,0.981187238888623,0.0188127611113766,-0.865766887791688,0.134233112208312,0.993231050078896,0.00676894992110366,0.984908530417455,0.0150914695825453,-0.81485267040564,0.185147329594359,-0.785569316776027,0.214430683223973,0.785304707814773,0.214695292185227,-0.984822333163897,0.0151776668361028,4,119,46,46,8,0.795652173913044,5.98072082379863,0.150795273054789,0.0197446506112124,-0.0674033180778033,0.0685327271005021,0.805934703717043,0.00115796320142225,0.00171572855511197,-0.00569429824898259,4,-1.08252592502916,46,2.3997366944754
3664,15664,170,NA,NA,-0.866025403784439,0.333333333333333,NA,NA,NA,NA,0.866025403784439,0.333333333333333,0.866025403784439,0.333333333333333,0.866025403784439,0.333333333333333,-1,NA,3,130,29,29,7,0.00275862068965438,5.51816091954023,2.53666270312973e-06,-0.000689655172413434,0.000379310344827303,0.00285673234811168,0.831678845101259,2.72030656958256e-06,-0.000714183087027866,0.0003928006978653,3,-1.13198653198653,29,1.79632107907295
3664,15671,170,NA,NA,-0.866025403784439,0.333333333333333,NA,NA,NA,NA,-0.866025403784438,0.333333333333333,0.866025403784439,0.333333333333333,NA,NA,NA,NA,3,136,22,22,6,0.0669856459330145,4.88676236044657,0.00149569225368773,0.0223285486443386,-0.00921052631578992,0.0065538176993285,0.863019849087961,1.43175088120105e-05,-0.00218460589977614,0.000901149933657653,3,-0.769972211514669,22,9.77188973911134
3664,15672,170,NA,NA,-0.866025403784439,0.333333333333333,NA,NA,NA,NA,NA,NA,0.866025403784439,0.333333333333333,NA,NA,NA,NA,3,138,12,12,5,0,4,0,0,0,0.00789141414141414,0.793350168350168,2.0758139050437e-05,-0.00394570707070702,0.00108506944444442,3,-0.629298257559127,12,3.67151689440694
3664,15683,170,NA,NA,-0.866025403784439,0.333333333333333,NA,NA,NA,NA,-0.866025403784438,0.333333333333333,0.866025403784438,0.333333333333333,NA,NA,NA,NA,3,141,10,10,5,0.133333333333333,3.75555555555556,0.00592592592592592,0.133333333333334,-0.0183333333333337,0.0231800766283524,0.782439335887612,0.000179105317498763,-0.0231800766283523,0.00318726053639847,3,0.314934395500694,10,0.572257234066945
3664,15685,170,0.866025403784439,0.333333333333333,-0.866025403784439,0.333333333333333,NA,NA,NA,NA,-0.866025403784438,0.333333333333333,0.866025403784438,0.333333333333333,NA,NA,NA,NA,3,144,8,8,4,0.107142857142857,3.21428571428571,0.0038265306122449,0.107142857142857,-0.014732142857143,0.026098901098901,0.746336996336996,0.000227050879523405,-0.0260989010989008,0.00358859890109885,3,0.808122035641769,8,9.99993770741043
3664,15692,170,0.942809041582063,0.0571909584179369,-0.912870929175276,0.087129070824724,0.7911211698961,0.208878830103899,-0.980534224849098,0.0194657751509022,-0.880121310830433,0.119878689169567,0.945798088173597,0.0542019118264028,0.774596669241483,0.225403330758517,-0.942809041582063,0.0571909584179366,4,124,17,17,6,0.262443438914027,4.51968325791855,0.0216721606846707,0.0205882352941176,-0.0275995475113122,0.0647378516624042,0.796853482195554,0.000968675997282416,-0.00539482097186701,0.00627041117450327,4,-0.00274364169018363,17,1.83635577481999
3664,15693,170,0.931614220994692,0.0683857790053084,-0.920694313317862,0.0793056866821376,-0.816875747003925,0.183124252996075,0.788194089988472,0.211805910011528,0.620152503060218,0.379847496939782,-0.584913111463059,0.415086888536941,0.774596669241483,0.225403330758517,-0.931614220994691,0.0683857790053085,4,132,14,14,5,0.766666666666667,4.17738095238095,0.112930839002268,-0.0529116909921864,0.0443928571428573,0.0994152046783626,0.807146070303965,0.00183365343735906,0.00650550723876453,-0.00533529336160916,4,0.432314410480349,14,9.99993353670684
3664,15694,170,0.958423217380105,0.0415767826198952,-0.898684364939247,0.101315635060753,-0.84458058810567,0.15541941189433,NA,NA,0.596284793999942,0.403715206000058,0.866025403784439,0.333333333333333,0.774596669241483,0.225403330758517,-0.958423217380105,0.0415767826198953,4,136,8,8,4,1,3.375,0.1875,-0.110687022900763,0.0550000000000001,0.0689075630252102,0.75406162464986,0.00158275074735777,-0.0344537815126051,0.00947478991596642,3,0.817592215746945,8,9.55904857363267
3664,15708,170,0.993251308774822,0.00674869122517796,-0.824819184721709,0.175180815278291,-0.993195285552398,0.00680471444760188,0.992880496605169,0.00711950339483125,0.772337091263673,0.227662908736327,-0.772174532240376,0.227825467759624,0.839487325454394,0.160512674545606,-0.999618851542147,0.000381148457853303,4,120,46,46,11,2.3695652173913,7.22725639212914,1.3967550771341,-0.0630205510506368,0.194435401201838,0.249908246225319,0.782207000699312,0.0155368385994032,0.0066445523054398,-0.020502419709135,4,-2.01347841649781,46,-0.0992718042326104
3664,15709,170,0.992523259604837,0.007476740395163,-0.835657838081093,0.164342161918907,-0.992683638337027,0.00731636166297335,0.992010617531155,0.00798938246884529,0.775319576677504,0.224680423322496,-0.772327586559981,0.227672413440019,0.847653270369887,0.152346729630113,-0.999624273360267,0.000375726639732715,4,126,31,31,10,1.64516129032258,6.76670506912442,0.676008462698295,-0.07044169262587,0.135789170506913,0.170574795574795,0.803965441667055,0.00723175664408837,0.00728083308578293,-0.0139904527223076,4,-1.88812908544025,31,-0.900215663687251
3664,15710,170,NA,NA,-0.866025403784439,0.333333333333333,NA,NA,NA,NA,0.866025403784438,0.333333333333333,-0.866025403784439,0.333333333333333,0.866025403784439,0.333333333333333,-1,NA,3,131,10,10,7,0.244444444444444,4.28148148148148,0.019917695473251,-0.244444444444442,0.0336111111111109,0.0334757834757835,0.740978157644824,0.000373542693105847,0.0334757834757836,-0.0046029202279203,3,-1.56338400633857,10,-1.66912090595424
3664,15719,170,0.990147542976674,0.00985245702332582,-0.843661487732106,0.156338512267894,-0.972263145786491,0.027736854213509,0.966536469087235,0.0334635309127647,0.718785387871267,0.281214612128733,-0.704131582009208,0.295868417990792,0.774596669241483,0.225403330758517,-0.990147542976674,0.00985245702332582,4,128,21,21,9,1.21052631578947,6.14974937343358,0.324254139944682,-0.0822276278932625,0.0871867167919801,0.0647054143294745,0.753364562199149,0.00090264895257072,0.00431289474854269,-0.00450631539165375,4,-0.758978064921398,21,-0.970170378446343
3664,15720,170,0.994374029270134,0.00562597072986648,-0.848477664346607,0.151522335653393,-0.968319133378003,0.031680866621997,0.954451456371823,0.0455485436281766,0.715626447332133,0.284373552667867,-0.683214550011149,0.316785449988851,0.774596669241483,0.225403330758517,-0.98851361751874,0.0114863824812601,4,131,20,20,8,0.944444444444445,5.33888888888889,0.196234567901235,-0.0687604092315013,0.0675277777777779,0.0409633939045704,0.790859060673302,0.000349780888287614,0.00286143619189674,-0.00272184546333152,4,-0.804236872505388,20,-0.14012665236564
3664,15721,170,0.994134846772434,0.00586515322756576,-0.829288428862728,0.170711571137272,-0.96247935093286,0.0375206490671405,0.977670932311261,0.0223290676887395,0.673149107644096,0.326850892355904,-0.713950636441393,0.286049363558607,0.774596669241483,0.225403330758517,-0.994134846772434,0.00586515322756574,4,138,14,14,7,1.13846153846154,4.83681318681319,0.266174375075474,-0.113919413919414,0.073978021978022,0.141266025641026,0.811209363553114,0.00437705696068183,0.0148390808752651,-0.0100616128663004,4,-1.1404958677686,14,-0.619473740583846
3664,15725,170,0.993824983835289,0.00617501616471117,-0.867721831274624,0.132278168725376,-0.834622326111985,0.165377673888014,0.682116311097222,0.317883688902778,0.512989176042575,0.487010823957425,-0.311468059293729,0.688531940706271,0.774596669241483,0.225403330758517,-0.980196058819607,0.0198039411803931,4,141,10,10,6,0.6,4.25,0.0633333333333332,-0.088235294117647,0.0275,0.0509578544061302,0.811590038314176,0.000432796054080239,0.00596123506874014,-0.00138026819923372,4,-0.642244261827297,10,-1.05599119257861
3664,15726,170,0.988095797957529,0.0119042020424707,-0.886592641311615,0.113407358688385,-0.29498164014688,0.70501835985312,-0.672489728205567,0.327510271794433,-0.061020546163148,0.938979453836852,0.846062162446139,0.153937837553861,0.774596669241483,0.225403330758517,-0.968495996958186,0.0315040030418139,4,142,9,9,5,0.225,3.52152777777778,0.00998135288065843,-0.0155684754521964,-0.00129861111111114,0.0272108843537415,0.804124149659864,0.000210432670800747,-0.00515345673152984,0.00261437074829934,4,-0.322441360199452,9,1.72760860776356
3664,15739,170,NA,NA,-0.5,0.666666666666667,0.823148946212042,0.384430343158882,-0.809847659667074,0.399099444169686,0.0801768454102626,0.948902990174451,-0.103121518633333,0.934233889163647,0.866025403784439,0.333333333333333,-0.866025403784439,0.333333333333333,3,132,15,15,5,0.0619047619047626,4.09389499389499,0.00117408436089757,0.0282051282051285,0.000755494505494313,0.0128012338538654,0.79426772058351,4.9150896004873e-05,-0.00567765567765564,-0.000198814343551208,3,-0.524898851662235,15,9.99995176696719
3664,15740,170,NA,NA,-0.5,0.666666666666667,0.218109727706311,0.860021861901339,0.576246882628424,0.609033344557469,0.736120331008779,0.473311471431994,-0.995904938455644,0.0576333221091982,0.866025403784439,0.333333333333333,-0.866025403784439,0.333333333333333,3,144,9,9,4,0.0694444444444446,3.41600529100529,0.00132406357604771,0.00793650793650813,0.00736607142857127,0.0485347985347985,0.770960520960521,0.000593759674956255,0.014041514041514,-0.00667353479853486,3,-0.452402943172179,9,9.99994627250967
3664,15753,170,0.934371873941921,0.0656281260580784,-0.92480615844065,0.0751938415593497,-0.941262792183812,0.0587372078161877,0.984322780882639,0.0156772191173611,0.788344931032205,0.211655068967795,-0.864030346669196,0.135969653330804,0.8527319878298,0.1472680121702,-0.976718677116072,0.0232813228839281,4,84,224,224,20,2.30894549763033,11.3534329227931,1.29881365035916,-0.0128501876009139,0.191380647985712,0.207326310038918,0.772029704028216,0.00974133937197601,0.00116378304999642,-0.018165470545824,4,-0.487659793601316,224,-0.131124600332069
3664,15759,170,0.946859436170986,0.0531405638290137,-0.925686453316007,0.0743135466839932,-0.936401038370097,0.0635989616299033,0.986218495093454,0.0137815049065464,0.783630118046805,0.216369881953195,-0.86938894814294,0.13061105185706,0.859770609145474,0.140229390854526,-0.980320192694157,0.0196798073058428,4,86,218,218,19,2.13531553398058,10.4874360766691,1.10335998072248,-0.0121599570340515,0.175338809012258,0.204226583548944,0.783760896830553,0.00934753279655376,0.00117878114752105,-0.0179048601358164,4,-0.791656492191369,218,-0.0241395936225806
3664,15760,170,0.795066665402447,0.204933334597553,-0.966923657124842,0.0330763428751584,0.907994746410457,0.0920052535895428,0.655108898737768,0.344891101262232,-0.881139947485967,0.118860052514033,-0.641633271289319,0.358366728710681,0.924220835354019,0.0757791646459807,-0.951415911369008,0.0485840886309924,4,90,96,96,14,3.2741935483871,7.75031993292441,2.36254325102105,0.0321630828805049,-0.288498190724152,0.323908199643494,0.686929584439966,0.0208232334932873,0.00217857258106686,-0.0197228321766343,4,-0.170140381192975,96,-0.177580384708293
3664,15761,170,0.983755264761834,0.0162447352381658,-0.860337880650488,0.139662119349512,0.0930257863036106,0.906974213696389,0.967717340766708,0.0322826592332919,0.407555756817709,0.592444243182291,-0.734580121430173,0.265419878569826,0.811738367595784,0.188261632404216,-0.994064343649186,0.00593565635081428,4,94,14,14,6,0.0839160839160842,4.51136363636364,0.00150272221950544,0.000686624553694058,0.00336538461538462,0.185167464114833,0.631944700036805,0.00778078657037951,0.016253125948626,-0.0138025472334683,4,1.37696335078534,14,0.0837843202990479
3664,15762,170,0.980196058819607,0.0198039411803932,-0.867721831274624,0.132278168725376,0.860172051617206,0.139827948382794,0.973554682501817,0.0264453174981829,-0.504102594268266,0.495897405731734,-0.762396492481349,0.237603507518651,0.823021793216483,0.176978206783517,-0.994552475907217,0.00544752409278304,4,109,13,13,5,0.4,3.74583333333333,0.030625,0.0316176470588235,-0.0187916666666667,0.143533697632058,0.728320086106971,0.00494039454206158,0.0143729970875583,-0.0114148451730419,4,1.27597127200517,13,9.99995898283717
3664,15763,170,NA,NA,-0.866025403784439,0.333333333333333,-0.904194430179465,0.280944400511686,0.471979496828532,0.687079257102972,0.996615895540124,0.0523889328216482,-0.849550996819688,0.353745923769639,0.866025403784439,0.333333333333333,-1,0,3,126,8,8,4,0.333333333333333,3.15873015873016,0.0279667422524566,-0.261904761904761,0.0458333333333332,0.0119047619047619,0.687012987012987,4.55857274039088e-05,0.00551948051948059,-0.00157738095238097,3,1.58059162853464,8,9.99992830104803
3664,15774,170,0.993641391499816,0.0718301144467182,-0.916814302346951,0.261503218886615,0.892731170684731,0.297572481117773,0.986925539570535,0.103057909128151,-0.998395395161082,0.0360692622311587,-0.84046730177931,0.364561128014765,0.915733344418917,0.263221252677535,-0.999996358562186,0.00171803379092757,3,106,82,82,13,0.0951086956521738,8.26338842565019,0.00226869086050303,0.0013678701719042,-0.0130774456521742,0.0242632079430397,0.803217291546297,0.000186013476488367,0.000433005200342747,-0.00315228677937539,3,-0.984601762353053,82,-0.189135670129014
3664,15775,170,0.99124070716193,0.0843232163219436,-0.924473451641905,0.24901011701139,-0.648154583063885,0.551082117592179,0.807807197026208,0.401308460194921,0.308879200374562,0.800092234603568,-0.522071821201243,0.650318577206311,0.866025403784439,0.333333333333333,-0.99124070716193,0.0843232163219441,3,113,19,19,10,0.333333333333333,5.85380116959064,0.0290345747409459,-0.0291717666258668,0.0144736842105261,0.030923267765373,0.618295917003212,0.000239219838227162,0.00330014265786993,-0.00222055504257725,3,0.324713597863792,19,-1.17929915071422
3664,15777,170,NA,NA,-0.933256525257383,0.233908049281921,-0.395951892020248,0.740829395996783,0.412515848622753,0.729300280420073,0.0396719144394564,0.974737445278705,-0.0577600555005449,0.963208329701994,0.866025403784439,0.333333333333333,-0.987829161147262,0.0994252840514122,3,127,17,17,9,0.238636363636363,5.28052584670232,0.0181698135014822,-0.016603415559772,0.00147058823529386,0.0177942212825934,0.699760947366966,9.91626550110089e-05,0.00127789300266246,-0.000158173734610166,3,0.0667482978358151,17,-1.17882818547731
3664,15782,170,NA,NA,-0.960768922830523,0.178912375022067,-0.702950021554677,0.503731484053672,0.683243470439756,0.52113753163219,0.47811025993479,0.682643859075738,-0.453920649501601,0.700049906654257,0.866025403784439,0.333333333333333,-0.970725343394151,0.154420958311266,3,141,12,12,8,0.522727272727272,4.99242424242424,0.0683539944903581,-0.0882867132867127,0.0343749999999997,0.0517241379310345,0.697492163009404,0.000670689163825041,0.00850012056908611,-0.00323275862068968,3,-0.382745883557827,12,-1.3410448302923
3664,15783,170,NA,NA,-0.981980506061966,0.121037718323677,-0.467767581118819,0.690116858818798,0.422854875988823,0.722056006635305,0.292306411107735,0.811154577142475,-0.243980031027595,0.843093724958981,0.866025403784439,0.333333333333333,-0.944911182523068,0.212295615009657,3,146,10,10,7,0.380952380952381,4.54920634920635,0.0382161753590326,-0.0598639455782308,0.0157142857142856,0.0474537037037037,0.700385802469136,0.000608514088934615,0.00682870370370368,-0.0016550925925926,3,-0.593235797080301,10,-1.47988988736354
3664,15784,170,NA,NA,-1,9.48637384723993e-09,0.917662935482247,0.260146938293006,-0.999267603948562,0.0243665828178192,-0.917662935482247,0.260146938293006,0.999267603948562,0.0243665828178212,NA,NA,NA,NA,3,148,9,9,6,0.285714285714286,3.82142857142857,0.024234693877551,0.142857142857143,-0.0392857142857145,0.0707070707070707,0.707852332852333,0.00125170527858118,-0.0353535353535352,0.00972222222222221,3,-0.449272126956455,9,-1.14076166095856
3664,15785,170,0.866025403784439,0.333333333333333,-1,9.48637384723993e-09,0.815646236729028,0.392763216544131,-0.997332669983896,0.0465082585391868,-0.815646236729028,0.392763216544131,0.997332669983895,0.0465082585391887,NA,NA,NA,NA,3,151,8,8,5,0.232142857142857,3.2281746031746,0.0163099962207105,0.104166666666667,-0.0286458333333336,0.0711779448621553,0.706265664160401,0.0012733588356857,-0.0355889724310775,0.00978696741854634,3,-0.477526657424682,8,1.07793151846921
3664,15793,170,0.993944095928862,0.0700977419893229,-0.915724294697821,0.263235591344011,-0.996861919244289,0.0504476354319247,0.995773174730649,0.0585538372066947,0.881043599712795,0.313683226775935,-0.874949093470706,0.321789428550705,0.9174715355234,0.260453414526463,-0.999990450546413,0.00278217681754908,3,111,63,63,12,0.791356184798807,8.02712369597615,0.201692249262061,-0.0163985080874139,0.108811475409836,0.147705170628205,0.724876594664499,0.00712468774149547,0.00307870493484069,-0.0203094609613783,3,-1.05874950723631,63,0.139152647863478
3664,15794,170,0.990848056513049,0.0861952954602261,-0.925590567080348,0.247138037873107,-0.995743528815748,0.0587589649210125,0.99916583367561,0.0260046876391464,0.956538585526856,0.188379072952094,-0.909360705285462,0.273142725512254,0.92922999337467,0.240943317303265,-0.999952657654146,0.00619472056983396,3,117,60,60,11,0.613251155624037,7.18486033740271,0.102757084118441,-0.012310085148585,0.0843220338983049,0.147214923514781,0.791505111019048,0.00655196119160077,0.0031191115826156,-0.0202420519832826,3,-1.45023727432665,60,0.866467162644787
3664,15795,170,0.996391568586822,0.0540984756749712,-0.90533813562,0.279234857658361,-0.87052424127336,0.327559811419458,0.991431041832095,0.0834007087665301,0.997120320833423,0.0483249537610968,-0.953058255413843,0.195834148891831,0.933961528938881,0.232655386552277,-0.997324499046767,0.0465794711060836,3,119,44,44,10,0.219873150105709,6.44034531360113,0.0121559602614473,-0.00543083160913442,0.0302325581395347,0.0584018808369013,0.760403808078227,0.000938760442850034,0.00171882133238268,-0.00803025861507401,3,-1.93358924887564,44,1.25902799439751
3664,15796,170,0.994424324123544,0.0672582986957317,-0.913923057046373,0.266075034637602,-0.947976713911456,0.206250502885636,0.997541386554639,0.0446508023452714,0.995587865379308,0.0598245317519663,-0.940120597735722,0.221424232292331,0.961785202673181,0.176564640191401,-0.990131727917203,0.0895103944462004,3,121,35,35,9,0.485294117647059,5.99414927261227,0.0594006057463691,-0.0162427435766781,0.0667279411764705,0.16855313553993,0.645649043027349,0.00803612242921235,0.00628666729486076,-0.0231760561367405,3,-1.34219401105458,35,2.00795132967621
3664,15797,170,NA,NA,-0.866025403784439,0.333333333333333,-0.953820966476532,0.194224113364004,0.851237038816531,0.351705860834467,0.97622103992743,0.139109219969329,-0.999583593569287,0.0183725275011339,0.932391408452526,0.235436508108983,-0.988199755925132,0.0978968252243499,3,136,26,26,8,0.13,5.17666666666667,0.00443333333333332,-0.00647058823529403,0.0178749999999996,0.00168067226890756,0.784439775910364,7.06753289551109e-07,7.29115175482072e-05,-0.000231092436974841,3,-2.42214327736517,26,4.03946389801815
3664,15798,170,NA,NA,-0.866025403784439,0.333333333333333,NA,NA,NA,NA,0.866025403784439,0.333333333333333,-0.866025403784439,0.333333333333333,0.993814373638127,0.0708453062496757,-0.916195493843624,0.262488027083658,3,141,9,9,4,0.333333333333333,3.44444444444444,0.037037037037037,-0.0555555555555554,0.0458333333333333,0.147509578544061,0.856960408684547,0.0072530252540822,0.0245849297573436,-0.0202825670498085,3,-2.48768394869031,9,9.99994187785417
3664,15806,170,NA,NA,-0.866025403784439,0.333333333333333,-0.114707866935274,0.926813604959677,0.998014420037615,0.0401245983615905,0.596039560679264,0.593480271626344,-0.895798766479824,0.293208734971742,0.866025403784439,0.333333333333333,-1,NA,3,148,17,17,7,0.0625,4.59583333333333,0.000989583333333332,-0.000568181818181713,0.00515624999999974,0.0484848484848485,0.803914141414141,0.000732371059075604,0.00425275482093665,-0.00666666666666672,3,-2.02267671873331,17,1.71460308307555
3664,15807,170,NA,NA,-0.866025403784438,0.333333333333333,0.986911572609113,0.103113061500409,-0.997064590653465,0.0487905541102805,-0.774059314567555,0.436446394833742,0.82520075544654,0.382123887443614,0.866025403784439,0.333333333333333,-1,9.48637384723993e-09,3,150,13,13,6,0.483333333333333,3.89444444444444,0.0667592592592592,0.0630952380952381,-0.0550000000000002,0.0803030303030303,0.798737373737374,0.00198251453933272,-0.0109848484848485,0.0101041666666666,3,-1.44291034825501,13,4.70237538523901
3664,15808,170,NA,NA,-0.866025403784439,0.333333333333333,0.5,0.666666666666667,-0.866025403784439,0.333333333333333,3.52457089063101e-17,1,0.5,0.666666666666667,0.866025403784439,0.333333333333333,-1,0,3,157,9,9,5,0.125,3.54166666666667,0.00520833333333333,0.0104166666666668,-1.56518591975039e-16,0.0494505494505495,0.821428571428571,0.00061133921024031,-0.00618131868131867,0.00339972527472526,3,-1.25319416964099,9,1.57227367408091
3664,15822,170,NA,NA,NA,NA,NA,NA,NA,NA,NA,NA,NA,NA,NA,NA,NA,NA,2,141,9,9,5,0.388888888888889,3.97222222222222,0.0756172839506174,-0.12962962962963,0.106944444444445,0.145019157088123,0.449521072796935,0.0105152779612748,0.0483397190293742,-0.0398802681992338,2,0.959734992979656,9,-0.456136472547577
3664,15823,170,NA,NA,NA,NA,NA,NA,NA,NA,NA,NA,NA,NA,NA,NA,NA,NA,2,154,8,8,4,0.0416666666666665,3.14583333333333,0.000868055555555549,-0.0208333333333334,0.0114583333333334,0.015327380952381,0.690997023809524,0.000117464303429705,0.00766369047619044,-0.00421502976190474,2,0.092735315565449,8,9.99995434071618
3664,15830,170,NA,NA,-0.866025403784439,0.333333333333333,NA,NA,NA,NA,NA,NA,-0.866025403784438,0.333333333333333,0.866025403784439,0.333333333333333,-1,0,3,138,9,9,5,0,3.66666666666667,0,0,0,0.120659722222222,0.767939814814815,0.00485292285558128,0.0201099537037037,-0.0165907118055556,3,-1.71588172638196,9,0.208305153877885
3664,15838,170,NA,NA,NA,NA,NA,NA,NA,NA,NA,NA,NA,NA,NA,NA,NA,NA,2,122,16,16,7,0.041666666666667,4.85416666666667,0.000868055555555568,0.0104166666666665,-0.0114583333333332,0.00500315656565653,0.710519255050505,1.2515787810236e-05,0.00125078914141413,-0.00137586805555555,2,0.710730581643574,16,-0.345847458917648
3664,15839,170,NA,NA,NA,NA,NA,NA,NA,NA,NA,NA,NA,NA,NA,NA,NA,NA,2,130,13,13,6,0.184615384615385,4.29230769230769,0.0170414201183432,0.0615384615384613,-0.0507692307692307,0.0206623931623932,0.699113247863248,0.000213467245598656,-0.00688746438746443,0.00568215811965816,2,0.77933227512474,13,-0.348444719215188
3664,15843,170,NA,NA,NA,NA,NA,NA,NA,NA,NA,NA,NA,NA,NA,NA,NA,NA,2,143,9,9,5,0.174603174603174,3.8015873015873,0.0152431342907533,0.0873015873015868,-0.0480158730158728,0.0361552028218695,0.666225749559083,0.000653599345545259,-0.0180776014109348,0.00994268077601415,2,0.537751229510124,9,-0.96886763657039
3664,15844,170,NA,NA,NA,NA,NA,NA,NA,NA,NA,NA,NA,NA,NA,NA,NA,NA,2,149,8,8,4,0.0833333333333335,3.20833333333333,0.00347222222222223,0.0416666666666665,-0.0229166666666666,0.0133786848072562,0.710770975056689,8.94946035859544e-05,-0.00668934240362816,0.00367913832199549,2,0.501240249955021,8,9.99991873048828
3664,15855,170,0.998169245076866,0.00183075492313378,-0.798220793549941,0.201779206450059,-0.996854606571321,0.00314539342867904,0.996279481101264,0.00372051889873593,0.818712830406483,0.181287169593517,-0.789915302574288,0.210084697425712,0.784832309725561,0.215167690274439,-0.999072683233882,0.000927316766117993,4,97,122,122,18,2.38023598820059,9.74017567918971,1.2819123285312,-0.0273665130101661,0.19745542834047,0.110927427935237,0.762553195205851,0.00290819636228574,0.00130272135070784,-0.00907404042453625,4,-0.856249732511243,122,0.0112526737667097
3664,15856,170,0.996530534808244,0.00346946519175617,-0.801886290654458,0.198113709345542,-0.996839058526165,0.00316094147383472,0.997750253138927,0.00224974686107249,0.82187703876057,0.17812296123943,-0.797670771899636,0.202329228100364,0.787928338994053,0.212071661005947,-0.998089038655781,0.00191096134421852,4,108,101,101,17,3.27016129032258,9.62235902198864,2.44034779488857,-0.0451986589835918,0.273489734354236,0.222168182298029,0.782585153727351,0.0118278795014476,0.00314956033853547,-0.0184792969244237,4,-0.980010952890217,101,0.0251707154199964
3664,15857,170,0.991779073682316,0.00822092631768423,-0.847700708521627,0.152299291478373,-0.979246506794954,0.0207534932050465,-0.867668677032587,0.331235059775883,0.723932077038149,0.27606792296185,0.945984904407691,0.210197341452207,0.774596669241483,0.225403330758517,-0.991779073682316,0.00822092631768436,4,136,22,22,7,0.894736842105263,5.37177033492823,0.177095151973016,-0.042279862335264,0.0648947368421055,0.00930356193514081,0.861128832181464,2.41807686847758e-05,-0.00279319064148764,0.0012792397660818,3,-1.3529058991384,22,0.159200389191526
3664,15858,170,NA,NA,-0.866025403784439,0.333333333333333,NA,NA,NA,NA,-0.866025403784438,0.333333333333333,0.866025403784438,0.333333333333333,NA,NA,NA,NA,3,139,10,10,6,0.0777777777777775,4.24814814814815,0.00201646090534978,0.0777777777777796,-0.0106944444444448,0.02168458781362,0.785782556750299,0.000156740449548866,-0.0216845878136197,0.00298163082437273,3,-0.160383256967946,10,-1.1008410230672
3664,15859,170,NA,NA,-0.866025403784439,0.333333333333333,NA,NA,NA,NA,-0.866025403784438,0.333333333333333,0.866025403784439,0.333333333333333,NA,NA,NA,NA,3,140,8,8,5,0.0178571428571428,3.86309523809524,0.000106292517006802,0.0178571428571439,-0.0024553571428573,0.021031746031746,0.691402116402116,0.000147444780381287,-0.0210317460317456,0.00289186507936503,3,0.429920922961421,8,-1.28616644882189
3664,15867,170,0.986927542439653,0.0130724575603467,-0.866400225443962,0.133599774556038,-0.962194558392325,0.0378054416076752,-0.592195465545235,0.596522662550684,0.717912659928468,0.282087340071532,0.592195465545235,0.596522662550684,0.774596669241483,0.225403330758517,-0.986927542439653,0.0130724575603466,4,141,12,12,6,1,4.31628787878788,0.213283402203857,-0.0877115308933491,0.0706250000000002,0.0232671543016371,0.825937536282364,0.000136996544351905,-0.00693138279345161,0.00190613026819921,3,-1.11265105922515,12,0.978794033749687
3664,15868,170,0.990147542976674,0.00985245702332582,-0.843661487732106,0.156338512267894,-0.858482383922531,0.141517616077469,NA,NA,0.5017659688772,0.4982340311228,0.866025403784439,0.333333333333333,0.774596669241483,0.225403330758517,-0.990147542976674,0.00985245702332593,4,142,8,8,5,0.571428571428572,3.66964285714286,0.0570790816326531,-0.0609243697478991,0.0255357142857143,0.032312925170068,0.714852607709751,0.000348041711015472,-0.0323129251700678,0.00444302721088432,3,-0.583643692407944,8,-1.24358223001446
3664,15878,170,0.994386555926537,0.0056134440734632,-0.780657277864058,0.219342722135941,-0.993528976271378,0.00647102372862172,0.995839565358843,0.00416043464115701,0.831875919388953,0.168124080611047,-0.807465271798681,0.192534728201319,0.798937513945733,0.201062486054267,-0.99639214023737,0.00360785976263025,4,113,79,79,16,2.7091243110839,9.24069048156214,1.67766826401093,-0.0518774190546663,0.229519672957655,0.20863493142476,0.788874019790675,0.0103820416364423,0.00409049192091906,-0.0175256266249794,4,-0.49094058173952,79,-0.0261513265341408
3664,15884,170,0.995213647735235,0.00478635226476509,-0.782569315760581,0.217430684239419,-0.990897577469184,0.00910242253081586,0.995384990830353,0.00461500916964708,0.847336419050136,0.152663580949864,-0.818292708575687,0.181707291424313,0.797120953022706,0.202879046977294,-0.997031088806197,0.00296891119380258,4,115,73,73,15,2.34057971014493,8.53697642936773,1.20991877846055,-0.0493060847055746,0.198537386526518,0.193248385343247,0.798975887419563,0.00870250419623954,0.00420055669462515,-0.0162606956449348,4,-0.481527655555767,73,0.106240338533441
3664,15885,170,0.994941109685328,0.00505889031467177,-0.755417117779349,0.244582882220651,-0.981286225690296,0.0187137743097039,0.990578488530942,0.00942151146905768,0.86106525983467,0.13893474016533,-0.828314809619638,0.171685190380362,0.774596669241483,0.225403330758517,-0.994941109685328,0.00505889031467153,4,117,62,62,14,1.71936758893281,7.9886824211161,0.639042083959546,-0.0463647246292949,0.146625368459838,0.150598685791467,0.792110362391212,0.00520905050749524,0.00422566854948018,-0.0127345331856891,4,-0.119701947452228,62,0.0562983268850626
3664,15886,170,0.986440050415621,0.013559949584379,-0.853986492453439,0.146013507546561,-0.994710015833761,0.00528998416623872,NA,NA,0.807027212150225,0.192972787849775,0.866025403784438,0.333333333333333,0.774596669241483,0.225403330758517,-0.986440050415621,0.0135599495843789,4,138,13,13,6,1.84615384615385,4.64510489510489,0.819025380214191,-0.156706929434202,0.155576923076923,0.00343822843822839,0.809639665889666,3.94047159781414e-06,-0.00171911421911416,0.000472756410256389,3,-0.410893959489338,13,2.40090580531871
3664,15889,170,0.996988657100251,0.00301134289974936,-0.829288428862728,0.170711571137272,-0.998030524922375,0.00196947507762467,NA,NA,0.798752922078907,0.201247077921093,0.866025403784438,0.333333333333333,0.774596669241483,0.225403330758517,-0.994134846772434,0.00586515322756574,4,139,10,10,5,1.4,3.96666666666667,0.475555555555556,-0.157894736842105,0.117333333333334,0.0163082437275986,0.737335722819594,8.86529378262535e-05,-0.0163082437275985,0.0022423835125448,3,-0.396986268657963,10,9.99992208063144
3664,15898,170,0.977654766764814,0.0223452332351857,-0.69719977373332,0.30280022626668,-0.961005225697448,0.0389947743025525,0.97159296246372,0.0284070375362802,0.861062986964562,0.138937013035438,-0.84417146674692,0.15582853325308,0.774596669241483,0.225403330758517,-0.988613598620028,0.0113864013799717,4,119,49,49,13,1.10606060606061,7.51395476504172,0.261829056542782,-0.0435349146478559,0.0938538647342999,0.111601773007799,0.758770156090972,0.00280760683580851,0.00455780282937504,-0.00952811814015109,4,0.135495270867136,49,-0.0899466269521655
3664,15901,170,0.977344702194604,0.0226552978053958,-0.65758569982813,0.34241430017187,-0.961127778398936,0.0388722216010638,0.972265154365533,0.0277348456344675,0.820823485590108,0.179176514409892,-0.809702418212164,0.190297581787836,0.774596669241483,0.225403330758517,-0.982106466563214,0.0178935334367861,4,122,46,46,12,0.75990675990676,6.73708462080555,0.128561913166708,-0.0344187506514248,0.0626923076923078,0.085739552844816,0.784802576724241,0.00173665791180406,0.0040466875200726,-0.00718771576750466,4,0.0273304382052077,46,0.420336938651154
3664,15902,170,0.973010067733054,0.026989932266946,-0.613468895724554,0.386531104275446,-0.949779357161691,0.0502206428383089,0.967442878092676,0.032557121907324,0.782559208004621,0.217440791995379,-0.785084351083869,0.214915648916131,0.774596669241483,0.225403330758517,-0.973010067733054,0.026989932266946,4,128,35,35,11,0.766666666666667,6.29251336898396,0.132491974373069,-0.0469372499733031,0.0606764705882354,0.135278019253678,0.78965119354952,0.00441608940831061,0.00872859593158057,-0.0111133135725555,4,-0.849143734729404,35,-0.0624989094220719
3664,15903,170,0.994134846772434,0.00586515322756576,-0.710818653310909,0.289181346689091,0.998569550507746,0.00143044949225368,0.992374006179846,0.00762599382015372,-0.743394935716046,0.256605064283954,-0.782841903463777,0.217158096536223,0.774596669241483,0.225403330758517,-0.994134846772434,0.00586515322756585,4,135,11,11,5,1.90909090909091,3.40454545454545,0.879421487603306,0.214832535885168,-0.1485,0.657777777777778,0.630937950937951,0.105901357004387,0.0740882509303562,-0.0542666666666668,4,0.0336023966195022,11,1.65792586974326
3664,15904,170,NA,NA,0.866025403784439,0.333333333333333,NA,NA,NA,NA,0.866025403784439,0.333333333333333,-0.866025403784439,0.333333333333333,NA,NA,NA,NA,3,141,9,9,4,0.0833333333333335,3.30555555555556,0.00231481481481482,0.0833333333333323,0.0114583333333332,0.00848385331143942,0.851486954935231,2.39919223366738e-05,-0.00848385331143982,-0.00116652983032298,3,-0.041201979275327,9,9.99993021423617
3664,15913,170,0.836812855109016,0.163187144890984,-0.458731710925563,0.541268289074437,-0.899271159815955,0.100728840184045,0.909236771693842,0.0907632283061584,0.712937244699853,0.287062755300147,-0.754438301066533,0.245561698933467,0.774596669241483,0.225403330758517,-0.915249233498881,0.0847507665011188,4,136,24,24,10,0.660326086956522,5.87071393280632,0.0916125131085081,-0.087924471558687,0.0459660326086958,0.0847235139114935,0.816322894614471,0.0016332376541137,0.0118697995836209,-0.00649466477094271,4,-0.728648825958087,24,-0.648948268220283
3664,15920,170,0,1,0.632455532033677,0.367544467966323,-0.188899798232035,0.811100201767964,0.220381300722287,0.779618699277713,-0.378323954241004,0.621676045758996,0.634685874881594,0.365314125118406,0.774596669241483,0.225403330758517,0,1,4,139,17,17,9,0.295833333333333,5.534375,0.0182450810185185,-0.0312500000000004,-0.0108854166666668,0.0445468509984639,0.77267812832329,0.000368510418395497,0.00518137776202294,0.00259532671629447,4,0.132436644160932,17,-1.2509447193613
3664,15921,170,0.577350269189626,0.422649730810374,1.77501191957181e-15,0.999999999999998,0.402468953295529,0.597531046704471,-0.711364994816961,0.288635005183039,0.441792624306435,0.558207375693565,0.350901068414335,0.649098931585665,0.774596669241483,0.225403330758517,-0.577350269189626,0.422649730810374,4,141,14,14,8,0.230769230769231,5.11858974358974,0.0102317554240631,0.0705128205128205,0.00951923076923088,0.0341612410577928,0.733060043404871,0.000231044176397278,-0.0187283980387429,0.00113616268788684,4,0.191256830601093,14,-1.41968562552529
3664,15922,170,0.577350269189626,0.422649730810374,1.77501191957181e-15,0.999999999999998,0.141264482804406,0.858735517195594,-0.496915566184204,0.503084433815796,0.484344712414061,0.515655287585939,0.438281810775906,0.561718189224094,0.774596669241483,0.225403330758517,-0.577350269189626,0.422649730810374,4,144,12,12,7,0.218181818181819,4.71363636363636,0.0124242424242424,0.0272727272727275,0.0115,0.0413364413364414,0.691608391608392,0.000380245384130389,-0.0167832167832169,0.00182051282051283,4,0.62839487217647,12,-1.55228694689575
3664,15923,170,0.577350269189626,0.422649730810374,1.77501191957181e-15,0.999999999999998,-0.0524863881081476,0.947513611891852,-0.321613280746735,0.678386719253265,0.49292515315367,0.50707484684633,0.481956102523991,0.518043897476009,0.774596669241483,0.225403330758517,-0.577350269189626,0.422649730810374,4,146,11,11,6,0.222222222222222,4.10555555555556,0.0149382716049383,-0.0111111111111112,0.0128333333333334,0.0537037037037037,0.670486111111111,0.000561038951760402,-0.0131944444444444,0.00243171296296297,4,0.703109733765584,11,-1.23702842013944
3664,15936,170,0.984731927834662,0.015268072165338,-0.762770071396473,0.237229928603527,-0.935153458570522,0.0648465414294778,-0.122070368244311,0.877929631755689,0.665540971898856,0.334459028101144,0.204396348957471,0.795603651042529,0.774596669241483,0.225403330758517,-0.984731927834662,0.0152680721653381,4,138,11,11,5,0.15,3.67083333333333,0.00377314814814814,-0.0212121212121212,0.00870833333333337,0.0206597222222222,0.620616319444444,9.95727036715536e-05,-0.00044981060606062,0.000434461805555572,4,1.26161725489585,11,9.99993091833488
3664,15946,170,NA,NA,-0.866025403784439,0.333333333333333,NA,NA,NA,NA,-0.866025403784438,0.333333333333333,0.866025403784439,0.333333333333333,0.866025403784439,0.333333333333333,-1,NA,3,131,11,11,5,0.171717171717172,3.67003367003367,0.00982892902084821,0.0858585858585861,-0.0236111111111114,0.0252784252784253,0.758076491409825,0.00021299959485231,-0.0126392126392125,0.00347578347578344,3,-0.667035747898694,11,9.99994083648797
3664,15956,170,0.997628923753008,0.00237107624699195,-0.772760041478045,0.227239958521955,0.993294686274094,0.00670531372590588,0.970542509020901,0.0294574909790994,-0.840775969938386,0.159224030061614,-0.612324725970187,0.387675274029813,0.774596669241483,0.225403330758517,-0.997628923753008,0.00237107624699196,4,121,21,21,7,0.766666666666667,4.85833333333333,0.124722222222222,0.0512137359384251,-0.0632500000000001,0.0512710347296813,0.761788399570354,0.000538106706932368,0.00328689015103096,-0.00302568922305765,4,-0.216642689635022,21,-0.199071029917814
3664,15957,170,NA,NA,-0.866025403784439,0.333333333333333,NA,NA,NA,NA,-0.866025403784439,0.333333333333333,0.866025403784438,0.333333333333333,NA,NA,NA,NA,3,153,8,8,6,0.285714285714286,3.80952380952381,0.0272108843537415,0.285714285714287,-0.0392857142857146,0.0378151260504201,0.676470588235294,0.000476661252736388,-0.0378151260504199,0.00519957983193276,3,-0.744322927564787,8,-1.68059870963733
3664,15964,170,0.989100491961172,0.0108995080388281,-0.685506162763684,0.314493837236316,0.986848895652985,0.0131511043470156,-0.955486348233993,0.0445136517660073,-0.78249904138019,0.21750095861981,0.848477664346607,0.151522335653393,0.774596669241483,0.225403330758517,-0.989100491961172,0.0108995080388282,4,129,13,13,6,0.833333333333333,3.95512820512821,0.17187157571773,0.127788200958933,-0.0691025641025642,0.0861049519586105,0.808651714139519,0.00170728170862332,-0.0123314784230906,0.00746794871794874,4,-0.568374033301134,13,2.65056382943087
3664,15965,170,NA,NA,-0.774596669241482,0.225403330758518,NA,NA,NA,NA,-0.774596669241482,0.225403330758518,0.774596669241482,0.225403330758518,0.774596669241483,0.225403330758517,-1,0,4,133,9,9,5,0.888888888888889,3.33333333333333,0.197530864197531,0.148148148148148,-0.0733333333333336,0.0405405405405406,0.708333333333333,0.000410883856829803,-0.00675675675675676,0.0033445945945946,4,-0.0135445587043026,9,0.961740159427621
3664,15976,170,0.908157913114889,0.0918420868851113,-0.943219265165868,0.0567807348341317,0.674711972628585,0.325288027371415,0.928043375753952,0.0719566242460483,-0.493889482937801,0.506110517062199,-0.801669189319011,0.198330810680989,0.864852662286266,0.135147337713734,-0.971044549607001,0.0289554503929993,4,88,130,130,13,0.760000000000001,8.23950139735772,0.101053094689382,0.00375790207204661,-0.0334435912093497,0.301475477722297,0.753645002616061,0.0219472843485919,0.00240885635644595,-0.0252984496178655,4,-1.78955552846992,130,0.749999225235515
3664,15977,170,NA,NA,-0.907841299003204,0.275458676634943,0.681161705757335,0.522950114883577,-0.680026865358511,0.523936195187745,-0.311393158576813,0.79840879151852,0.309920865354341,0.799394871822688,0.866025403784439,0.333333333333333,-0.995870594885822,0.0578746566983908,3,108,23,23,7,0.142857142857143,5.06277056277056,0.00532692415809301,0.00902668759811626,-0.00625000000000024,0.0122329283619605,0.786663873760648,3.90856198861924e-05,-0.000771923928605934,0.00053283410138245,3,0.406430416583144,23,3.05611339234665
3664,15978,170,NA,NA,-0.866025403784438,0.333333333333333,NA,NA,-0.873556848591138,0.323615149415012,-0.866025403784438,0.333333333333333,0.513161357299802,0.656948482748345,0.866025403784439,0.333333333333333,-1,0,3,115,14,14,6,0.0641025641025639,4.20940170940171,0.00136971290817444,0.00915750915750926,-0.00881410256410281,0.0387878787878788,0.722253302253302,0.000376212546841918,-0.00419247419247418,0.00273717948717947,3,0.439446366782007,14,4.32217661310756
3664,15982,170,0.99124070716193,0.0843232163219436,-0.792405815693061,0.417656549655277,-0.998742137866914,0.0319342835002949,0.998415908076059,0.0358379086048863,0.821994936526787,0.38572226615498,-0.825471489795648,0.381818641050391,0.866025403784439,0.333333333333333,-0.99124070716193,0.0843232163219436,3,134,10,10,5,0.733333333333333,3.86666666666667,0.164444444444444,-0.106976744186046,0.0916666666666667,0.0969135802469135,0.784104938271605,0.00288882696997409,0.0141742032730405,-0.0122010030864198,3,-0.20846721215176,10,9.99994644256872
3664,15991,170,NA,NA,-0.981980506061966,0.121037718323677,-0.052414241836097,0.96661676001241,-0.405801617110198,0.73398477388252,0.240192230707632,0.845579041688733,0.225766848524975,0.855022492206197,NA,NA,NA,NA,3,135,9,9,6,0.222222222222222,3.87037037037037,0.0133744855967078,-0.00396825396825384,0.00763888888888882,0.0531292517006803,0.734300831443689,0.00077124569152428,-0.00737771298995777,0.0017242063492063,3,0.28297932862861,9,-0.784698666702058
3664,15999,170,0.969673940444366,0.0303260595556341,-0.942037954833019,0.0579620451669807,0.775917376039849,0.224082623960151,0.939586406856135,0.060413593143865,-0.610230045269537,0.389769954730463,-0.814952157656058,0.185047842343942,0.920621788788063,0.079378211211937,-0.997952874189867,0.00204712581013343,4,96,107,107,12,1.24761904761905,7.58930949738386,0.295945875370696,0.00900615762094914,-0.070714431055441,0.267519001481266,0.784371594651196,0.0170338876970733,0.00261644454887125,-0.0226567348812221,4,-2.15734861806441,107,0.716358242399416
3664,16000,170,0.950401849236185,0.0495981507638155,-0.881512461728979,0.118487538271021,0.906897950490491,0.0931020495095085,0.991353815626403,0.00864618437359699,-0.657814250111435,0.342185749888565,-0.820626746816561,0.179373253183439,0.871123658915006,0.128876341084994,-0.999751746833604,0.00024825316639621,4,105,54,54,10,1.08095238095238,6.50342024327873,0.230816023025574,0.0193185603025114,-0.067320072223374,0.168748114630468,0.793211395042527,0.00671898041424188,0.00360299559039143,-0.0143286631972123,4,-1.43864047511894,54,0.468784344198392
3664,16001,170,NA,NA,-0.866025403784438,0.333333333333333,NA,NA,NA,NA,0.866025403784438,0.333333333333333,-0.866025403784439,0.333333333333333,0.866025403784439,0.333333333333333,-1,0,3,124,18,18,7,0.656565656565657,5.10774410774411,0.143692820460497,-0.0937950937950936,0.0902777777777777,0.12019168668785,0.795542810888079,0.0048153471829568,0.0171702409554072,-0.0165263569195795,3,-1.92320055885463,18,0.385337047536545
3664,16002,170,NA,NA,-0.866025403784439,0.333333333333333,NA,NA,NA,NA,0.866025403784438,0.333333333333333,-0.866025403784438,0.333333333333333,0.866025403784439,0.333333333333333,-1,0,3,127,13,13,6,0.338461538461538,4.57435897435897,0.0381854043392504,-0.112820512820512,0.0465384615384613,0.0754323196183662,0.747962631683562,0.00189667828100245,0.0251441065394554,-0.0103719439475254,3,-1.11857820510146,13,-0.566945817835329
3664,16004,170,NA,NA,-0.866025403784439,0.333333333333333,NA,NA,NA,NA,-0.866025403784439,0.333333333333333,0.866025403784438,0.333333333333333,NA,NA,NA,NA,3,133,11,11,5,0.109090909090909,3.87272727272727,0.00396694214876035,0.109090909090909,-0.0150000000000001,0.0206388206388207,0.797051597051597,0.000141986972453804,-0.0206388206388205,0.00283783783783781,3,-0.845885278115033,11,0.639386704239669
3664,16018,170,0.987867717898423,0.012132282101577,-0.841465302858565,0.158534697141435,0.997741566794185,0.00225843320581531,0.994287076921455,0.00571292307854487,-0.819422603710727,0.180577396289273,-0.782319025880986,0.217680974119014,0.802921831012225,0.197078168987775,-0.997660257323982,0.00233974267601842,4,113,36,36,9,1.31428571428571,5.7359243697479,0.391660840806911,0.0437624906696203,-0.109237394957983,0.0703228659885006,0.817302744527353,0.00122008503940281,0.00243408497320245,-0.00582086145154156,4,-0.507963266130637,36,0.118602774702664
3664,16019,170,0.998932922731092,0.00106707726890765,-0.864189521697505,0.135810478302495,0.98919193334937,0.0108080666506303,0.993125966816909,0.0746878618327247,-0.792927549459761,0.207072450540239,-0.986628526497456,0.104224513189342,0.804786618180183,0.195213381819817,-0.993878827526529,0.00612117247347057,4,115,24,24,8,2.56521739130435,4.87336176409403,1.56210334326975,0.119941914772982,-0.211104118993135,0.00600176930528507,0.756609794138398,9.25105512084306e-06,0.0014510718692121,-0.000825243279476705,3,-0.22646580949058,24,-0.487810166552973
3664,16020,170,0.944911182523068,0.212295615009657,-0.981980506061966,0.121037718323677,0.00166383132576225,0.998940771591418,0.152561067329065,0.902495850598555,-0.190615824848667,0.877903053267742,0.0369580249764984,0.976466431077768,0.866025403784439,0.333333333333333,-0.944911182523068,0.212295615009657,3,125,12,12,5,0.281818181818182,4.06893939393939,0.0222124655647383,0.00016233766233788,-0.0078125000000001,0.0110437710437711,0.689087702421036,3.90261749248443e-05,0.00062392633821209,6.34920634920442e-05,3,0.603612614393448,12,3.31648651019345
3664,16031,170,0.996116490183505,0.00388350981649532,-0.8198127976897,0.1801872023103,0.999670674360145,0.000329325639854883,NA,NA,-0.807291832593486,0.192708167406514,0.866025403784439,0.333333333333333,0.774596669241483,0.225403330758517,-0.996116490183505,0.00388350981649542,4,138,12,12,7,2.91666666666667,4.14015151515152,2.0436371288644,0.266913319238901,-0.245833333333334,0.0223484848484848,0.769760101010101,0.000166484925007652,-0.0223484848484846,0.00307291666666662,3,-1.03224635837512,12,-1.46983560121861
3664,16032,170,NA,NA,-0.866025403784439,0.333333333333333,NA,NA,NA,NA,-0.866025403784439,0.333333333333333,0.866025403784439,0.333333333333333,NA,NA,NA,NA,3,140,10,10,6,0.166666666666667,4.44444444444444,0.00925925925925929,0.166666666666667,-0.022916666666667,0.0240740740740741,0.715432098765432,0.000193187014174669,-0.024074074074074,0.00331018518518519,3,-0.562304249129472,10,-1.68372395049449
3664,16033,170,NA,NA,-0.866025403784439,0.333333333333333,NA,NA,NA,NA,-0.866025403784439,0.333333333333333,0.866025403784439,0.333333333333333,NA,NA,NA,NA,3,146,9,9,5,0.138888888888889,3.84259259259259,0.00643004115226337,0.13888888888889,-0.0190972222222225,0.0256283068783069,0.80136684303351,0.00021893670448289,-0.0256283068783067,0.00352389219576717,3,-0.601429795040662,9,-1.39835429478177
3664,16034,170,NA,NA,-0.866025403784439,0.333333333333333,NA,NA,NA,NA,-0.866025403784438,0.333333333333333,0.866025403784438,0.333333333333333,NA,NA,NA,NA,3,147,8,8,4,0.107142857142857,3.21428571428571,0.0038265306122449,0.107142857142857,-0.014732142857143,0.0253623188405797,0.773982056590752,0.000214415738990408,-0.0253623188405796,0.00348731884057969,3,-0.288615012729203,8,9.99993770741043
3664,16042,170,NA,NA,-0.774596669241482,0.225403330758518,NA,NA,NA,NA,-0.774596669241482,0.225403330758518,0.774596669241482,0.225403330758518,0.774596669241483,0.225403330758517,-1,0,4,125,12,12,6,0.25,4.1875,0.015625,0.03125,-0.020625,0.0872053872053872,0.70496632996633,0.00190119488941038,-0.0109006734006734,0.00719444444444445,4,-0.0778983192896233,12,0.23485081091034
3664,16043,170,NA,NA,-0.774596669241482,0.225403330758518,NA,NA,NA,NA,-0.774596669241482,0.225403330758518,-0.774596669241482,0.225403330758518,0.774596669241483,0.225403330758517,-1,0,4,138,10,10,5,0.0333333333333337,3.69166666666667,0.000277777777777783,0.00476190476190482,-0.00275000000000005,0.0208333333333334,0.776041666666667,0.000108506944444445,0.00297619047619048,-0.00171875000000001,4,-0.834028716101021,10,2.57606963880465
3664,16045,170,NA,NA,-0.774596669241482,0.225403330758518,NA,NA,NA,NA,0.774596669241482,0.225403330758518,-0.774596669241482,0.225403330758518,0.774596669241483,0.225403330758517,-1,0,4,142,8,8,4,0.375,3.21875,0.03515625,-0.0625,0.0309375000000001,0.451530612244898,0.660076530612245,0.0509699734485631,0.0752551020408163,-0.0372512755102042,4,-0.848528137423857,8,9.99992830104803
3664,16053,170,0.996391568586822,0.0540984756749712,-0.90533813562,0.279234857658361,-0.999670247615374,0.0163493702145321,0.998924516881708,0.0295281236197562,0.91594512682908,0.262885487443829,-0.884673197631182,0.308762981278118,0.866025403784439,0.333333333333333,-0.996391568586822,0.054098475674971,3,108,53,53,11,0.569631626235401,7.02409104522312,0.0966917193870154,-0.0175890441958383,0.0783243486073677,0.099205085845378,0.782205952468538,0.00314370758782359,0.00316916299233878,-0.0136406993037395,3,-1.71494689611196,53,0.578129824910253
3664,16054,170,0.997176464952738,0.0478513232833508,-0.901127113779166,0.285482010049984,0.970060768317488,0.156172650196774,-0.955810252449977,0.18996267561042,-0.768853891526291,0.441654660246758,0.73384818081265,0.475444685660404,0.866025403784439,0.333333333333333,-0.997176464952738,0.0478513232833498,3,120,15,15,6,0.976190476190477,4.25873015873016,0.27066515495087,0.0757966344432511,-0.110000000000001,0.205787545787546,0.665372405372405,0.0116028624204448,-0.0154628329064419,0.0217380952380953,3,-0.117830150913177,15,1.54489606402274
3664,16056,170,NA,NA,-0.866025403784439,0.333333333333333,NA,NA,NA,NA,-0.866025403784439,0.333333333333333,-0.866025403784439,0.333333333333333,0.866025403784439,0.333333333333333,-1,0,3,136,13,13,5,0.346153846153846,3.73076923076923,0.0399408284023669,0.0314685314685315,-0.0475961538461542,0.22209653092006,0.677476118652589,0.0164422896822418,0.0201905937200055,-0.0305382730015084,3,-0.946547254259106,13,9.99992807776721
3664,16068,170,0.995870594885822,0.0578746566983899,-0.907841299003204,0.275458676634943,-0.998389886353722,0.0361311409026767,0.997637773447873,0.0437664602477372,0.882594323989235,0.311589817537619,-0.876892398307452,0.319225136882681,0.866025403784439,0.333333333333333,-0.995870594885822,0.0578746566983908,3,112,38,38,10,0.491228070175438,6.51218323586745,0.0774433443908667,-0.0252233146969989,0.0675438596491228,0.101489286874149,0.728963754585619,0.00334878911994592,0.0052411515774538,-0.0139547769451955,3,-1.71331672803765,38,0.191937964337317
3664,16069,170,0.99124070716193,0.0843232163219443,-0.924473451641905,0.24901011701139,0.998484855423033,0.0350491111611777,NA,NA,-0.902093814779984,0.284059228172567,NA,NA,0.866025403784439,0.333333333333333,-0.99124070716193,0.0843232163219436,3,138,8,8,5,1.875,3.19642857142857,1.08003826530612,0.274086378737542,-0.257812500000001,0.0327380952380952,0.56547619047619,0.000535891439909297,-0.0327380952380953,0.00900297619047623,2,0.117851130197758,8,-1.28616644882189
3664,16076,170,0.997608605584528,0.0440359440827756,-0.898512571288978,0.289297389250558,-0.99999974420488,0.00045534571851635,0.995142183356817,0.0627757119857555,0.898826301193772,0.288842043532065,-0.850934171876685,0.352073101236314,0.866025403784439,0.333333333333333,-0.997608605584528,0.0440359440827767,3,117,30,30,9,0.325490196078431,5.85025918413342,0.0327841771884742,-0.0250289617274539,0.0447549019607842,0.0486528378430098,0.71030591807315,0.000763536079596891,0.00380111246185939,-0.00646611523594479,3,-2.04346354518904,30,0.779501427454856
3664,16083,170,0.99484975116711,0.0646391738271499,-0.912245460839306,0.268694159506182,-0.998669124826185,0.0328482290553939,0.998762764244119,0.0316713181750965,0.932158760105057,0.235845930450788,-0.890745745513853,0.300365477681279,0.866025403784439,0.333333333333333,-0.99484975116711,0.06463917382715,3,132,23,23,8,0.326086956521739,5.300395256917,0.0305933540595854,-0.0354106881801937,0.044836956521739,0.059749175309816,0.790555109777078,0.00112485443733196,0.0067906242947778,-0.00821551160509979,3,-2.2708267667927,23,1.20040285610504
3664,16084,170,0.970725343394151,0.154420958311266,-0.960768922830523,0.178912375022067,-0.998425930348183,0.0357243287782429,0.986494320157781,0.104747423092143,0.94370109310301,0.214636703800309,-0.902364395424213,0.283659798114209,0.866025403784439,0.333333333333333,-0.970725343394151,0.154420958311266,3,135,15,15,7,0.533333333333333,4.67936507936508,0.079848828420257,-0.135531135531135,0.0733333333333332,0.0971675943104514,0.736785753928611,0.00289880503971719,0.0255148514489174,-0.0133605442176872,3,-1.35095875067394,15,1.35646562191503
3664,16088,170,0.5,0.666666666666667,-0.866025403784439,0.333333333333333,NA,NA,NA,NA,0.866025403784439,0.333333333333333,-0.866025403784439,0.333333333333333,0.866025403784439,0.333333333333333,-0.5,0.666666666666667,3,141,11,11,6,0.2,4.13333333333333,0.0133333333333334,-0.199999999999998,0.0274999999999999,0.0339254615116684,0.738511552304656,0.000383645646259898,0.0339254615116686,-0.00466475095785447,3,-1.60668332054484,11,0.570809908429468
3664,16089,170,NA,NA,NA,NA,NA,NA,NA,NA,NA,NA,NA,NA,0.866025403784439,0.333333333333333,NA,NA,3,147,9,9,5,0,3.44444444444444,0,NA,-2.11525895502193e-16,0,0.830917874396135,0,NA,-2.64407369377741e-17,3,-2.2142697685711,9,9.99994847686742
3664,16098,170,NA,NA,-0.866025403784438,0.333333333333334,NA,NA,NA,NA,-0.866025403784439,0.333333333333333,0.866025403784439,0.333333333333333,0.866025403784439,0.333333333333333,-1,1.34157585525081e-08,3,153,8,8,5,0.958333333333333,3.30555555555556,0.306134259259259,0.191666666666667,-0.131770833333334,0.0686274509803921,0.875816993464052,0.00156990900935538,-0.0137254901960784,0.00943627450980389,3,-2.66524863678006,8,-1.2435822300144
3664,16105,170,0.928482183862846,0.0715178161371544,-0.971022674326107,0.0289773256738926,-0.883468677338955,0.116531322661045,0.805474628538767,0.194525371461233,0.872260256840455,0.127739743159545,-0.807426964888975,0.192573035111025,0.958301403573161,0.0416985964268395,-0.997283362013004,0.00271663798699586,4,42,1212,1212,21,3.40347548945212,14.2666998676285,2.60664497997396,-0.00254349284419922,0.299982103817546,0.101947707038566,0.873311829936699,0.00248273368447749,7.15674188977392e-05,-0.00856991740584549,4,-1.78532605013167,1212,0.137249481098217
3664,16106,170,0.95967122478807,0.0403287752119295,-0.970007502007122,0.0299924979928775,-0.91600022688233,0.0839997731176699,0.819795937199464,0.180204062800536,0.901704657972129,0.0982953420278707,-0.82180073008621,0.17819926991379,0.935575610477676,0.064424389522324,-0.957635354923959,0.0423646450760406,4,45,1029,1029,20,3.36758349705305,13.6289624904654,2.49183300049345,-0.00302882645122301,0.303202025840143,0.120249603498869,0.863112747337448,0.00339907851228172,0.000100116509855434,-0.0102059970817034,4,-1.94273434728155,1029,0.14542146483734
3664,16107,170,0.949581012195342,0.0504189878046579,-0.970734331273643,0.0292656687263571,-0.884806682793273,0.115193317206727,0.791980142564348,0.208019857435652,0.867135111969485,0.132864888030515,-0.786533061029749,0.213466938970251,0.884515491684088,0.115484508315912,-0.902491432943783,0.0975085670562166,4,55,658,658,19,4.00460829493088,12.8639416490791,3.62876225517584,-0.00554405385437235,0.351863605709352,0.310538062218287,0.821721019900767,0.0237430028327818,0.000401404191549617,-0.0258162479526874,4,-1.30947712120285,658,0.0750970175255065
3664,16108,170,0.993399267798783,0.0731863950403269,-0.917662935482247,0.260146938293006,-0.997335442587992,0.0464840695813987,0.999099740002038,0.0270154175433008,0.886229528302785,0.306631007874405,-0.899979615956658,0.287162355836307,0.893951828699755,0.295843207829687,-0.998428401397401,0.0356962695366817,3,63,226,226,16,1.24391233766234,9.97443443231487,0.492523692754945,-0.00944559009027644,0.171037946428572,0.0182196850597096,0.851648585401171,0.00010246048182988,0.000136477582507664,-0.00250520669571016,3,0.491462493537047,226,0.340994430710656
3664,16109,170,0.989553716748354,0.0920989776541625,-0.929060974066848,0.241234355679171,-0.999492126856763,0.0202904242081611,0.995654462448687,0.0593709871720072,0.91680077788401,0.261524779887331,-0.890574435354746,0.300605342851178,0.922142192838586,0.252874524420827,-0.999832846216493,0.0116401687416578,3,64,104,104,15,1.64552319309601,9.39254821853459,0.805374877439173,-0.0287358889250955,0.226259439050702,0.0913099835570014,0.779490666269768,0.00262806492114038,0.00163520764518889,-0.0125551227390877,3,0.201579847497262,104,0.219307099254162
3664,16110,170,0.99484975116711,0.0646391738271506,-0.912245460839306,0.268694159506182,-0.981539679025934,0.122513830525541,NA,NA,0.817057169102883,0.391207990031723,NA,NA,0.866025403784439,0.333333333333333,-0.99484975116711,0.0646391738271506,3,94,10,10,4,0.555555555555555,3.64814814814815,0.0936213991769547,-0.0608828006088279,0.0687500000000001,0.0298245614035088,0.72046783625731,0.000444752231455832,-0.0298245614035087,0.00820175438596492,2,0.837983333057403,10,9.99992230902237
3664,16119,170,0.998206089850539,0.0381382191036912,-0.932023924712953,0.236082908258636,-0.999978338477572,0.00419025442244604,0.99767591725425,0.0434115268835629,0.934389026974002,0.231892653836176,-0.905164895232874,0.2794944351422,0.931842328563781,0.23640171163093,-0.999999874612119,0.000318803372203672,3,65,94,94,14,1.3088954056696,8.74694573821709,0.490562601150889,-0.0266439608423972,0.17997311827957,0.0672285660347893,0.756832307804326,0.00137908901664202,0.00140944007296503,-0.00924392782978355,3,-0.161464834370716,94,0.281766750953896
3664,16120,170,0.970725343394151,0.154420958311266,-0.960768922830523,0.178912375022067,-0.987245457813012,0.101786514640915,0.982984930591734,0.117606062321886,0.90435908113814,0.280698889662983,-0.893475982681454,0.296518437343953,0.997953700533191,0.0407336945283499,-0.976536858008312,0.138178680493716,3,104,39,39,8,0.75978407557355,6.14818342991718,0.176456871281749,-0.0398440410109855,0.104470310391363,0.189833558254611,0.720282745472726,0.0112854847836616,0.0100328869040034,-0.0261021142600091,3,-1.1401455383349,39,3.3480604200175
3664,16121,170,0.993399267798783,0.0731863950403286,-0.917662935482247,0.260146938293006,-0.955802288855545,0.189979919928093,0.97928233585594,0.129812996981253,0.760276536012343,0.450126858221098,-0.818185902911652,0.389959935274259,0.866025403784439,0.333333333333333,-0.993399267798783,0.0731863950403275,3,109,27,27,7,0.323886639676114,5.43654720847703,0.0295101692665178,-0.0376683950091152,0.035916179337232,0.0662675604522024,0.688836972633349,0.001334475568405,0.0082070378042405,-0.00821939780093368,3,-0.526514396430791,27,2.12549071433982
3664,16122,170,NA,NA,-0.866025403784438,0.333333333333334,NA,NA,NA,NA,0.866025403784439,0.333333333333333,-0.866025403784439,0.333333333333333,0.866025403784439,0.333333333333333,-1,9.48637384723993e-09,3,146,8,8,5,1.16666666666667,3.88888888888889,0.453703703703704,-0.233333333333333,0.160416666666667,0.276785714285714,0.68452380952381,0.0255367772108844,0.0553571428571428,-0.0380580357142858,3,-1.00839575751821,8,-0.380754042579203
3664,16129,170,NA,NA,-0.981980506061966,0.121037718323677,0.944000442833107,0.214059862958538,-0.669857467657277,0.532710388422427,-0.989343622211128,0.0930221446348617,0.798104341511001,0.411672670098749,NA,NA,NA,NA,3,127,19,19,6,0.111842105263158,4.67616959064327,0.00319489330050269,0.0349310776942364,-0.0153782894736846,0.00875192998456009,0.730999952000384,2.25824307996618e-05,-0.00208391190013327,0.00104298415612671,3,-0.71017462242072,19,2.78759315603925
3664,16130,170,NA,NA,-1,9.48637384723993e-09,0.998844598112153,0.0306057820662717,-0.998803886262116,0.0311404338103643,-0.998844598112153,0.0306057820662718,0.998803886262116,0.0311404338103642,NA,NA,NA,NA,3,144,13,13,5,0.13986013986014,4.16278166278166,0.00490153462181435,0.0699300699300704,-0.0192307692307694,0.0199838622915546,0.848466917697687,0.000100077954073071,-0.00999193114577716,0.00274778106508873,3,-1.05581882633999,13,1.46724023020415
3664,16132,170,0.866025403784439,0.333333333333333,-1,9.48637384723993e-09,0.998337488459582,0.0367145020017348,-0.996759184151355,0.0512672068300698,-0.998337488459583,0.0367145020017336,0.996759184151355,0.0512672068300697,NA,NA,NA,NA,3,145,11,11,4,0.0808080808080809,3.5973063973064,0.00163792810257457,0.0404040404040406,-0.0111111111111112,0.0206666666666667,0.825851851851852,0.000107473251028807,-0.0103333333333332,0.00284166666666665,3,-0.885270412757426,11,9.99995812020205
3664,16133,170,NA,NA,-1,9.48637384723993e-09,NA,NA,-0.896683825246617,0.291938470603682,NA,NA,0.896683825246617,0.291938470603682,NA,NA,NA,NA,3,150,8,8,3,0,3,0,3.84592537276713e-16,-1.05762947751096e-16,0.00821428571428573,0.854722222222222,2.09797808012095e-05,-0.0041071428571426,0.00112946428571422,3,-0.122975092380269,8,9.99992597220677
3664,16147,170,NA,NA,NA,NA,NA,NA,NA,NA,NA,NA,NA,NA,NA,NA,NA,NA,2,130,12,12,4,0,3.75,0,0,0,0.00703463203463206,0.757088744588745,2.47430239313358e-05,0.00175865800865799,-0.00193452380952379,2,-1.28987476745805,12,9.99995792530358
3664,16158,170,0.995566844601995,0.0599669789386257,-0.909214515604888,0.273366354394708,-0.999382203627743,0.022378973345211,0.999718912156185,0.0150947639611463,0.923284889288204,0.250987381049496,-0.899088402648345,0.288461118355851,0.892967817657304,0.297237958115889,-0.999297053838686,0.0238716037211826,3,79,55,55,13,1.77777777777778,8.89760348583878,0.926879974938414,-0.0603311661055859,0.244444444444445,0.17706283932699,0.637594529721796,0.00969594326342222,0.00617264497812251,-0.0243461404074613,3,0.326225526999014,55,-0.323932367391811
3664,16164,170,0.997176464952738,0.0478513232833488,-0.901127113779166,0.285482010049984,-0.997885681845929,0.0414053861813334,0.999802548355021,0.0126512269086705,0.927400136703211,0.24407662386865,-0.892333930061936,0.29813323695865,0.8902560018703,0.30105073774869,-0.999700984047004,0.0155687276987028,3,89,49,49,12,1.52083333333333,8.35416666666667,0.672309027777777,-0.0614426691729322,0.209114583333333,0.167548432902015,0.650644809734758,0.00881385568539063,0.00704858624779039,-0.0230379095240272,3,0.0416548262032908,49,-0.277066268145266
3664,16169,170,0.999780927692314,0.0133259074021008,-0.888458553103683,0.303553511695636,-0.995916016780516,0.0575552587033358,0.999630915482626,0.0172970242010715,0.926266785222472,0.2459982529923,-0.875662266256203,0.320850535896708,0.89842830721606,0.289419576082836,-0.999753556063933,0.0141339356128027,3,94,44,44,11,1.01259689922481,7.66643595422665,0.298772769503811,-0.0509104329914214,0.139232073643411,0.111600094776882,0.651656373932769,0.00406065286421682,0.00595732342199367,-0.0153450130318213,3,-0.434266009927911,44,-0.214838136277765
3664,16170,170,NA,NA,-0.866025403784439,0.333333333333333,NA,NA,NA,NA,0.866025403784439,0.333333333333333,0.866025403784439,0.333333333333333,0.866025403784439,0.333333333333333,-1,0,3,108,8,8,5,0.125,3.41666666666667,0.00520833333333333,-0.0208333333333333,0.0171875,0.111175115207373,0.764592933947773,0.00411996874712424,-0.0185291858678955,0.0152865783410139,3,0.872202197058297,8,1.07793151846324
3664,16177,170,0.997608605584528,0.0440359440827767,-0.898512571288978,0.289297389250558,-0.975593464574502,0.140940390089696,0.997025424464917,0.0491151340697487,0.972969161822365,0.148356999160862,-0.929671058967175,0.240182255180809,0.914934923551946,0.264483477520975,-0.999240469461872,0.0248139117295848,3,113,36,36,10,0.693506493506494,7.24209320091673,0.127011463797965,-0.0480619230900235,0.095357142857143,0.0678943347673997,0.704734801948424,0.00133336318780365,0.00503258668942642,-0.00933547103051748,3,-1.07371223384933,36,-0.290735222932583
3664,16179,170,0.996615895540124,0.0523889328216467,-0.904194430179465,0.280944400511686,-0.86424815917916,0.33558927299655,0.958543281620874,0.183951987975794,0.996318354863885,0.0546448724848654,-0.988416360210633,0.0969924125358924,0.924806630910836,0.24845317078172,-0.998697889671724,0.0324912297299657,3,122,34,34,9,0.393939393939394,6.44917929292929,0.0390843209557699,-0.0280891687141686,0.0541666666666665,0.0422077922077922,0.810312405448494,0.000455874636334123,0.00336460108385514,-0.00580357142857151,3,-1.54559869248969,34,0.267979075917301
3664,16186,170,0.996078416265654,0.0563985444965254,-0.912245460839306,0.268694159506182,-0.874735790975936,0.322069755704455,0.963597562933973,0.172300556611844,0.996487301986816,0.0533755961982745,-0.988558675811855,0.0963936028943385,0.963144002545988,0.173377275460717,-0.988812373007177,0.0953168840454651,3,125,27,27,8,0.54524886877828,6.09354449472097,0.0748490025456754,-0.0485142255005267,0.0749717194570134,0.0836284565108094,0.754484721523937,0.00178913564154645,0.0082625961050619,-0.0114989127702364,3,-0.877081047237006,27,0.239408779348811
3664,16187,170,0.987829161147262,0.0994252840514123,-0.777713771047819,0.432758617384745,0.183576602317389,0.882464927574129,0.886603993110387,0.306115998273289,0.475165389183943,0.684776455041126,-0.98027864019346,0.126642619111457,0.866025403784439,0.333333333333333,-0.987829161147262,0.0994252840514122,3,126,23,23,7,0.0731225296442686,5.35414244749283,0.0013378083744459,0.00208878655376495,0.00477941176470539,0.0165368833483807,0.734331085710126,7.11456342050068e-05,0.00232639572410052,-0.00227382146040239,3,-0.655333750359668,23,0.538636010392243
3664,16189,170,NA,NA,-0.755928946018454,0.45437105165701,0.970039989531726,0.156227108732842,-0.0765892169144595,0.951193995362293,-0.574236274567781,0.610598160389852,-0.594834771512881,0.594434952980698,0.866025403784439,0.333333333333333,-0.981980506061966,0.121037718323677,3,132,21,21,6,0.151785714285714,4.6422619047619,0.00580463435374151,0.0279336734693878,-0.0120312500000002,0.00476190476190486,0.797462406015038,5.74254401668353e-06,-6.93698532044397e-05,-0.0003919956140351,3,-1.18733452784069,21,9.99994349580937
3664,16190,170,NA,NA,3.52457089063101e-17,1,0.225017580185205,0.855512089524191,-0.888604341413172,0.303351226288602,0.974354703692446,0.144487910475809,-0.458674529946522,0.696648773711398,NA,NA,NA,NA,3,144,10,10,5,0.222222222222222,3.57037037037037,0.0130041152263374,0.0444444444444432,0.0305555555555553,0.020940170940171,0.744088319088319,0.000109866194267904,-0.0161324786324788,-0.00132211538461542,3,-0.64722289951588,10,9.99994324587987
3664,16199,170,NA,NA,-0.866025403784439,0.333333333333333,NA,NA,NA,NA,-0.866025403784439,0.333333333333333,0.866025403784438,0.333333333333333,0.866025403784439,0.333333333333333,-1,NA,3,139,11,11,5,0.38961038961039,3.68831168831169,0.0505987518974533,0.0974025974025976,-0.0535714285714289,0.0684820555788297,0.789982777079551,0.00156326397876731,-0.0171205138947074,0.00941628264208905,3,-1.24743555571023,11,5.69819756136755
3664,16202,170,NA,NA,-0.866025403784439,0.333333333333333,NA,NA,NA,NA,-0.866025403784439,0.333333333333333,-0.866025403784438,0.333333333333333,0.866025403784439,0.333333333333333,-1,0,3,149,8,8,4,0.25,3.16666666666667,0.0208333333333333,0.0625000000000002,-0.0343750000000003,0.0430839002267575,0.822373393801965,0.000618740819583064,0.0107709750566894,-0.00592403628117922,3,-0.700372430889533,8,9.99993770741043
3664,16212,170,0.995645842888191,0.0594298832107989,-0.908862949498059,0.273903450122535,-0.988297331738042,0.0974904361214494,0.98108371231883,0.124022381310952,0.834603267201462,0.371393886243984,-0.81092775804944,0.397925831433486,0.870250896327885,0.327913240349766,-0.996403382643901,0.0540097902272312,3,88,122,122,13,0.833093229059477,8.57943596189401,0.216924821008557,-0.0107269446355828,0.106897463002114,0.0268934564474271,0.846363955129406,0.000217289345723659,0.000337022638465191,-0.00328726016137391,3,0.44760993124802,122,0.365206236998301
3664,16213,170,0.993399267798783,0.0731863950403273,-0.917662935482247,0.260146938293006,-0.928355156819155,0.242446125803312,-0.999365409165111,0.0226811456684186,0.704220753381774,0.502593064096319,0.93123451744212,0.237465792624589,0.873765521213475,0.323342106002869,-0.995077101897115,0.0631951677098654,3,126,38,38,9,0.42156862745098,6.09047127622979,0.0475169717734104,-0.0116065124110585,0.0422149122807014,0.0234794603215656,0.868941189993822,0.000158927151260078,-0.000722581054991024,0.00322842579421526,3,-0.100962780520426,38,1.00129844248447
3664,16214,170,0.99124070716193,0.0843232163219447,-0.924473451641905,0.24901011701139,-0.972749115153633,0.148962390149094,-0.982854478600261,0.118057327030432,0.810884854079383,0.397972507160484,0.838327529921148,0.367067444041821,0.866025403784439,0.333333333333333,-0.99124070716193,0.0843232163219436,3,127,18,18,6,0.25,4.84259259259259,0.0187757201646091,-0.0176033591731265,0.0305555555555554,0.101162790697674,0.709755788620358,0.00322063453689462,-0.00736641781284354,0.0130832953336373,3,0.364466289623567,18,1.224413732136
3664,16215,170,0.996615895540124,0.0523889328216467,-0.904194430179465,0.280944400511686,-0.988551264745426,0.096424876904422,0.991262774808186,0.0842167744945468,0.829396219651365,0.377369277416109,-0.839956195367213,0.365161175006234,0.866025403784439,0.333333333333333,-0.996615895540124,0.0523889328216474,3,141,13,13,5,0.833333333333333,4.46581196581197,0.215044926583388,-0.0753638253638252,0.105769230769231,0.294148380355277,0.569903276799829,0.0273124600785644,0.0269319838285356,-0.0381741821396995,3,0.385998280597417,13,1.05691090379041
3664,16219,170,0.99124070716193,0.084323216321943,-0.924473451641905,0.24901011701139,-0.972749115153633,0.148962390149095,-0.974197375648838,0.144932351270532,0.810884854079383,0.397972507160484,0.986666070043373,0.104077765740858,0.866025403784439,0.333333333333333,-0.99124070716193,0.0843232163219436,3,154,9,9,4,0.375,3.76388888888889,0.0422453703703704,-0.0528100775193797,0.0458333333333333,0.0243055555555556,0.674189814814815,0.000151708783436214,-0.00316941214470281,0.00334201388888885,3,-0.421489349633903,9,0.430657147994827
3664,16220,170,0.987829161147262,0.0994252840514123,-0.933256525257383,0.233908049281921,NA,NA,-0.982443793240989,0.119466983917218,NA,NA,0.849858174507224,0.353375033199139,0.866025403784439,0.333333333333333,-0.987829161147262,0.0994252840514117,3,159,8,8,3,0,3,0,8.68434761592577e-17,-1.05762947751096e-16,0.181818181818182,0.880952380952381,0.0106397931073256,-0.031524926686217,0.0241071428571429,3,-0.815892439830632,8,9.99992597220677
3664,16231,170,0.99484975116711,0.0646391738271499,-0.912245460839306,0.268694159506182,-0.956002547407293,0.189545819223791,0.939430877280333,0.222708907868644,0.751936486569537,0.458239978729973,-0.716590809688318,0.491403067374826,0.887643176958638,0.3046825836042,-0.998402577642155,0.0359884240980169,3,127,20,20,8,0.944444444444445,5.43518518518519,0.248713991769547,-0.0483257229832572,0.103125,0.0645994832041344,0.75849766535201,0.00112651901903693,0.00319597443220456,-0.00661413708690337,3,0.159316406034678,20,0.11048250709207
3664,16232,170,0.989743318610787,0.0912578966859803,-0.928571428571428,0.242075436647354,-0.735917961262992,0.473501781711243,-0.998549439996732,0.0342937897920115,0.432055061128596,0.715577218358597,0.947208329192561,0.207781646855342,0.889960531861487,0.301463469395684,-0.995651968668603,0.0593880327483295,3,132,15,15,7,0.307692307692307,4.85299145299145,0.0238088976550515,-0.0162218733647304,0.0183333333333332,0.0927318295739348,0.760362444572971,0.00239610943242491,-0.00698272368519413,0.012750626566416,3,-0.099252987895715,15,-0.375628277891679
3664,16233,170,0.985329278164293,0.109182553509248,-0.938652204581148,0.224150779824086,0.969526557921258,0.157566889310838,-0.992447546781994,0.0782911828087173,-0.994535478220205,0.0665838905132478,0.889258544995007,0.302441962632803,0.895131742505166,0.294162703074654,-0.993958900067137,0.0700119232505682,3,139,13,13,6,0.307692307692307,4.16317016317016,0.023929450502877,0.0255957634598411,-0.0423076923076924,0.223325062034739,0.855177080983533,0.0157673548299572,-0.0212681149104575,0.0307071960297767,3,0.0410745030906705,13,0.45285602885788
3664,16236,170,0.977355554850442,0.135737209330303,-0.952216581409108,0.19759612400303,-0.919754764756406,0.256774927653979,NA,NA,0.755928946018455,0.454371051657009,NA,NA,0.904615525488525,0.280316105678159,-0.991570156735826,0.0827199816751274,3,142,10,10,5,0.25,3.85,0.0175,-0.0257462686567164,0.0275,0.00745464852607702,0.74499716553288,2.77858923236712e-05,-0.00372732426303854,0.0020500283446712,2,-0.0816496580927726,10,0.572257233855586
3664,16238,170,0.960768922830523,0.178912375022067,-0.970725343394151,0.154420958311267,0.866025403784439,0.333333333333333,NA,NA,-0.720576692122892,0.4877542916446,NA,NA,0.90949988624673,0.272929658308413,-0.982723501289525,0.118508699997146,3,148,8,8,4,0.333333333333333,3.19444444444444,0.0300925925925926,0.0416666666666668,-0.0343750000000002,0.0367965367965368,0.760822510822511,0.000676992560109444,0.0183982683982684,-0.0101190476190476,2,-0.119091668410366,8,9.99993770741043
3664,16250,170,0.996915159744776,0.0500176367113219,-0.902597210745743,0.283315696622011,-0.981386940628135,0.123021195118629,0.966235722470008,0.165902701029301,0.803126217461686,0.40633689174064,-0.76120274441613,0.449218397651312,0.866025403784439,0.333333333333333,-0.996915159744776,0.0500176367113229,3,92,84,84,12,0.531987683886418,8.07286072102299,0.0840397678398128,-0.011164746008913,0.0640263757733635,0.0231604347962673,0.834566110528177,0.000151049290876648,0.000466024325028432,-0.0025727191821447,3,0.288184674304628,84,0.110749631285491
3664,16251,170,0.990536064687909,0.0876544783360869,-0.926455747015147,0.245678854997247,-0.982134429674539,0.120518097704556,0.964185107168188,0.170895933534121,0.839072187908874,0.366196952701802,-0.793441189596631,0.416574788531368,0.866025403784439,0.333333333333333,-0.990536064687909,0.0876544783360867,3,100,49,49,11,0.46969696969697,7.8323026180169,0.0695249352153672,-0.0177718297251825,0.0608418367346938,0.0415316429602144,0.754057975282465,0.000505265302371906,0.00148734277430655,-0.00490464042759968,3,0.536811234138561,49,-0.532429536507924
3664,16252,170,0.9888472349024,0.0951679815279443,-0.930833506399431,0.238165351805389,-0.991403140612097,0.0835365729853442,0.983152626480835,0.117023435022944,0.875015640828635,0.321701924790732,-0.84835325194085,0.355188786828333,0.866025403784439,0.333333333333333,-0.9888472349024,0.0951679815279447,3,110,44,44,10,0.65311004784689,7.35861244019139,0.139277546301596,-0.0275519815333999,0.0898026315789473,0.0859229269755586,0.806655549521727,0.00236894260462725,0.00356336416253678,-0.0113549883267601,3,0.211914783177515,44,-0.39766726773339
3664,16253,170,0.986666070043373,0.104077765740858,-0.935856727586833,0.229255567592475,-0.997239108509476,0.0473172787949516,0.981904772605506,0.121292574675391,0.907106053562807,0.276572846387427,-0.852189966713564,0.350548142267866,0.866025403784439,0.333333333333333,-0.986666070043373,0.104077765740858,3,111,42,42,9,0.408521303258145,6.53049289891395,0.0507052928897012,-0.0182741622267588,0.0561716791979945,0.0704111783505182,0.809426486913922,0.00160332136043972,0.00319956683572482,-0.0093838141930547,3,0.158931485511092,42,0.163818198147257
3664,16254,170,0.99243368701167,0.0783630780806825,-0.920863697703815,0.25497025525265,-0.99243368701167,0.0783630780806826,0.976595329504103,0.138005720207169,0.866025403784438,0.333333333333333,-0.815452838916854,0.392975975459819,0.866025403784439,0.333333333333333,-0.99243368701167,0.0783630780806837,3,112,22,22,7,0.428571428571429,5.14285714285714,0.0612244897959184,-0.0301507537688442,0.0589285714285715,0.0438466856797165,0.817546347582645,0.000581679280111415,0.00289194832989124,-0.00540845648604276,3,0.270567698836846,22,2.20583987441871
3664,16255,170,0.987829161147262,0.0994252840514123,-0.933256525257383,0.233908049281921,-0.971700708440059,0.151814216873059,0.950137983415694,0.201883736177574,0.821994936526786,0.38572226615498,-0.774709908834999,0.435791785459495,0.866025403784439,0.333333333333333,-0.987829161147262,0.0994252840514122,3,115,11,11,6,0.7,4.55454545454545,0.149834710743802,-0.117008797653959,0.0875,0.0634343434343434,0.700483624119988,0.00115081437408844,0.0100269557747564,-0.00722727272727279,3,0.577350269189626,11,-1.17892072113246
3664,16256,170,0.981980506061966,0.121037718323677,-0.944911182523068,0.212295615009657,-0.960768922830522,0.178912375022068,-0.937697485076019,0.225906599879749,0.817057169102883,0.391207990031724,0.999771454687908,0.0136109848700945,0.866025403784439,0.333333333333333,-0.981980506061966,0.121037718323677,3,122,10,10,5,0.333333333333333,3.78888888888889,0.0337037037037037,-0.0666666666666664,0.0412499999999999,0.0125,0.75216049382716,3.90803612254227e-05,-0.00221560846560845,0.00171874999999999,3,0.723182685964557,10,3.60306806703713
3664,16265,170,0.99484975116711,0.0646391738271499,-0.912245460839306,0.268694159506182,0.983151285135285,0.117028106648798,0.993285428040829,0.0738155049866547,-0.821994936526786,0.38572226615498,-0.858728615238289,0.342509664492836,0.866025403784439,0.333333333333333,-0.99484975116711,0.0646391738271506,3,122,11,11,5,0.7,3.44545454545455,0.149834710743802,0.077148194271482,-0.0875000000000003,0.362037037037037,0.614365881032548,0.0429809481836698,0.0417456528757899,-0.0489583333333335,3,0.40628352276307,11,9.99992460591587
3664,16275,170,0.970725343394151,0.154420958311266,-0.960768922830523,0.178912375022067,-0.976553633314098,0.138129080485234,0.983933098036658,0.114273201194911,0.997948715788673,0.0407832945368338,-0.994849751167109,0.0646391738271549,0.866025403784439,0.333333333333333,-0.970725343394151,0.154420958311266,3,126,20,20,8,0.2,5.8962962962963,0.0100411522633745,-0.023504273504273,0.0274999999999994,0.00454545454545452,0.616042780748663,5.21890817581281e-06,0.000539901275195412,-0.000625000000000028,3,-0.0154541939607776,20,-0.738177995805674
3664,16276,170,0.970725343394151,0.154420958311266,-0.960768922830523,0.178912375022067,-0.998016349922299,0.0401050876124785,0.997908358401413,0.0411826685091148,0.976323742178679,0.138807287409589,-0.940830186919792,0.220095043531181,0.866025403784439,0.333333333333333,-0.970725343394151,0.154420958311266,3,138,19,19,7,0.401913875598086,5.22788254057604,0.0423660824821837,-0.0493407521271296,0.0552631578947368,0.0541666666666666,0.770215482026144,0.000828670241138222,0.0068998633107089,-0.00744791666666669,3,-0.484464718726932,19,0.400849422009421
3664,16279,170,0.999150742946593,0.0262388890110874,-0.933256525257383,0.233908049281921,-0.998507503106759,0.0347861102242613,0.978185456603869,0.133217370030567,0.912245460839306,0.268694159506182,-0.838277879544029,0.367125419312488,0.866025403784439,0.333333333333333,-0.987829161147262,0.0994252840514122,3,142,16,16,6,0.3,4.61111111111111,0.027037037037037,-0.0510752688172041,0.0412499999999999,0.0499999999999999,0.808531746031746,0.000786682728647012,0.00853494623655915,-0.00646577380952385,3,-0.37569511295118,16,2.12694514190239
3664,16285,170,0.866025403784439,0.333333333333333,-0.866025403784439,0.333333333333333,NA,NA,NA,NA,NA,NA,-0.866025403784438,0.333333333333333,0.866025403784439,0.333333333333333,-1,NA,3,146,10,10,5,0,4,0,0,0,0.00787037037037031,0.845524691358025,2.06475765889343e-05,0.00787037037037048,-0.00108217592592598,3,-1.30749790324237,10,-0.653661570333968
3664,16286,170,0.944911182523068,0.212295615009657,-0.866025403784439,0.333333333333333,NA,NA,NA,NA,0.866025403784438,0.333333333333333,-0.866025403784439,0.333333333333333,0.866025403784439,0.333333333333333,-1,0,3,147,9,9,4,0.0416666666666665,3.34722222222222,0.0005787037037037,-0.0416666666666659,0.0057291666666665,0.0162180814354728,0.840004600874166,8.76753884825421e-05,0.0162180814354729,-0.00222998619737755,3,-1.02722080037918,9,9.99992726797426
3664,16299,170,NA,NA,-0.866025403784439,0.333333333333333,-0.998679221632244,0.0327233612347818,0.99902203488909,0.0281573773884456,0.83919202439791,0.366056694568114,-0.843070918289652,0.361490710721781,0.866025403784439,0.333333333333333,-1,NA,3,105,35,35,7,0.509803921568627,6.00326797385621,0.081923619120851,-0.0260577915376676,0.0660539215686272,0.0759444477091535,0.798379137202667,0.00183149105895287,0.00389748538355351,-0.00992199956905848,3,0.0617750516027717,35,2.47955965133949
3664,16306,170,0.994386520370287,0.0674861362349082,-0.829396219651364,0.377369277416109,-0.784334197567411,0.426009538394152,0.940756462009954,0.220233501963742,0.303964998481229,0.803378815810261,-0.590827468073972,0.597602779379851,0.866025403784439,0.333333333333333,-0.997608605584528,0.0440359440827746,3,107,28,28,6,0.119047619047619,5.28130511463845,0.0037116355458507,-0.00660533144609568,0.0050925925925923,0.0230032753842278,0.785013986601288,0.000133856868658418,0.00150455594798938,-0.00187980890361845,3,-0.479293967851499,28,9.91764050201097
3664,16307,170,NA,NA,-0.866025403784438,0.333333333333333,NA,NA,NA,NA,0.866025403784439,0.333333333333333,-0.866025403784438,0.333333333333333,0.866025403784439,0.333333333333333,-1,1.34157585525081e-08,3,126,16,16,5,0.131944444444445,4.35648148148148,0.00580311213991771,-0.0188492063492063,0.018142361111111,0.0515151515151515,0.807070707070707,0.000884603611876339,0.00735930735930738,-0.0070833333333334,3,-0.625075990929238,16,9.9999212711708
3664,16313,170,0.944911182523068,0.212295615009657,-0.866025403784439,0.333333333333333,NA,NA,NA,NA,NA,NA,-0.866025403784439,0.333333333333333,NA,NA,NA,NA,3,128,10,10,4,0,3.5,0,1.92296268638357e-16,-1.05762947751096e-16,0.00929705215419496,0.747694633408919,2.88117262526071e-05,0.00464852607709754,-0.00127834467120184,3,-0.252334370487714,10,9.99995169634625
3664,16322,170,0.980383803474323,0.126303394755413,-0.777713771047819,0.432758617384745,-0.0868956424760401,0.944610660031361,0.954568275010098,0.192633950986086,-0.558660819127333,0.622630722583894,-0.555057405882437,0.625392568370831,0.866025403784439,0.333333333333333,-0.987829161147262,0.0994252840514122,3,115,12,12,5,0.189393939393939,4.17424242424242,0.00901056014692378,-0.00256598240469204,-0.0145833333333336,0.100440771349862,0.64119375573921,0.00253271811528761,0.0149444592553097,-0.00768181818181826,3,0.197733775272623,12,1.37519703963776
3664,16323,170,NA,NA,-0.866025403784439,0.333333333333333,NA,NA,NA,NA,-0.866025403784438,0.333333333333333,0.866025403784439,0.333333333333333,0.866025403784439,0.333333333333333,-1,0,3,130,10,10,4,0.333333333333333,3.38888888888889,0.0370370370370371,0.0833333333333334,-0.0458333333333336,0.0316666666666667,0.788888888888889,0.000334259259259261,-0.00791666666666665,0.00435416666666665,3,-0.615359618308945,10,9.99995169634625
3664,16333,170,0.922938382651816,0.0770616173481837,-0.970604277307408,0.0293957226925922,-0.864469283120715,0.135530716879285,0.81678091791961,0.18321908208039,0.864878194900326,0.135121805099674,-0.827295322303424,0.172704677696576,0.894079909029646,0.105920090970354,-0.898375605125721,0.101624394874279,4,61,432,432,18,3.41608118657299,12.2707097978237,2.64627966229079,-0.00707202959073771,0.299696131090653,0.24773942973757,0.801975868722003,0.0143555167601997,0.000492143361877667,-0.0211143785251307,4,-1.91795915443823,432,-0.0646817665028294
3664,16334,170,0.925253188768355,0.0747468112316445,-0.96968125946038,0.0303187405396197,-0.848002414926851,0.151997585073149,0.802918702835689,0.197081297164311,0.839087403951267,0.160912596048732,-0.803534490859926,0.196465509140074,0.893490905390447,0.106509094609553,-0.905969205453593,0.0940307945464065,4,63,384,384,17,3.07309941520468,11.4907808814387,2.14700935734238,-0.00707577296527207,0.261898185374991,0.22527922706429,0.799891268445228,0.0121536536470866,0.000504063016536665,-0.0188697553727729,4,-1.77217104943131,384,-0.0426438286603843
3664,16335,170,0.945012413225112,0.0549875867748879,-0.971069449449616,0.0289305505503843,-0.882386368926819,0.117613631073181,0.850022128190152,0.149977871809848,0.863475628536755,0.136524371463245,-0.843989673770844,0.156010326229156,0.892181648222162,0.107818351777838,-0.906452273769973,0.0935477262300266,4,82,238,238,16,2.12322274881517,10.5487579866395,0.98198047057857,-0.00786737506069191,0.182267748359252,0.276630557436245,0.799457868468116,0.0176383192717185,0.00101573044565548,-0.0238766862057553,4,-1.18239933373069,238,-0.0891357086865571
3664,16336,170,0.991869783800371,0.0812345632709395,-0.922612906314878,0.252098770062394,0.805288487038887,0.404020830162445,0.990089285774954,0.0897029925714399,-0.971660679663209,0.151922060100052,-0.859297891541209,0.341801762633833,0.866025403784439,0.333333333333333,-0.991869783800371,0.0812345632709395,3,89,99,99,14,0.10561224489796,7.97038926681784,0.00295351581045622,0.00139233156150454,-0.01452168367347,0.0820273328804332,0.787474795240207,0.00220915960975302,0.00148050349080665,-0.0111068264844243,3,-0.424285136449068,99,-0.106360563142475
3664,16337,170,0.997843878505596,0.0418128527343509,-0.896974279991448,0.291520480598984,0.604336859014735,0.586876246244405,-0.0367415434891635,0.976604341139528,-0.89429471270681,0.295355765645421,0.474740456923313,0.685083860540544,0.866025403784439,0.333333333333333,-0.997843878505596,0.0418128527343489,3,107,48,48,13,0.333333333333333,7.11851851851852,0.0347325102880658,0.00492802949727011,-0.0458333333333337,0.0133879320049533,0.796897900216036,4.48467037115945e-05,-1.07658615290336e-05,0.000874287362699183,3,-0.00431927203767628,48,-0.764004436341398
3664,16338,170,0.995566844601995,0.0599669789386257,-0.909214515604888,0.273366354394708,-0.46419505513674,0.692687335191572,0.953528970541827,0.194842020828062,0.0532974744111199,0.96605368958628,-0.741522207536721,0.468208375222769,0.866025403784439,0.333333333333333,-0.995566844601995,0.059966978938625,3,114,34,34,12,0.393548387096774,7.06097406704617,0.0487246680517099,-0.00642500267345759,0.00323529411764663,0.0789938556067589,0.700416676934704,0.00172200075105832,0.00248112656776774,-0.00846200980392163,3,0.328166196758514,34,-1.11220790883303
3664,16339,170,0.995228390200001,0.0622157618168571,-0.910679468583373,0.271117571516477,0.0400465735451389,0.974498740184877,0.932312357521005,0.23557570071612,-0.449251869806811,0.7033811686684,-0.69963348071356,0.506693272232597,0.866025403784439,0.333333333333333,-0.995228390200001,0.0622157618168563,3,120,33,33,11,0.363636363636363,6.18787878787879,0.0331680440771349,0.000474419797409961,-0.0225000000000003,0.0678160919540231,0.770933646812957,0.0012255255732659,0.00212304959521779,-0.00673541666666675,3,0.097902143245499,33,-0.852048613635276
3664,16340,170,NA,NA,NA,NA,NA,NA,NA,NA,NA,NA,NA,NA,NA,NA,NA,NA,2,130,10,10,5,0,3.9,0,NA,3.45420340910431e-16,0,0.738888888888889,0,NA,0,2,0.457596984915539,10,0.154809266227466
3664,16341,170,NA,NA,NA,NA,NA,NA,NA,NA,NA,NA,NA,NA,NA,NA,NA,NA,2,132,9,9,4,0,3.22222222222222,0,NA,1.72710170455216e-16,0,0.70906432748538,0,NA,4.31775426138039e-17,2,0.673358061299634,9,9.99992540601707
3664,16349,170,0.987829161147262,0.0994252840514123,-0.933256525257383,0.233908049281921,0.904979077217943,0.279772608220951,-0.999536463037559,0.0193844767928728,-0.997405961908059,0.0458645589390305,0.943759863323193,0.21452357248905,0.866025403784439,0.333333333333333,-0.987829161147262,0.0994252840514122,3,128,23,23,10,0.8,5.58333333333333,0.160833333333333,0.0376344086021506,-0.110000000000001,0.138509316770186,0.788166067342269,0.00538486693160264,-0.00760579569540961,0.0190450310559006,3,0.0213095696948828,23,-1.2557994005617
3664,16350,170,NA,NA,-0.866025403784438,0.333333333333333,NA,NA,NA,NA,0.866025403784438,0.333333333333333,0.866025403784438,0.333333333333333,0.866025403784439,0.333333333333333,-1,0,3,140,10,10,6,0.666666666666667,4.22222222222222,0.148148148148148,-0.0952380952380953,0.091666666666667,0.116296296296296,0.73358024691358,0.00450827617741198,-0.0166137566137566,0.0159907407407408,3,-0.603747471812755,10,-0.916072438767514
3664,16359,170,0.970412191777613,0.155248779008981,-0.967247129904906,0.163385063317725,0.999709205828104,0.015353185409646,-0.987856356555639,0.0993139143011958,-0.973086973310923,0.148031877908081,0.916062656992737,0.262698977618921,0.866025403784439,0.333333333333333,-0.964578856876938,0.169948270015608,3,129,13,13,9,2.26923076923077,4.78974358974359,1.35954635108481,0.204996034892942,-0.312019230769232,0.565353345841151,0.645875894656383,0.0952203082129815,-0.0536084623336321,0.0777360850531584,3,0.99281652132975,13,-1.59191125846582
3664,16360,170,0.964578856876938,0.169948270015608,-0.967247129904906,0.163385063317725,0.0103092783505157,0.993436793302117,NA,NA,-0.263794671792247,0.830051729984392,NA,NA,0.866025403784439,0.333333333333333,-0.964578856876938,0.169948270015608,3,147,12,12,8,0.611111111111112,4.90740740740741,0.0997942386831277,0.000572737686139847,-0.0229166666666669,0.0835529205094423,0.633344312692139,0.00349054526282859,-0.0278509735031475,0.0229770531400967,2,0.0890605784561246,12,-1.48100443749311
3664,16361,170,0.944911182523068,0.212295615009656,-0.981980506061966,0.121037718323677,0.938128534179319,0.225115484064535,NA,NA,-0.986666070043373,0.104077765740858,NA,NA,0.866025403784439,0.333333333333333,-0.944911182523068,0.212295615009657,3,155,10,10,7,0.8,4.36190476190476,0.164353741496599,0.0829931972789118,-0.110000000000001,0.0713227513227513,0.656402116402116,0.00254346742812351,-0.0237742504409172,0.0196137566137567,2,-0.150995943048278,10,-1.6162712932083
3664,16362,170,0.928571428571428,0.242075436647354,-0.989743318610787,0.0912578966859809,0.997978679764313,0.0404842281658753,NA,NA,-0.978664212669979,0.131742124851855,NA,NA,0.866025403784439,0.333333333333333,-0.928571428571428,0.242075436647354,3,159,9,9,6,1.22222222222222,3.68518518518519,0.389917695473251,0.154195011337869,-0.168055555555556,0.0585858585858586,0.746464646464646,0.00171615141312111,-0.0195286195286196,0.0161111111111112,2,-0.363696483726654,9,-1.45748423227516
3664,16363,170,0.904194430179465,0.280944400511687,-0.996615895540124,0.0523889328216483,0.951358074078543,0.199377811438018,NA,NA,-0.922813954852271,0.251766744259664,NA,NA,0.866025403784439,0.333333333333333,-0.904194430179465,0.280944400511687,3,161,8,8,5,1.625,3.00833333333333,0.775208333333333,0.238513513513514,-0.223437500000001,0.0333333333333333,0.794444444444445,0.000555555555555555,-0.0111111111111112,0.00916666666666674,2,-0.275944109731335,8,-1.02088224672365
3664,16371,170,0.998865665006186,0.0303254215985467,-0.866025403784439,0.333333333333333,NA,NA,NA,NA,-0.866025403784439,0.333333333333333,0.866025403784439,0.333333333333333,0.866025403784439,0.333333333333333,-1,0,3,112,14,14,7,1.28571428571429,3.85714285714286,0.551020408163265,0.107142857142857,-0.176785714285715,0.297271693823418,0.801818870784388,0.0294568199828813,-0.0247726411519515,0.0408748579007201,3,-0.122388059701492,14,2.05485569504805
3664,16372,170,NA,NA,-0.866025403784439,0.333333333333333,NA,NA,NA,NA,-0.866025403784438,0.333333333333333,NA,NA,0.866025403784439,0.333333333333333,-1,0,3,138,10,10,6,1.8,3.2,1.08,0.2,-0.247500000000001,0,0.811111111111111,0,NA,4.31775426138039e-17,2,-0.126185835234285,10,0.258604753066081
3664,16384,170,0.95818697065988,0.184746379909813,-0.972885681988557,0.14858695342352,-0.797655654194764,0.412146518021417,0.981137178290956,0.123846430004926,0.915519698062268,0.263559564597897,-0.999244954948157,0.0247405234185941,0.866025403784439,0.333333333333333,-0.95818697065988,0.184746379909813,3,106,51,51,10,0.169090909090909,6.84599326599327,0.00852795973200014,-0.0084310352432622,0.0232499999999997,0.0152564790120593,0.793754737532639,5.82780097833004e-05,0.00085728450665532,-0.00209776586415819,3,-0.580904685286498,51,0.607888430008805
3664,16385,170,0.970725343394151,0.154420958311266,-0.960768922830523,0.178912375022067,-0.797502779951237,0.412307858329516,0.99426653575803,0.0682042432107299,0.933545436394919,0.233395483307449,-0.984917474724349,0.110708131811337,0.866025403784439,0.333333333333333,-0.970725343394151,0.154420958311266,3,116,32,32,8,0.202037351443124,6.02663917859164,0.0117093401275638,-0.0138186657711275,0.0277801358234295,0.0675477023901849,0.741336271338996,0.00117587588891166,0.0054594797777426,-0.00928780907865049,3,-0.111427728319148,32,1.33088877684499
3664,16386,170,0.99124070716193,0.0843232163219443,-0.924473451641905,0.24901011701139,0.984051178660446,0.113851385376892,-0.985055680212371,0.110198463167722,-0.841910950070019,0.362861502388282,0.844993390988144,0.359208580179112,0.866025403784439,0.333333333333333,-0.99124070716193,0.0843232163219441,3,119,27,27,7,0.294736842105263,5.29662618083671,0.0275240265097499,0.0431221165615292,-0.0384109311740894,0.0186285976378855,0.733422537406026,0.00011061109506076,-0.00273644374947562,0.00244391080768788,3,-0.597331002851721,27,2.49225737245122
3664,16387,170,0.99124070716193,0.0843232163219436,-0.924473451641905,0.24901011701139,0.960568670293092,0.179371454376159,0.849114581605562,0.354272259925908,-0.78201738917009,0.428381571387548,-0.986361565819101,0.105262142914518,0.866025403784439,0.333333333333333,-0.99124070716193,0.0843232163219436,3,130,24,24,6,0.210227272727272,4.69145256916996,0.0127537607016201,0.0286532539755494,-0.0242866847826091,0.00877552700922268,0.83125670525127,1.97885576463853e-05,0.000997699532520097,-0.00120663496376818,3,-0.746162852534512,24,9.99993253166776
3664,16388,170,0.866025403784439,0.333333333333333,-1,9.48637384723993e-09,-0.70808277444774,0.499120689803805,0.430907512459373,0.716387033823785,0.70808277444774,0.499120689803805,-0.430907512459373,0.716387033823785,0.866025403784439,0.333333333333333,-0.866025403784439,0.333333333333333,3,135,13,13,4,0.0681818181818183,3.78939393939394,0.0012465564738292,-0.0249999999999994,0.00687499999999986,0.0338528138528139,0.718470418470418,0.000288257966180045,0.00731601731601736,-0.00201190476190478,3,0.312103726358441,13,9.99993183781978
3664,16400,170,NA,NA,-0.866025403784438,0.333333333333334,NA,NA,NA,NA,-0.866025403784439,0.333333333333333,0.866025403784439,0.333333333333333,0.866025403784439,0.333333333333333,-1,1.34157585525081e-08,3,136,11,11,5,0.560606060606061,3.54040404040404,0.104759718396082,0.112121212121212,-0.0770833333333338,0.0632798573975044,0.814676173499703,0.00133478011741616,-0.0126559714795008,0.00870098039215684,3,-1.14359764858714,11,9.99994083648797
3664,16416,170,NA,NA,-0.993399267798783,0.0731863950403275,-0.95026706982762,0.201620031865989,0.795756965110389,0.414146539179376,0.979718791603645,0.128433636825661,-0.721035456240961,0.487332934219704,0.866025403784439,0.333333333333333,-0.917662935482247,0.260146938293006,3,128,19,19,9,0.169172932330827,5.56825888250037,0.00745416302417986,-0.0326008519751387,0.0232612781954885,0.00790700895742913,0.798177638126776,1.69391938911717e-05,0.0013013995284882,-0.000816085543529195,3,-0.804416218484176,19,-0.602229814931637
3664,16421,170,NA,NA,-0.981980506061966,0.121037718323677,-0.998408815328183,0.0359180720879754,0.121764508118053,0.922289463210316,0.969761276409516,0.156955790411652,0.0680056498155973,0.956672818466007,0.866025403784439,0.333333333333333,-0.944911182523068,0.212295615009657,3,131,14,14,8,0.0584415584415581,5.23926073926074,0.000907933225615531,-0.019694591123162,0.00803571428571408,0.00967408659716362,0.736069628377321,2.90124707981677e-05,0.000429363066725754,0.000100732600732578,3,-0.964539007092199,14,-1.02805340658237
3664,16423,170,0.866025403784439,0.333333333333333,-1,9.48637384723993e-09,0.671931943959679,0.530929457336364,-0.92603217499229,0.246394262333058,-0.671931943959679,0.530929457336364,0.926032174992289,0.246394262333058,NA,NA,NA,NA,3,133,12,12,7,0.218181818181819,4.72272727272727,0.0124586776859505,0.0750000000000005,-0.0206250000000002,0.0356538356538356,0.688488488488489,0.000370595696831023,-0.0178269178269176,0.00490240240240237,3,-0.584237394672177,12,-1.03406217149681
3664,16424,170,0.866025403784439,0.333333333333333,-1,9.48637384723993e-09,0.453920649501601,0.700049906654257,-0.853416914815958,0.3490524449607,-0.453920649501601,0.700049906654257,0.853416914815958,0.349052444960701,NA,NA,NA,NA,3,138,11,11,6,0.2,4.0969696969697,0.0100275482093664,0.0454545454545464,-0.0125000000000003,0.0336805555555555,0.715709175084175,0.000367794036216542,-0.0163667929292929,0.00450086805555556,3,-0.552110913159479,11,0.0317666141152688
3664,16425,170,0.866025403784439,0.333333333333333,-1,9.48637384723993e-09,-0.0735049089136173,0.95316308044952,-0.0999063816302832,0.936291338413862,0.0735049089136174,0.95316308044952,0.0999063816302832,0.936291338413862,NA,NA,NA,NA,3,147,9,9,5,0.194444444444445,3.62566137566138,0.0116580582850424,-0.00793650793650773,0.00218253968253961,0.0377846790890269,0.758281573498965,0.000429456596753383,-0.002070393374741,0.000569358178053781,3,-0.527198973755982,9,1.72760860776356
3664,16434,170,0.987005099469197,0.0129949005308025,-0.966901655000849,0.0330983449991513,-0.966943168614815,0.0330568313851848,0.979104734640821,0.020895265359179,0.877492206501882,0.122507793498118,-0.949201779778792,0.050798220221208,0.95150569130914,0.0484943086908602,-0.973511559151408,0.0264884408485919,4,88,139,139,15,1.49684005833738,10.307375663165,0.696055215150368,-0.0122804878956314,0.155945710299931,0.178712139390515,0.754833497455974,0.00750416926568064,0.00129113985588511,-0.0175153239313509,4,-1.02603791146087,139,-0.152056051716335
3664,16439,170,0.985692750193915,0.0143072498060852,-0.967494627821088,0.0325053721789118,-0.961628401741787,0.0383715982582128,0.974127831980387,0.0258721680196128,0.869091259840243,0.130908740159757,-0.94597352228987,0.05402647771013,0.951625947109915,0.0483740528900851,-0.974171167552573,0.0258288324474273,4,92,134,134,14,1.28959276018099,9.41753989045011,0.500644737253298,-0.0107804069668582,0.130990116694451,0.174648786717752,0.787000364359711,0.00706898404186721,0.0012976497849779,-0.0169420438068351,4,-1.24552384213347,134,0.00664489777633603
3664,16440,170,0.990683605362842,0.0869674644028793,-0.926049008194834,0.246365868930454,-0.87795883479844,0.317809881293103,-0.837778751743696,0.367707785775385,0.632356322450412,0.564175750223557,0.981890091837087,0.121341916844932,0.875640069863121,0.320879795311767,-0.993157909948972,0.0745139263813131,3,102,37,37,10,0.84375,6.53856981981982,0.18267235246226,-0.0204406929184377,0.0743243243243241,0.0346449390567037,0.822842499757822,0.00031123888932877,-0.000805121305518256,0.00476367912029669,3,-0.38623650774442,37,-0.0355266387547735
3664,16441,170,0.985329278164293,0.109182553509247,-0.938652204581148,0.224150779824086,-0.905262436578872,0.279348310260151,NA,NA,0.703209608043256,0.503499090084237,NA,NA,0.88147991618156,0.313095518259708,-0.990255855516527,0.0889447384356233,3,109,23,23,9,1.31578947368421,6.24256292906179,0.462551513596448,-0.0525371575837017,0.131521739130435,0.0496956661941469,0.706050450864196,0.00123482961924004,-0.0124239165485367,0.0136663082033904,2,-0.13452972768125,23,-0.45636760660747
3664,16442,170,0.979863710097199,0.127972398687713,-0.948420614036603,0.205360934645621,-0.819844790176176,0.388119336980718,NA,NA,0.59603956067927,0.593480271626339,NA,NA,0.876921896975586,0.31918606676495,-0.984058513561635,0.113825132119329,3,115,20,20,8,0.75,5.6,0.1425,-0.0308970099667774,0.0618750000000001,0.0527113237639554,0.676977671451356,0.00138924182647426,-0.0131778309409888,0.0144956140350877,2,-0.313534687076247,20,-0.323084544104125
3664,16443,170,0.966282390121316,0.165787356470469,-0.965567419701468,0.167545976862865,0.366625249892421,0.761026248489203,NA,NA,-0.596039560679271,0.593480271626339,NA,NA,0.880240808094137,0.314761937654666,-0.973381512698206,0.147215960791802,3,133,16,16,7,0.208333333333333,5.01388888888889,0.0109953703703703,0.00494935543278093,-0.0171875000000002,0.0588247338247339,0.740448402948403,0.00173017465477539,-0.0147061834561835,0.0161768018018018,2,-0.761148540524469,16,-0.330030754051828
3664,16444,170,0.960768922830523,0.178912375022067,-0.970725343394151,0.154420958311267,0.999365538530418,0.0226788334594132,NA,NA,-0.978664212669979,0.131742124851854,NA,NA,0.872170603640291,0.32542371315601,-0.964140589413993,0.171002754844743,3,136,15,15,6,0.4,4.22424242424242,0.0417630853994491,0.0283216783216784,-0.0550000000000004,0.0588489941431118,0.758276037687802,0.00173160205582801,-0.014712248535778,0.0161834733893558,2,-0.913407074521976,15,2.16948833198709
3664,16445,170,0.933256525257383,0.233908049281921,-0.987829161147262,0.0994252840514122,0.917263489208719,0.260786159985922,NA,NA,-0.844149911825029,0.360211444037334,NA,NA,0.875224638543329,0.321426970218841,-0.939811046068558,0.222001686167428,3,140,12,12,5,0.875,3.56944444444444,0.243634259259259,0.0813172043010753,-0.114583333333334,0.0567099567099567,0.702597402597403,0.00160800959502258,-0.0141774891774892,0.0155952380952381,2,-0.74990202504063,12,9.99993750012641
3664,16449,170,NA,NA,NA,NA,NA,NA,NA,NA,NA,NA,NA,NA,NA,NA,NA,NA,2,157,8,8,4,0.5,3.5,0.125,-0.125,0.1375,0.138278388278388,0.735805860805861,0.00956045633243436,0.034569597069597,-0.0380265567765568,2,-1.26191364027138,8,6.43190161793014
3664,16463,170,0.997176464952738,0.0478513232833497,-0.901127113779166,0.285482010049984,-0.985692741791153,0.107818302221975,0.991047684302925,0.0852486172595639,0.815157841576796,0.393300312271959,-0.835176715866968,0.370730627309547,0.866025403784439,0.333333333333333,-0.997176464952738,0.0478513232833488,3,115,14,14,6,1.11538461538461,4.79487179487179,0.376232741617357,-0.0908039329091959,0.1375,0.170862470862471,0.746531246531246,0.00913416069260225,0.0142253736238699,-0.0219505494505496,3,-0.227777777777778,14,0.342312658197126
3664,16464,170,0.995870594885822,0.0578746566983899,-0.907841299003204,0.275458676634943,-0.974809418318466,0.143195752556791,0.983804525687939,0.114730751558583,0.791448697637244,0.418654429191734,-0.817978586607592,0.390189428193526,0.866025403784439,0.333333333333333,-0.995870594885822,0.05787465669839,3,119,12,12,5,0.681818181818182,4.07828282828283,0.135808846036119,-0.0652264402264401,0.0802083333333334,0.11301247771836,0.757912457912458,0.00387986090443187,0.0111264552441023,-0.0140114379084968,3,-0.135986290139213,12,9.99995694407654
3664,16476,170,0.989658172044437,0.0103418279555634,-0.973139403632697,0.0268605963673033,-0.872794680841401,0.127205319158599,0.991885781657448,0.00811421834255177,0.795259238119341,0.204740761880659,-0.950429576074631,0.0495704239253689,0.94712547948723,0.0528745205127701,-0.975408532614013,0.0245914673859867,4,99,97,97,13,0.883064516129032,8.75238377609108,0.200252014816302,-0.008841113943308,0.0758063330170781,0.090752409191994,0.800910122591804,0.00195563513439103,0.000992914905028732,-0.00895307406123218,4,-1.13160023445061,97,-0.0533829959365022
3664,16477,170,0.99243368701167,0.0783630780806832,-0.920863697703815,0.25497025525265,-0.971798856616008,0.151549473121011,NA,NA,0.802955068546966,0.406519728373661,NA,NA,0.866025403784439,0.333333333333333,-0.99243368701167,0.0783630780806831,3,112,16,16,7,1.5,5.0625,0.66796875,-0.0975188442211055,0.18046875,0.0112305797650625,0.729322186434255,6.30629609297154e-05,-0.0056152898825313,0.00308840943539222,2,0.390713069628783,16,0.0309040925341596
3664,16478,170,0.995870594885822,0.0578746566983908,-0.907841299003204,0.275458676634943,-0.967907285144562,0.161721111815728,NA,NA,0.773329447219416,0.437179788450671,NA,NA,0.866025403784439,0.333333333333333,-0.995870594885822,0.05787465669839,3,120,11,11,6,1.1,4.33030303030303,0.345482093663912,-0.103296703296703,0.125,0.0299393939393939,0.64369696969697,0.000448183654729109,-0.0299393939393942,0.00823333333333339,2,0.4618802153517,11,-0.150923304403504
3664,16481,170,0.99124070716193,0.0843232163219443,-0.924473451641905,0.24901011701139,-0.888122814585299,0.304018885880846,NA,NA,0.645822739882474,0.553029002892235,NA,NA,0.866025403784439,0.333333333333333,-0.99124070716193,0.0843232163219441,3,143,8,8,5,0.571428571428572,3.68452380952381,0.0842899659863946,-0.0681063122923587,0.0515625,0.031305114638448,0.622795414462081,0.000490005101263185,-0.0313051146384481,0.00860890652557325,2,-0.259488727040935,8,-0.762600632351789
3664,16492,170,0.993391932139737,0.00660806786026313,-0.975669003887425,0.0243309961125751,-0.46376792019107,0.53623207980893,0.957148795175494,0.0428512048245058,0.43388664037856,0.56611335962144,-0.923627659094492,0.0763723409055083,0.934214222732717,0.0657857772672827,-0.967368014045599,0.0326319859544014,4,101,81,81,12,0.420833333333334,8.04737382629108,0.0376547389530848,-0.00250045909355604,0.0179347124413149,0.0351541001651073,0.791137323814258,0.000269040703725404,0.000436212073038761,-0.0032271135291157,4,-1.25082552210155,81,-0.0557554929447235
3664,16493,170,0.975080241899474,0.0249197581005265,-0.969337291125583,0.0306627088744167,-0.933409772512185,0.0665902274878153,0.995093012787471,0.0630928773250716,0.923381442572747,0.0766185574272533,-0.880367407711113,0.314592051158646,0.961459098642885,0.0385409013571145,-0.995468098433908,0.00453190156609165,4,111,54,54,11,1.74074074074074,7.87008692365835,0.627936269409922,-0.0292298827102129,0.155864512471656,0.0545163949103075,0.762113116693692,0.000958663857214687,0.00157984565126118,-0.0074960043001673,3,-0.970969199564315,54,0.0452419567048551
3664,16494,170,0.962898520424762,0.0371014795752376,-0.971398082711072,0.0286019172889281,-0.932027310082098,0.0679726899179016,0.998691962019107,0.0325651174554626,0.931190144230009,0.068809855769991,-0.907407424811431,0.27611666630468,0.96269157760015,0.0373084223998497,-0.998137033626033,0.0018629663739671,4,116,50,50,10,1.42,7.09859477124183,0.400243192789098,-0.0253527710062097,0.125489869281046,0.0610757636387889,0.794967054535993,0.00113259114816601,0.0018897121575773,-0.00839791750033354,3,-1.24860956618465,50,0.609824169141682
3664,16495,170,0.99243368701167,0.0783630780806837,-0.920863697703815,0.25497025525265,-0.997535072991728,0.0447081193407823,0.99931857387193,0.0235033179885669,0.945951901702607,0.210262135911865,-0.905845343936069,0.27847357324122,0.89194671367325,0.298678904086481,-0.9976440074384,0.0437086488338313,3,132,24,24,8,0.652777777777778,5.72011784511785,0.119050883413257,-0.0422599106644332,0.0897569444444444,0.179538520213577,0.717076370108407,0.00982080705115685,0.0121593857924251,-0.024686546529367,3,-1.29246065528299,24,0.444646402937992
3664,16496,170,0.985329278164293,0.109182553509248,-0.938652204581148,0.224150779824086,-0.991445730022802,0.0833290965354034,0.998295040523533,0.0371803843713827,0.97563439228043,0.140821683288682,-0.957181492652501,0.186970395452703,0.904204561749752,0.280929299127206,-0.996025431512678,0.056778519303121,3,135,19,19,7,0.730263157894737,5.2124613003096,0.140063375236032,-0.0633247167032371,0.100411184210526,0.193680630146795,0.645382538980504,0.0102358473820907,0.0172370455591537,-0.0266310866451845,3,-1.05571678245258,19,1.25314378469771
3664,16497,170,NA,NA,-0.866025403784438,0.333333333333333,NA,NA,NA,NA,0.866025403784438,0.333333333333333,-0.866025403784438,0.333333333333333,0.866025403784439,0.333333333333333,-1,0,3,145,15,15,6,0.291666666666667,4.43055555555556,0.0283564814814815,-0.0416666666666666,0.0401041666666666,0.0827619047619047,0.799460317460317,0.00228317762660619,0.0118231292517007,-0.011379761904762,3,-1.48077272126972,15,4.04838908248623
3664,16498,170,NA,NA,-0.866025403784438,0.333333333333334,NA,NA,NA,NA,0.866025403784439,0.333333333333333,-0.866025403784439,0.333333333333333,0.866025403784439,0.333333333333333,-1,1.34157585525081e-08,3,148,11,11,5,0.272727272727273,3.81818181818182,0.0247933884297521,-0.0545454545454545,0.0375,0.191184573002755,0.748668503213958,0.0121838469847486,0.038236914600551,-0.0262878787878789,3,-1.21687672121506,11,9.99993620945769
3664,16518,170,0.931849665391103,0.0681503346088967,-0.971625413446944,0.0283745865530564,-0.853787113185189,0.146212886814811,0.99607002965701,0.0564588581176932,0.891945470258309,0.108054529741691,-0.897773873496986,0.290366907399615,0.971835152437236,0.0281648475627641,-0.994043457732633,0.00595654226736708,4,120,26,26,9,1.30769230769231,6.15133779264214,0.336874494319601,-0.0414396083292405,0.110275919732442,0.147778021978022,0.695532632584806,0.00677369724625734,0.00850082918484041,-0.0203194780219781,3,-0.434137428284965,26,0.141826482142907
3664,16519,170,NA,NA,-0.866025403784438,0.333333333333333,NA,NA,NA,NA,-0.866025403784439,0.333333333333333,NA,NA,0.866025403784439,0.333333333333333,-1,NA,3,124,8,8,4,0.25,3.16666666666667,0.0208333333333333,0.0357142857142858,-0.0343750000000003,0,0.757763975155279,0,NA,0,2,-0.199989796699226,8,6.43190161793014
3664,16526,170,0.846870584538883,0.153129415461117,-0.986765571808367,0.0132344281916331,-0.466804404093606,0.533195595906394,0.504311625827405,0.663492586576397,0.546310119013793,0.453689880986207,-0.706987342788714,0.500107523258672,0.968698888792895,0.0313011112071051,-0.983412950035924,0.0165870499640761,4,133,18,18,8,0.714285714285714,5.6047619047619,0.123265306122449,-0.0212321012321012,0.0408571428571428,0.0988871224165342,0.647205188381659,0.00261994778193627,0.0045396258252535,-0.00995154818684237,3,-0.420277034189507,18,-0.531248596006897
3664,16530,170,0.866157069666395,0.133842930333604,-0.946895015031511,0.0531049849684894,0.113314902274835,0.886685097725165,NA,NA,-0.165144564768956,0.834855435231044,0.866025403784439,0.333333333333333,0.927177541416682,0.0728224585833184,-0.988482098073509,0.0115179019264906,4,135,14,14,7,0.714285714285714,4.78571428571429,0.112244897959184,0.00605326876513316,-0.0117857142857144,0.092203035060178,0.606558520844235,0.00283379989143614,-0.013171862151454,0.0126779173207745,3,-0.645320197044335,14,-0.662188006129908
3664,16531,170,0.982266408040553,0.0177335919594466,-0.948555054278647,0.0514449457213533,0.754945479584592,0.245054520415408,NA,NA,-0.726336564323482,0.273663435676518,0.866025403784438,0.333333333333333,0.258198889747161,0.741801110252839,-0.256307297315028,0.743692702684972,4,146,13,13,6,0.397435897435897,4.07371794871795,0.0375164365548981,0.0249859629421673,-0.0299679487179488,0.0439102564102564,0.751282051282051,0.000642703539338153,-0.00627289377289374,0.00603766025641022,3,-1.30059293271359,13,1.36779362168116
3664,16532,170,0.889297291799887,0.110702708200112,-0.948683298050514,0.0513167019494864,0.996636837181412,0.00336316281858817,NA,NA,-0.945492721655894,0.0545072783441055,0.866025403784438,0.333333333333333,0.258198889747161,0.741801110252839,-0.272165526975909,0.727834473024091,4,152,11,11,5,0.636363636363636,3.36818181818182,0.102561983471074,0.0651515151515151,-0.0645000000000002,0.0439393939393939,0.865151515151515,0.000643556779920416,-0.0073232323232323,0.00604166666666664,3,-1.37976928738538,11,9.99994852375452
3664,16546,170,0.969144871026187,0.0308551289738128,-0.984315031223054,0.0156849687769459,-0.0344045587985994,0.965595441201401,0.925176625405428,0.0748233745945726,0.0233808870639782,0.976619112936022,-0.856804218915924,0.143195781084076,0.8797566859972,0.1202433140028,-0.935328391851658,0.0646716081483424,4,120,27,27,9,0.628787878787879,6.18254662004662,0.082011022679729,-0.000916110786427813,0.0014262820512822,0.373766233766234,0.665242024642025,0.0286752634765567,0.0145671385290982,-0.0309060586080587,4,-0.794039989096004,27,-0.583913155132741
3664,16550,170,0.966509072036418,0.0334909279635816,-0.979526092372616,0.0204739076273844,0.934860020431355,0.0651399795686454,0.853635705013502,0.146364294986498,-0.869009048512803,0.130990951487197,-0.733637345328809,0.266362654671191,0.905932435560071,0.0940675644399291,-0.972192763454892,0.0278072365451083,4,125,23,23,8,0.727272727272728,5.4665404040404,0.102401859504132,0.0343912695234282,-0.0592361111111114,0.310530137981118,0.68775759462034,0.021925588537936,0.0145310133130812,-0.0231401078950099,4,-0.408277413200443,23,-0.535792323947625
3664,16551,170,0.963277842249306,0.0367221577506938,-0.975441002067706,0.024558997932294,0.994596310401954,0.00540368959804582,0.823982594489877,0.176017405510123,-0.947770107638584,0.0522298923614158,-0.679812542353143,0.320187457646856,0.899362682047117,0.100637317952883,-0.971572509552923,0.0284274904470767,4,127,22,22,7,0.952380952380953,4.58981092436975,0.178000080751255,0.0511377818454114,-0.0851768207282916,0.311486962649753,0.705732303492221,0.0214221469842771,0.0146971957309079,-0.0211947837274445,4,-0.492925153153671,22,2.64558834436387
3664,16552,170,0.866025403784439,0.333333333333333,-1,9.48637384723993e-09,0.92281395485227,0.251766744259665,-0.974680119415238,0.14356434307325,-0.92281395485227,0.251766744259665,0.974680119415238,0.14356434307325,0.866025403784439,0.333333333333333,-0.866025403784439,0.333333333333333,3,143,15,15,6,0.619047619047619,4.05079365079365,0.112501889644747,0.0773809523809527,-0.0851190476190482,0.07657034323701,0.85047106528588,0.00154289716400826,-0.00957129290462622,0.0105284221950889,3,0.0161927346544467,15,4.07923616383577
3664,16557,170,0.917662935482247,0.260146938293006,-1,9.48637384723993e-09,0.954230058715089,0.193355195234676,-0.930138677421364,0.239372860257859,-0.954230058715089,0.193355195234676,0.930138677421364,0.239372860257859,0.866025403784439,0.333333333333333,-0.866025403784439,0.333333333333333,3,144,10,10,5,0.555555555555555,3.32804232804233,0.0847400688670529,0.138888888888889,-0.076388888888889,0.108119658119658,0.806695156695157,0.0033779555360752,-0.0270299145299144,0.014866452991453,3,0.205757138393787,10,9.38162979412458
3664,16572,170,0.883108384486426,0.116891615513574,-0.967209768789638,0.032790231210362,-0.838598110807744,0.161401889192256,0.82387702978193,0.176122970218069,0.834583550404889,0.165416449595111,-0.822011624186374,0.177988375813626,0.886960699418242,0.113039300581758,-0.894968239101213,0.105031760898787,4,75,146,146,14,3.75148430873622,10.1915384022254,3.28094753719347,-0.0235614867521657,0.322016245840674,0.439794342972326,0.738553419588093,0.0456163268810931,0.00272942848305834,-0.0373978326665913,4,-1.36261702126836,146,-0.038384870022897
3664,16573,170,0.822971166462694,0.177028833537306,-0.952566297081505,0.0474337029184946,0.98407816813617,0.0159218318638299,-0.992908207034936,0.075863022198782,-0.939171257692516,0.060828742307484,0.847004408942175,0.356807422710469,0.795719599176748,0.204280400823251,-0.73636852662735,0.263631473372649,4,120,45,45,13,2.6,6.52790697674419,1.57675860825672,0.0584464908173352,-0.251209302325582,0.0250769230769231,0.783630689723713,0.000201239223907777,-0.00077186846954288,0.00330426356589142,3,-1.22999231518569,45,-0.455691510710884
3664,16574,170,0.995829197303205,0.00417080269679526,-0.940152896092274,0.0598471039077256,0.664635048949843,0.335364951050157,0.999497667320637,0.0201794357553862,-0.769633556892136,0.230366443107864,-0.890203698715487,0.301123836267075,0.880209430041888,0.314804031471466,-0.998585927037274,0.0338596309597796,4,124,41,41,12,3.11111111111111,6.27136752136752,2.29646066184528,0.0509359447978374,-0.248440170940172,0.0913160828492636,0.763495975166456,0.00263060576035313,0.0028092316421836,-0.0125559613917738,3,-1.16224978122467,41,-0.387303594311678
3664,16575,170,0.997877149297164,0.00212285070283635,-0.938383857130377,0.0616161428696228,0.818247788975467,0.181752211024533,-0.990552723410291,0.0875771762455354,-0.862430077203734,0.137569922796266,0.94020595914156,0.221264740376999,0.886042602781959,0.306887792580954,-0.999995288993828,0.00195412404157808,4,130,31,31,11,3.82142857142857,5.63639162561576,3.22342548047757,0.100738144138858,-0.329830665024632,0.0295197044334976,0.792153043848446,0.000246443869573132,-0.00119617095744416,0.00405895935960587,3,-1.27339301718476,31,-0.56617273064894
3664,16580,170,0.998652727613559,0.0330500101023867,-0.904194430179465,0.280944400511686,-0.973849500153563,0.1459103524638,-0.96122920649075,0.177852800901399,0.977588679800527,0.135034048047887,0.751359180703016,0.458797201413086,0.889680248530564,0.301854505265798,-0.99946063454069,0.0209101047541127,3,132,26,26,10,0.76,6.57275362318841,0.151096660365469,-0.0311163337250293,0.1045,0.0455585604327023,0.762240713773895,0.000578401676909718,-0.00190025057301945,0.00496929824561404,3,-1.00266993311108,26,-0.499840307934067
3664,16583,170,0.995870594885822,0.0578746566983908,-0.907841299003204,0.275458676634943,-0.999171881116778,0.0259102402445265,0.99927348619983,0.0242685233430278,0.924150742966058,0.249548436390414,-0.891200983332243,0.29972719997797,0.886928555065373,0.305668974222337,-0.998874259568105,0.0302102975873936,3,135,23,23,9,2.27272727272727,6.59242424242424,1.51199035812672,-0.111538461538461,0.3125,0.346691403834261,0.624285605789365,0.0378333537926802,0.0176454086550757,-0.047670068027211,3,-0.844647294988465,23,-0.353686836376909
3664,16584,170,0.998625428903524,0.0333832399875897,-0.891042111213631,0.299950093345744,-0.99768229456998,0.0433519019896491,0.999577002304589,0.0185173754154704,0.919863692081722,0.256598191356093,-0.877463862738624,0.31846746876121,0.889087225196758,0.302680320144436,-0.999990803839484,0.00273022679869221,3,136,20,20,8,1.78947368421053,5.88499025341131,0.946114473969199,-0.101728680676049,0.246052631578948,0.27984176126591,0.595843703838605,0.0254276708137157,0.016708938080273,-0.0384782421740627,3,-1.14433232933053,20,-0.132538904169774
3664,16589,170,0.997176464952738,0.0478513232833508,-0.901127113779166,0.285482010049984,-0.968619604501136,0.15990668218801,0.939549045054781,0.222489313223253,0.980608572326128,0.125575327861974,-0.995108570591671,0.0629926968267305,0.881722358559875,0.312768515690592,-0.999081584688613,0.0272865056406095,3,148,15,15,7,1.14285714285714,5.36263736263736,0.339572515396691,-0.0847723704866561,0.157142857142857,0.11038961038961,0.694721944721945,0.00307648977728898,0.00782675970645897,-0.0151785714285715,3,-1.35280681662918,15,-0.601861640862689
3664,16591,170,NA,NA,-0.866025403784438,0.333333333333334,-0.970725343394151,0.154420958311267,0.950281169334402,0.201591208481478,0.960768922830523,0.178912375022067,-0.978664212669979,0.131742124851855,0.866025403784439,0.333333333333333,-1,0,3,153,13,13,6,0.666666666666667,4.61111111111111,0.12037037037037,-0.0583333333333333,0.0916666666666668,0.0196078431372549,0.834521687462864,0.000100353434735316,0.00164884135472372,-0.00269607843137259,3,-1.38433183545722,13,-0.208697577922196
3664,16592,170,NA,NA,-0.866025403784439,0.333333333333333,-0.866025403784438,0.333333333333334,-0.922612906314876,0.252098770062397,1,0,0.606142645655779,0.58543210339573,0.866025403784439,0.333333333333333,-1,9.48637384723993e-09,3,154,12,12,5,0.363636363636364,3.81818181818182,0.0330578512396694,-0.0303030303030302,0.0499999999999999,0.0204545454545455,0.864015151515152,0.000106318870523416,-0.00183080808080806,0.00171874999999996,3,-1.21716123890037,12,9.99992476192605
3664,16605,170,NA,NA,NA,NA,NA,NA,NA,NA,NA,NA,NA,NA,NA,NA,NA,NA,2,136,10,10,6,0.175,3.7125,0.0153125,0.0874999999999999,-0.048125,0.0334267040149393,0.739589169000934,0.00055867227065118,-0.0167133520074697,0.00919234360410836,2,0.177265705069835,10,0.258604753066179
3664,16617,170,0.896121132087405,0.103878867912595,-0.971499051188939,0.028500948811061,-0.89542904927198,0.10457095072802,0.863978564423265,0.136021435576735,0.864203009314304,0.135796990685696,-0.837009489646778,0.162990510353222,0.895328488250259,0.104671511749741,-0.919816915937328,0.0801830840626724,4,76,101,101,13,4.37637362637363,9.69590659340659,4.30943332427646,-0.0427771174057418,0.382150274725276,0.572668407242875,0.666389476362881,0.0759234483827897,0.0054784939140458,-0.0491277261450135,4,-1.26502389007087,101,0.151561357684809
3664,16618,170,0.987829161147262,0.0994252840514123,-0.933256525257383,0.233908049281921,0.553801097897342,0.626353588586261,0.984617463959184,0.111806584491122,-0.815934835707512,0.39244553930434,-0.856137986789652,0.345714633773044,0.934547076599529,0.231610057614576,-0.999993485123521,0.00229799166734003,3,100,25,25,8,0.0636363636363635,5.15974025974026,0.00122617642098161,0.00201089233347303,-0.00785714285714307,0.26017316017316,0.661318491032777,0.0220733427616057,0.015169110459433,-0.0349792517006804,3,-1.67297501643062,25,2.22513848820791
3664,16619,170,NA,NA,NA,NA,NA,NA,NA,NA,NA,NA,NA,NA,NA,NA,NA,NA,2,130,11,11,7,0.081818181818182,4.14090909090909,0.00334710743801654,0.0818181818181825,-0.0225000000000002,0.0261111111111112,0.828055555555556,0.000340895061728397,-0.0261111111111114,0.00718055555555563,2,-2.07926845197662,11,-1.02566707943189
3664,16622,170,NA,NA,NA,NA,NA,NA,NA,NA,NA,NA,NA,NA,NA,NA,NA,NA,2,134,8,8,6,0.0357142857142856,3.73214285714286,0.000637755102040812,0.0357142857142859,-0.00982142857142864,0.0337301587301588,0.749007936507937,0.000568861803980855,-0.0337301587301589,0.0092757936507937,2,-1.35272601618296,8,-1.60996989062994
3664,16629,170,0.960768922830523,0.178912375022067,-0.970725343394151,0.154420958311267,0.907841299003204,0.275458676634943,-0.946215953936622,0.209743180096566,-0.981980506061966,0.121037718323677,0.840805038134119,0.364164138407833,0.866025403784439,0.333333333333333,-0.960768922830523,0.178912375022067,3,127,14,14,6,0.0714285714285712,4.17460317460317,0.00132275132275131,0.00915750915750933,-0.00982142857142881,0.0175677036142152,0.785949192925937,9.75790117692022e-05,-0.00259236887143858,0.00228405315614612,3,-1.12274368231047,14,9.99993362532918
3664,16635,170,NA,NA,-0.866025403784439,0.333333333333333,NA,NA,NA,NA,0.866025403784439,0.333333333333333,-0.866025403784439,0.333333333333333,0.866025403784439,0.333333333333333,-1,NA,3,138,8,8,4,0.375,3.25,0.046875,-0.0937499999999999,0.0515625000000001,0.111235119047619,0.756448412698413,0.00412441723651266,0.0278087797619048,-0.0152948288690477,3,-0.565685424949238,8,9.99995434071618
3664,16642,170,0.895278800481098,0.104721199518902,-0.970342204049436,0.0296577959505644,-0.914553740152349,0.0854462598476505,0.892862230446159,0.107137769553841,0.870236093821558,0.129763906178442,-0.850798212464186,0.149201787535814,0.893710297782275,0.106289702217725,-0.929459768186937,0.0705402318130633,4,79,76,76,12,3.66304347826087,9.22317852437418,2.97778533960502,-0.050050465848369,0.319883695652175,0.504865156765047,0.620169853323397,0.0576656666191621,0.00679978702698903,-0.0435204669280712,4,-0.441771595159811,76,-0.015906562638129
3664,16643,170,0.831300537532849,0.168699462467151,-0.976163623163429,0.0238363768365707,-0.928009412209702,0.0719905877902983,0.899931972858731,0.100068027141269,0.883894432046234,0.116105567953766,-0.856362984016176,0.143637015983824,0.884851556686065,0.115148443313935,-0.923934939131476,0.0760650608685245,4,91,68,68,11,3.27941176470588,8.49261400752792,2.39898792566493,-0.0517541716787772,0.29162365461785,0.522548807922943,0.674068636500202,0.0622182872312854,0.0080825361841199,-0.0455014494753812,4,-0.840134625693007,68,0.352142089827176
3664,16644,170,0.993399267798783,0.0731863950403282,-0.917662935482247,0.260146938293006,-0.143234313031452,0.908499494350882,-0.980707470997236,0.125253654027017,-0.261821633702272,0.831353567356112,0.977635205133558,0.13489328426599,0.866025403784439,0.333333333333333,-0.993399267798783,0.0731863950403281,3,125,14,14,7,0.0879120879120876,4.81990231990232,0.0020674278916037,-0.00149411991517243,-0.0032738095238097,0.0465771265771266,0.745670872337539,0.000567455394914358,-0.00535955272797376,0.00640435490435487,3,-0.328767123287671,14,-0.686432863640286
3664,16645,170,0.99124070716193,0.084323216321943,-0.924473451641905,0.24901011701139,0.996925472510694,0.0499339181034362,-0.999999542736157,0.000608805501279438,-0.95150393041712,0.199076198907954,0.924108439411251,0.249618922512658,0.866025403784439,0.333333333333333,-0.99124070716193,0.0843232163219447,3,126,13,13,6,0.320512820512821,4.02350427350427,0.0283667543282928,0.0443500298151462,-0.0440705128205132,0.0944638694638695,0.730885780885781,0.00261231532647617,-0.0135001626280696,0.0129887820512821,3,-0.199552434876044,13,2.33887781438308
3664,16648,170,0.99124070716193,0.0843232163219436,-0.924473451641905,0.24901011701139,-0.975157827298787,0.142197873020334,0.990369813829155,0.0884222592696544,0.817057169102883,0.391207990031724,-0.862788093598774,0.337432376281044,0.866025403784439,0.333333333333333,-0.99124070716193,0.0843232163219436,3,143,10,10,5,0.444444444444445,3.71851851851852,0.059917695473251,-0.0630490956072351,0.0550000000000001,0.222222222222222,0.740192043895748,0.0163398759222567,0.0334386065652216,-0.030329218106996,3,-0.477737361181116,10,9.99994644256872
3664,16657,170,0.808421454029811,0.191578545970189,-0.978818359875831,0.0211816401241686,-0.954124225187951,0.0458757748120486,0.946431422993105,0.0535685770068954,0.916855271915254,0.0831447280847466,-0.907827684068099,0.0921723159319012,0.876414273903558,0.123585726096442,-0.906599089206904,0.0934009107930961,4,95,54,54,10,2.86111111111111,7.85930555555556,1.77618587962963,-0.059882646460913,0.260287500000001,0.482307743502712,0.644342285419751,0.0510092678776745,0.0100661999394103,-0.0436753391935838,4,-0.791737031541922,54,0.654317630863426
3664,16658,170,NA,NA,-0.974354703692446,0.144487910475809,0.95632471578712,0.188845422857524,-0.961775331933936,0.176587589034653,-0.866025403784439,0.333333333333333,0.875491559756431,0.321075499510462,0.866025403784439,0.333333333333333,-0.95632471578712,0.188845422857524,3,106,15,15,6,0.133333333333333,4.28888888888889,0.00592592592592588,0.0143459915611815,-0.0183333333333335,0.0827380952380952,0.676697781385281,0.00223278609341033,-0.00885613595265489,0.0113764880952381,3,1.27933967092696,15,4.0483890812393
3664,16662,170,0.977355554850442,0.135737209330303,-0.952216581409108,0.19759612400303,-0.984170004385894,0.113425341282471,0.973952504312452,0.145621443847842,0.883013692899463,0.311021465285502,-0.858158275928887,0.343217567850873,0.866025403784439,0.333333333333333,-0.977355554850442,0.135737209330302,3,131,11,11,5,1.27272727272727,4.16835016835017,0.519368771894025,-0.150082918739635,0.175,0.566239316239316,0.476702926702927,0.105010206562266,0.0667846664115321,-0.0764743589743592,3,0.428103260827682,11,9.99993620945769
3664,16672,170,0.948426914186971,0.0515730858130292,-0.972013957307607,0.0279860426923928,-0.985626271240047,0.0143737287599526,0.996530114146485,0.00346988585351515,0.938596198788558,0.0614038012114417,-0.949510318056036,0.0504896819439635,0.883158815160247,0.116841184839753,-0.915055428850059,0.0849445711499411,4,103,39,39,9,2.26282051282051,7.30929487179487,1.14761053583169,-0.0729341897333946,0.214182692307693,0.40615962984384,0.605644696797485,0.0388717607686887,0.0135715409715244,-0.0398772420191314,4,-1.61603393822276,39,0.300597662801048
3664,16673,170,0.953434841231941,0.0465651587680589,-0.969868630944584,0.0301313690554158,-0.978513128879465,0.021486871120535,0.996166761350388,0.00383323864961227,0.908274474253908,0.0917255257460918,-0.945205508612862,0.054794491387138,0.87889277128217,0.12110722871783,-0.953156790855561,0.046843209144439,4,110,32,32,8,1.78125,6.56330818965517,0.681800385670581,-0.0749374304783092,0.159754849137932,0.348852726574501,0.621262745207708,0.0264045913311891,0.0150132698616241,-0.0327170613329418,4,-2.25484146203311,32,0.546453417740147
3664,16674,170,0.964578856876938,0.169948270015608,-0.967247129904906,0.163385063317725,0.992081890886282,0.0801664855314916,NA,NA,-0.927708349577419,0.243551548849218,NA,NA,0.986902682817433,0.103148150053781,-0.995526873964631,0.060236913263943,3,140,12,12,6,0.916666666666667,3.56481481481481,0.244084362139918,0.0861970217640323,-0.126041666666667,0.00176767676767675,0.851893939393939,1.56234057749206e-06,-0.000589225589225659,0.000486111111111169,2,-1.75684593916751,12,6.85795095696756
3664,16678,170,NA,NA,NA,NA,NA,NA,NA,NA,NA,NA,NA,NA,NA,NA,NA,NA,2,143,8,8,5,0.0249999999999999,3.3875,0.000312499999999998,-0.00833333333333353,0.00687500000000017,0.00608465608465614,0.837698412698413,1.85115198342715e-05,-0.00202821869488542,0.00167328042328047,2,-1.37437656061611,8,1.0779315184752
3664,16685,170,0.996750600669554,0.00324939933044543,-0.816198535076974,0.183801464923026,-0.9985144657553,0.00148553424469956,0.996152054931313,0.0038479450686868,0.788638765539731,0.211361234460269,-0.77067871912422,0.22932128087578,0.774596669241483,0.225403330758517,-0.996750600669554,0.00324939933044564,4,121,20,20,7,1.15,5.89539473684211,0.324821675900277,-0.09724036368293,0.095743421052632,0.181128842514449,0.627148867065623,0.00812038682473235,0.0153385288037612,-0.0147934696434965,4,-1.86965883748668,20,-0.212728773478332
3664,16686,170,0.994134846772434,0.00586515322756576,-0.829288428862728,0.170711571137272,-0.999999789386889,2.10613110703821e-07,0.999887911330354,0.000112088669646404,0.828989225461949,0.17101077453805,-0.822297224825007,0.177702775174993,0.774596669241483,0.225403330758517,-0.994134846772434,0.00586515322756574,4,136,17,17,6,0.632352941176471,5.29319852941176,0.0938254667675895,-0.0702721878224975,0.054090073529412,0.0868141374196737,0.77205727879387,0.00178081105164944,0.00968018012158424,-0.00739172948591204,4,-2.18345461332332,17,-0.00593581896334358
3664,16687,170,0.992523259604837,0.00747674039516277,-0.835657838081093,0.164342161918907,-0.992386872613727,0.00761312738627315,0.997591486303561,0.00240851369643913,0.884604825616314,0.115395174383686,-0.864794924811298,0.135205075188702,0.774596669241483,0.225403330758517,-0.992523259604837,0.00747674039516287,4,138,16,16,5,0.375,4.49166666666667,0.0315277777777778,-0.0456238361266294,0.0334583333333333,0.0633184523809524,0.797786458333333,0.000910758481995228,0.00779504189944133,-0.00555933779761906,4,-2.20825238612416,16,4.60781702061667
3664,16690,170,NA,NA,-0.774596669241482,0.225403330758518,NA,NA,NA,NA,-0.774596669241482,0.225403330758518,0.774596669241482,0.225403330758518,0.774596669241483,0.225403330758517,-1,0,4,143,13,13,4,0.0192307692307692,3.76442307692308,9.24556213017745e-05,0.00384615384615383,-0.00158653846153846,0.0101410934744268,0.885251322751323,2.57104442142656e-05,-0.00202821869488535,0.000836640211640197,4,-2.41774522160691,13,9.99991882733283
3664,16691,170,NA,NA,-0.774596669241482,0.225403330758518,NA,NA,NA,NA,NA,NA,0.774596669241482,0.225403330758518,0.774596669241483,0.225403330758517,-1,0,4,144,8,8,3,0,3,0,0,0,0.0233516483516483,0.809409340659341,0.000136324870184759,-0.00778388278388276,0.00192651098901099,4,-1.26713535188629,8,9.99992597220677
3664,16710,170,0.987829161147262,0.0994252840514123,-0.777713771047819,0.432758617384745,0.987829161147262,0.0994252840514118,-0.997144993690274,0.0481173872405564,-0.866025403784439,0.333333333333333,0.822960802887796,0.384641230144191,0.866025403784439,0.333333333333333,-0.987829161147262,0.0994252840514117,3,133,8,8,6,1.5,3.5,0.75,0.266129032258064,-0.206250000000001,0.38996138996139,0.751608751608752,0.0465755330620195,-0.0669448250093411,0.0488416988416989,3,0.435142634576337,8,-1.68059870963652
3664,16717,170,0.973684210526316,0.146372790080654,-0.957185972603853,0.186960543252678,-0.996595764980601,0.0525446094796808,0.999898051812332,0.00909051662425808,0.930062349759893,0.239505152732361,-0.961221744848216,0.177870026628416,0.881940887437495,0.312473498049392,-0.980627768501824,0.125512954796713,3,73,48,48,12,0.708333333333333,7.3983918128655,0.145007758797579,-0.0172978325314672,0.0973958333333335,0.180971704321123,0.551522316350129,0.00886164172824919,0.004290321589685,-0.0248836093441545,3,-0.597872479797114,48,-0.134281434578285
3664,16718,170,0.985730887032542,0.10767413254161,-0.937832439130728,0.225659200791724,-0.888088788421152,0.304066013572553,0.98078779042023,0.124991809034319,0.673331699453041,0.529725214364277,-0.852105409595927,0.350651009826043,0.891433039262115,0.299401355847271,-0.993298750936762,0.0737421550555474,3,103,45,45,11,0.596491228070176,6.49746588693957,0.0931966531012391,-0.0130390870519913,0.0565277777777774,0.19610057819013,0.774482895378418,0.0124342349484312,0.00525987259436436,-0.0261297678275291,3,-1.09854503814619,45,0.415736766482275
3664,16719,170,0.967867836991654,0.161821012860512,-0.963927854491769,0.171512320472822,-0.705196488447271,0.501717552891727,0.960300890125406,0.179983559697448,0.491045332042724,0.673229873364549,-0.851410084752014,0.35149588017027,0.911741886301394,0.269475686792385,-0.988183740748583,0.0979633663195634,3,111,28,28,10,0.363636363636363,5.81926406926407,0.0330613650418845,-0.0107477417196386,0.0245535714285713,0.281282559248661,0.716685553408717,0.0255460388519414,0.0128651781789558,-0.0374225405793204,3,-0.519515345078109,28,-0.274327475284173
3664,16720,170,0.944911182523068,0.212295615009657,-0.981980506061966,0.121037718323677,0.579704205599635,0.60633621415227,0.888816269988083,0.303056947107772,-0.723246057318941,0.485298495828593,-0.786196547650198,0.424094665431448,0.908199895347904,0.274913735791839,-0.970930590139469,0.153876017468162,3,115,17,17,9,0.312217194570136,5.05279034690799,0.0264600096913112,0.0154330963154494,-0.032352941176471,0.166153846153846,0.673201014671603,0.00800942390197054,0.0130185990480108,-0.0193492647058824,3,0.574624876269177,17,-0.697090034723286
3664,16724,170,NA,NA,-0.989743318610787,0.0912578966859809,0.995465043473869,0.0606521146197094,-0.517100788025499,0.654022463975155,-0.998844598112153,0.0306057820662718,0.634071980681306,0.562764567289176,0.866025403784439,0.333333333333333,-0.928571428571428,0.242075436647354,3,121,13,13,8,0.923076923076923,4.47435897435897,0.213510848126233,0.1138147566719,-0.126923076923078,0.0456828885400314,0.636473050758765,0.00053587960966297,-0.00296190689776695,0.00403649921507064,3,1.23034546666993,13,-1.15192235795844
3664,16725,170,NA,NA,-0.996615895540124,0.0523889328216483,0.987729804040762,0.0998311205039237,-0.990500421906821,0.0878196457665997,-0.971549926874678,0.152220053325571,0.975845238312932,0.140208578588247,0.866025403784439,0.333333333333333,-0.904194430179465,0.280944400511687,3,132,12,12,7,1.25,3.71296296296296,0.413837448559671,0.180930930930931,-0.171875000000001,0.128947368421053,0.753508771929825,0.00436518928901201,-0.0186344238975818,0.0177302631578948,3,1.08299687506703,12,-0.257760360766698
3664,16726,170,NA,NA,-0.981980506061966,0.121037718323677,0.999966626804229,0.00520110027259646,-0.995071015797125,0.063234251359049,-0.983491677212649,0.11583661805109,0.99588074055575,0.0578034669646281,0.866025403784439,0.333333333333333,-0.944911182523068,0.212295615009657,3,140,9,9,6,1.44444444444444,3.13227513227513,0.539262618627698,0.240362811791383,-0.198611111111112,0.213888888888889,0.754100529100529,0.0115319244981943,-0.0349773242630385,0.0294097222222223,3,0.807406193873172,9,-0.784698666702058
3664,16736,170,NA,NA,NA,NA,NA,NA,NA,NA,NA,NA,NA,NA,NA,NA,NA,NA,2,133,11,11,6,0.0404040404040407,4.2020202020202,0.000816243240485675,-0.0202020202020208,0.0111111111111115,0.0106197106197107,0.772577122577123,5.63891268231979e-05,0.00530985530985534,-0.00292042042042044,2,-1.41266555227249,11,-0.580911054859751
3664,16737,170,NA,NA,NA,NA,NA,NA,NA,NA,NA,NA,NA,NA,NA,NA,NA,NA,2,139,9,9,5,0.166666666666667,3.58333333333333,0.0138888888888889,0.166666666666666,-0.0458333333333332,0.0353302611367128,0.818740399385561,0.000624113675994159,-0.0353302611367129,0.00971582181259604,2,-1.04977008734829,9,-0.37480004059203
3664,16746,170,0.998442770921288,0.0355326622116641,-0.892569603966722,0.297800671121671,-0.95673048646779,0.187959670821017,NA,NA,0.722744867040128,0.485760341942687,NA,NA,0.866025403784439,0.333333333333333,-0.998442770921288,0.0355326622116627,3,115,17,17,6,0.3125,4.81740196078431,0.026496720011534,-0.0173755186721991,0.0323529411764705,0.00511586452762924,0.75229055258467,1.30860349325276e-05,-0.00511586452762936,0.00140686274509807,2,-0.75445957714115,17,1.06906101655936
3664,16748,170,0.997948715788673,0.0407832945368347,-0.896258159530272,0.292550038796499,0.913772455067976,0.266311149785416,NA,NA,-0.999150742946594,0.0262388890110839,NA,NA,0.866025403784439,0.333333333333333,-0.997948715788674,0.0407832945368326,3,123,15,15,5,0.133333333333334,4.06825396825397,0.00445200302343162,0.00780640124902432,-0.0183333333333338,0.00187046995557627,0.797287818564414,1.74932892735675e-06,-0.00187046995557655,0.000514379237783551,2,-0.734892785343877,15,9.99993126299649
3664,16749,170,0.99484975116711,0.0646391738271499,-0.912245460839306,0.268694159506182,1,0,NA,NA,-0.912245460839306,0.268694159506183,NA,NA,0.866025403784439,0.333333333333333,-0.99484975116711,0.0646391738271506,3,129,10,10,4,0.5,3.31481481481481,0.0751028806584362,0.0555555555555556,-0.0687500000000002,0.00284552845528452,0.774322493224932,4.04851609491695e-06,-0.00284552845528459,0.000782520325203264,2,-0.854334227360962,10,9.99992230902237
3664,16764,170,0.93448422155065,0.0655157784493503,-0.967877631112264,0.0321223688877362,-0.980803656114929,0.019196343885071,0.929135250912544,0.0708647490874559,0.957591697572683,0.0424083024273174,-0.925804501987903,0.0741954980120971,0.949669273311872,0.0503307266881277,-0.969105379373477,0.0308946206265233,4,53,371,371,18,2.44754768392371,12.2682139232967,1.32364249344084,-0.00650258754881352,0.23467889874547,0.194934292077724,0.721310999275067,0.00814051344321071,0.000483085072362119,-0.0177931772987453,4,-1.40402208111525,371,0.258624058104754
3664,16765,170,0.910456752969229,0.0895432470307713,-0.9799195814384,0.0200804185616001,-0.947093949039976,0.0529060509600243,0.941421672020899,0.0585783279791006,0.927027081643771,0.0729729183562293,-0.913684046573646,0.0863159534263543,0.948134582580036,0.0518654174199638,-0.976797438885744,0.0232025611142561,4,69,72,72,10,1.51388888888889,7.51765681003584,0.484293646744646,-0.0202542681721163,0.137421639784947,0.566626380947954,0.654302064569749,0.0709715320363034,0.00770717801227043,-0.0518497242594305,4,0.399243829001249,72,1.04100197638567
3664,16766,170,0.992941088226956,0.0756867399862469,-0.919216496994593,0.257646593347087,-0.993502792215644,0.0726095794184182,NA,NA,0.86843207390899,0.330256172765504,NA,NA,0.882401805789614,0.311850410192808,-0.996377510645851,0.054203816845722,3,78,32,32,8,2.40625,6.40029761904762,1.91933062287415,-0.0816262979400435,0.330859375000001,0.00478395834724732,0.732252603297046,1.14431287340986e-05,-0.00119598958681186,0.00131558854549305,2,0.231465684404077,32,2.18412820035743
3664,16767,170,NA,NA,NA,NA,NA,NA,NA,NA,NA,NA,NA,NA,NA,NA,NA,NA,2,120,17,17,6,0.0420168067226889,4.55042016806723,0.000882706023585899,-0.0140056022408964,0.0115546218487396,0.00555268261150621,0.806893988364577,1.54161420920617e-05,-0.00185089420383539,0.00152698771816419,2,0.0752194120871493,17,4.37642936349481
3664,16771,170,NA,NA,NA,NA,NA,NA,NA,NA,NA,NA,NA,NA,NA,NA,NA,NA,2,121,13,13,5,0.0769230769230771,3.96153846153846,0.00295857988165682,-0.0384615384615391,0.0211538461538465,0.00706436420722134,0.73116169544741,2.4952620826135e-05,-0.00353218210361065,0.00194270015698586,2,0.0150437480455539,13,9.999930098914
3664,16783,170,0.997948715788673,0.0407832945368338,-0.896258159530272,0.292550038796499,-0.997347309398127,0.0463803979872735,NA,NA,0.86159603498795,0.338930436783773,NA,NA,0.895124825025504,0.294172581313429,-0.999996752107137,0.00162254251692651,3,117,15,15,7,2.35714285714286,5.43650793650794,1.83352229780801,-0.172911787665886,0.320833333333334,0.00800331743727967,0.790524569769853,3.20265450009324e-05,-0.00800331743727974,0.00220091229525192,2,-0.584815866070753,15,-1.06705503707992
3664,16790,170,NA,NA,NA,NA,NA,NA,NA,NA,NA,NA,NA,NA,NA,NA,NA,NA,2,130,8,8,5,0.0714285714285716,3.46428571428571,0.00255102040816328,0.0714285714285712,-0.0196428571428571,0.0279761904761904,0.719345238095238,0.000391333616780043,-0.0279761904761906,0.00769345238095241,2,0.102851895445316,8,-0.380754042579203
3664,16797,170,0.973919441437738,0.0260805585622621,-0.958966748579106,0.0410332514208942,-0.953612854537132,0.0463871454628679,0.969954197070323,0.0300458029296768,0.841942809154617,0.158057190845383,-0.862471031336525,0.137528968663475,0.867863147036599,0.132136852963401,-0.972434749323044,0.0275652506769558,4,74,40,40,9,1.2,6.67487745098039,0.307622609092657,-0.0316839056196641,0.0994718137254905,0.446327457264957,0.602429690806849,0.0441222251206898,0.0122049897303453,-0.0385906007156208,4,0.669952440761416,40,0.262734983874209
3664,16798,170,0.928571428571429,0.242075436647353,-0.989743318610787,0.0912578966859809,-0.990536064687909,0.087654478336087,NA,NA,0.960768922830523,0.178912375022067,NA,NA,0.906501643529231,0.277485614254181,-0.957518557274269,0.186227717568201,3,128,9,9,6,2.22222222222222,4.7037037037037,1.33744855967078,-0.28344671201814,0.305555555555556,0.300396825396825,0.510515873015873,0.0451191263542454,0.100132275132275,-0.0826091269841271,2,0.537151729811673,9,-1.41505508095761
3664,16806,170,0.967701490026888,0.0322985099731121,-0.907384319625341,0.0926156803746585,-0.855480775913288,0.144519224086712,0.960385449503861,0.0396145504961392,0.569533935816908,0.430466064183092,-0.756712622947617,0.243287377052383,0.842631666610316,0.157368333389683,-0.990715872572865,0.00928412742713502,4,96,31,31,8,1.06521739130435,5.83882238028451,0.211823806686605,-0.0300799220698425,0.0558361300340615,0.434729195598761,0.698950735539095,0.0457093966221175,0.0156865480339757,-0.0344621240906305,4,0.0967939656958824,31,0.493889131503143
3664,16807,170,NA,NA,-0.981980506061966,0.121037718323677,0.976249704135428,0.139025015480257,-0.999909309670122,0.00857390947537738,-0.999600871550273,0.0179872971565798,0.98443656032924,0.112463808848297,NA,NA,NA,NA,3,103,15,15,7,0.366666666666666,4.68632478632479,0.0336379574841113,0.117216117216117,-0.050416666666667,0.0483491632745364,0.666467197810481,0.000603034925177474,-0.0160747212986018,0.00664800995024874,3,0.907729628983412,15,-1.01491377335727
3664,16808,170,NA,NA,-0.981980506061966,0.121037718323677,0.944911182523068,0.212295615009656,-0.985742683574543,0.107629508870065,-0.989743318610787,0.0912578966859794,0.999778213414173,0.0134082094536137,NA,NA,NA,NA,3,130,10,10,6,0.4,4.21666666666667,0.0408333333333334,0.125000000000001,-0.0550000000000006,0.0772222222222223,0.578525132275132,0.00149147940812128,-0.024922052154195,0.0106180555555556,3,0.374023882880066,10,-1.27718851832633
3664,16809,170,NA,NA,-0.981980506061966,0.121037718323677,0.880515725470312,0.314392913558353,-0.948138961369437,0.205925791723376,-0.954230058715088,0.193355195234676,0.991123136628865,0.0848880733996986,NA,NA,NA,NA,3,147,9,9,5,0.277777777777778,3.66402116402116,0.0211850172167632,0.0839002267573697,-0.0381944444444446,0.0678743961352658,0.769231654014263,0.00117245649689314,-0.0212535738933254,0.00933272946859905,3,-0.416597790450531,9,-0.45613647255108
3664,16810,170,0.755928946018454,0.45437105165701,-0.981980506061966,0.121037718323677,0.576556660197056,0.608792009968276,-0.83576610567114,0.370047835335067,-0.720576692122892,0.487754291644599,0.924473451641904,0.249010117011391,NA,NA,NA,NA,3,151,8,8,4,0.166666666666667,3.09722222222222,0.00752314814814814,0.0327380952380953,-0.0171875000000001,0.0552631578947368,0.823684210526316,0.000893351800554016,-0.0163533834586465,0.00759868421052629,3,-0.408929222854871,8,9.99995434071618
3664,16821,170,0.94087507228077,0.0591249277192298,-0.931242779705753,0.0687572202942471,-0.817749868757081,0.182250131242919,0.935308005560128,0.0646919944398723,0.608389151831774,0.391610848168226,-0.761946261467815,0.238053738532185,0.897031272140845,0.102968727859155,-0.996392096422963,0.00360790357703722,4,109,16,16,6,1.13636363636364,4.78882575757576,0.24277218204775,-0.0631830601092896,0.0638541666666667,0.259910581222057,0.652209300262579,0.0165959255472067,0.018894530400174,-0.0209090066354411,4,-0.320828747445934,16,1.18013287722151
3664,16822,170,0.917985092043157,0.0820149079568431,-0.948090926279954,0.051909073720046,-0.784816054690763,0.215183945309237,0.977873305179636,0.022126694820364,0.634136473219026,0.365863526780974,-0.868567001763006,0.131432998236994,0.917873423322946,0.0821265766770536,-0.996335869471042,0.00366413052895796,4,124,14,14,5,0.611111111111111,4.11645299145299,0.0713392139674191,-0.0384855469125132,0.0360790598290599,0.229933110367893,0.768714829856134,0.0118800488517339,0.0195684905931608,-0.0201660462122419,4,-0.894736842105264,14,9.99995155152433
3664,16836,170,0.972099050317565,0.0279009496824352,-0.964346239293439,0.0356537607065613,-0.987436794016736,0.0125632059832644,0.918498785364314,0.0815012146356864,0.955579236277535,0.0444207637224647,-0.917631704380354,0.0823682956196458,0.878152444908739,0.121847555091261,-0.862881497798373,0.137118502201627,4,61,299,299,17,3.054802259887,12.3431884931165,2.15569247573246,-0.0102747370046923,0.298860436464473,0.425248662674524,0.596013324560302,0.0395177056081605,0.00129402436181914,-0.0388572972782773,4,-1.80971934849117,299,0.184806538707248
3664,16837,170,0.951929760681491,0.0480702393185088,-0.965672518609643,0.0343274813903572,-0.982580339490966,0.0174196605090344,0.888092272614862,0.111907727385138,0.952498216395162,0.0475017836048379,-0.885239896134018,0.114760103865982,0.874793755355076,0.125206244644924,-0.874585700915309,0.125414299084691,4,78,263,263,16,2.58751608751609,11.5825049416151,1.50463465846157,-0.00983149952469737,0.248878866876749,0.422609125086375,0.663391907582086,0.0396568940554365,0.00144262549016767,-0.0375516172879162,4,-1.99451314028159,263,0.334805203657835
3664,16838,170,NA,NA,NA,NA,NA,NA,NA,NA,NA,NA,NA,NA,NA,NA,NA,NA,2,102,15,15,6,0.121212121212121,4.60606060606061,0.00734618916437097,0.0303030303030303,-0.0333333333333333,0.0329640947288007,0.711860198624904,0.000543315770644673,-0.00824102368220017,0.0090651260504202,2,-0.0585834709043005,15,0.0346979545726466
3664,16839,170,NA,NA,NA,NA,NA,NA,NA,NA,NA,NA,NA,NA,NA,NA,NA,NA,2,118,13,13,5,0.0341880341880341,4.09401709401709,0.000584410840821093,-0.00854700854700873,0.00940170940170961,0.0107659434582512,0.791625575279421,5.79527692731311e-05,-0.00269148586456281,0.0029606344510191,2,-0.522232967867094,13,9.99993725328969
3664,16852,170,0.915181980132946,0.0848180198670536,-0.964694528530805,0.0353054714691955,-0.973237331483786,0.0267626685162136,0.874755991135646,0.125244008864354,0.941019725462573,0.0589802745374275,-0.866285747438381,0.133714252561619,0.905189070898235,0.0948109291017647,-0.921823533586353,0.0781764664136467,4,91,248,248,15,2.28551912568306,10.7203723553314,1.17305947446382,-0.00914831403190531,0.217103618467144,0.463956116777126,0.759696899207531,0.0488030479621072,0.00167715301749636,-0.0407655176497542,4,-2.16271472831203,248,0.482960637056402
3664,16853,170,0.914640034048718,0.0853599659512816,-0.968425254692166,0.0315747453078343,-0.998647544827106,0.00135245517289384,0.964108170383089,0.0358918296169111,0.955153878069126,0.0448461219308742,-0.931450920788263,0.0685490792117374,0.910900240125953,0.0890997598740468,-0.93566117782638,0.0643388221736203,4,93,166,166,14,2.00715746421268,10.0322975290369,0.984563847444864,-0.0132028447896347,0.201884791986761,0.415804751183074,0.714837171565514,0.0383422189359225,0.00251534593258743,-0.0388514217948661,4,-1.81619725549163,166,0.583353109242834
3664,16854,170,0.994535478220205,0.0665838905132472,-0.913492564200791,0.266749442820086,0.7469883513026,0.46299812550628,0.987779449983064,0.0996285404381549,-0.952860894189946,0.196248682686194,-0.838917455271921,0.366377983258241,0.866025403784439,0.333333333333333,-0.994535478220205,0.0665838905132471,3,98,37,37,9,0.135135135135135,6.05514605514606,0.00502825809951117,0.0027649646178257,-0.0185810810810815,0.235611321548822,0.694166625590237,0.0174892566826838,0.00681887344935143,-0.0305096763430098,3,0.388213806509281,37,0.601074556202348
3664,16855,170,NA,NA,-0.866025403784438,0.333333333333334,NA,NA,NA,NA,0.866025403784438,0.333333333333333,0.866025403784439,0.333333333333333,0.866025403784439,0.333333333333333,-1,0,3,123,12,12,6,0.416666666666667,4.72222222222222,0.0578703703703705,-0.0416666666666666,0.0572916666666666,0.0119277885235332,0.821835375026864,4.74240463540431e-05,-0.0011927788523533,0.00164007092198577,3,-0.814737304288935,12,-0.825815994206591
3664,16856,170,0.998221166691196,0.0379775676879128,-0.866025403784439,0.333333333333333,NA,NA,NA,NA,0.866025403784439,0.333333333333333,0.866025403784439,0.333333333333333,0.866025403784439,0.333333333333333,-1,NA,3,124,11,11,5,0.0909090909090908,3.93939393939394,0.00275482093663911,-0.01010101010101,0.0124999999999999,0.0494071146245059,0.814888010540184,0.000813687658506354,-0.00548967940272285,0.00679347826086952,3,-0.49244581783821,11,1.64164231517265
3664,16857,170,NA,NA,-0.866025403784438,0.333333333333333,NA,NA,NA,NA,-0.866025403784438,0.333333333333333,0.866025403784439,0.333333333333333,0.866025403784439,0.333333333333333,-1,0,3,131,9,9,4,0.333333333333333,3.22222222222222,0.0370370370370371,0.0476190476190477,-0.0458333333333336,0.176638176638177,0.882241215574549,0.0104003484820199,-0.0252340252340252,0.0242877492877493,3,0.0965882464978984,9,9.99992726797426
3664,16866,170,NA,NA,NA,NA,NA,NA,NA,NA,NA,NA,NA,NA,NA,NA,NA,NA,2,112,25,25,8,0.114285714285715,5.34285714285714,0.00653061224489801,0.0285714285714286,-0.0314285714285715,0.0110098522167488,0.722573891625616,6.06084229173239e-05,-0.00275246305418722,0.00302770935960595,2,0.462351464749693,25,1.19844353172998
3664,16870,170,NA,NA,NA,NA,NA,NA,NA,NA,NA,NA,NA,NA,NA,NA,NA,NA,2,117,21,21,7,0.142857142857142,4.73809523809524,0.010204081632653,0.0476190476190471,-0.0392857142857139,0.0256346563782746,0.688378873562003,0.000328567803816106,-0.00854488545942485,0.00704953050402551,2,0.402405544670237,21,6.41819278423168
3664,16871,170,NA,NA,NA,NA,NA,NA,NA,NA,NA,NA,NA,NA,NA,NA,NA,NA,2,143,8,8,5,0,3.375,0,NA,3.45420340910431e-16,0,0.805555555555556,0,NA,4.31775426138039e-17,2,-0.76740270826447,8,0.299045240982753
3664,16878,170,NA,NA,NA,NA,NA,NA,NA,NA,NA,NA,NA,NA,NA,NA,NA,NA,2,145,13,13,6,0.176923076923077,3.98846153846154,0.0156508875739645,0.0589743589743587,-0.048653846153846,0.0270769230769231,0.730461538461538,0.000366579881656806,-0.0090256410256411,0.00744615384615392,2,-0.221553380307252,13,3.8042222230667
3664,16882,170,NA,NA,NA,NA,NA,NA,NA,NA,NA,NA,NA,NA,NA,NA,NA,NA,2,153,9,9,5,0.26984126984127,3.42063492063492,0.0364071554547745,0.134920634920635,-0.0742063492063491,0.061391223155929,0.787231559290383,0.00188444114029054,-0.0306956115779646,0.0168825863678805,2,-0.88570790742844,9,1.68758627975513
3664,16890,170,0.929110851332474,0.070889148667526,-0.968866298299247,0.0311337017007528,-0.997350138560364,0.00264986143963553,0.970638236548533,0.0293617634514671,0.96759044682943,0.0324095531705701,-0.92004918933777,0.0799508106622301,0.904107477656905,0.0958925223430953,-0.953377855245,0.0466221447549997,4,96,129,129,13,1.41269841269841,9.37055841667911,0.455488369219963,-0.0119989619737594,0.139103653530378,0.36046332046332,0.701486434739808,0.0285116854807103,0.00292163675939256,-0.0330925940504652,4,-2.13014354319728,129,0.580762206620184
3664,16891,170,0.923339351674069,0.0766606483259311,-0.966313027164154,0.0336869728358462,-0.994076174760709,0.00592382523929124,0.961040784548599,0.0389592154514014,0.974587545742733,0.0254124542572671,-0.892985485892126,0.107014514107874,0.894078358558742,0.105921641441258,-0.961300557252785,0.0386994427472153,4,102,114,114,12,0.932432432432432,8.62099171363877,0.168198776955079,-0.00842977476657028,0.0851413619501859,0.343643108348991,0.738428926826097,0.0258669656224749,0.00319594613216618,-0.0305932391845751,4,-2.15449007540954,114,0.611697979811726
3664,16892,170,0.981980506061966,0.121037718323677,-0.944911182523068,0.212295615009657,0.981092376770307,0.123993884182957,-0.963818203125869,0.171774393191033,-0.863694308109993,0.336289499192614,0.823470210862972,0.38407000820069,0.921886388492363,0.253295156474835,-0.997926912440171,0.040999541465179,3,115,44,44,10,1.41666666666667,5.94191919191919,0.665423171104989,0.0378111471861472,-0.193750000000001,0.0895526695526696,0.827778255727516,0.0024583396704735,-0.00225775629618879,0.0112279774489077,3,-2.18617846325596,44,0.792420892572812
3664,16893,170,0.944911182523068,0.212295615009657,-0.981980506061966,0.121037718323677,0.965275163850818,0.168259670926882,-0.987313034819777,0.101515935953604,-0.898512571288978,0.289297389250558,0.939514433570205,0.222553654277281,0.866025403784439,0.333333333333333,-0.944911182523068,0.212295615009657,3,122,8,8,5,1.625,3.04166666666667,0.817708333333333,0.285714285714286,-0.223437500000001,0.366071428571429,0.778439153439153,0.037954630154531,-0.0629606009070295,0.0503348214285715,3,0.671946775492189,8,-1.24358223001446
3664,16900,170,0.986241382612456,0.105725979981739,-0.936765906922573,0.227607353351594,-0.98191645625016,0.121253291686081,0.98972645877934,0.0913329991090419,0.853573911203588,0.348860645037675,-0.87710734015339,0.318940352460636,0.913162946695118,0.267264737756347,-0.99806037645293,0.0396573844047533,3,123,36,36,9,0.2,5.86851851851852,0.0129732510288066,-0.00616284300494827,0.0267361111111112,0.336980749746707,0.732397023372812,0.036901557960564,0.0104765836935586,-0.0463348530901724,3,-2.74821279290575,36,1.97365885201926
3664,16901,170,NA,NA,NA,NA,NA,NA,NA,NA,NA,NA,NA,NA,NA,NA,NA,NA,2,125,14,14,5,0.0428571428571436,4.12142857142857,0.000918367346938807,0.010714285714286,-0.0117857142857146,0.0108804775471442,0.740238773572107,5.91923958269541e-05,-0.00272011938678606,0.00299213132546467,2,-1.42222222222222,14,9.99992086644359
3664,16914,170,0.995870594885822,0.0578746566983899,-0.907841299003204,0.275458676634943,0.968913057133613,0.159153308013537,0.996738465858655,0.0514309083629201,-0.983358172546072,0.116305368621407,-0.871041863200592,0.326889584997863,0.885022355291465,0.308285861397907,-0.9986708291586,0.0328271847629647,3,129,22,22,8,0.227272727272728,5.12575757575758,0.0133539944903582,0.0101648351648353,-0.0312500000000005,0.21845634040756,0.730157248257377,0.0157250219541861,0.0113471497021836,-0.0300377468060396,3,-1.9611289717437,22,0.370986386230326
3664,16915,170,NA,NA,NA,NA,NA,NA,NA,NA,NA,NA,NA,NA,NA,NA,NA,NA,2,151,8,8,4,0,3.25,0,NA,1.72710170455216e-16,0,0.866541353383459,0,NA,8.63550852276078e-17,2,-1.46860639169514,8,6.43190161793014
3664,16922,170,0.987829161147262,0.0994252840514123,-0.933256525257383,0.233908049281921,0.993288983953522,0.0737959348158359,0.993020870736704,0.0752573027161589,-0.88544750189817,0.307703984097757,-0.884378355373358,0.30916535199808,0.887067024336336,0.30547807490146,-0.993687307335412,0.0715700256195383,3,135,14,14,7,0.785714285714286,4.51190476190476,0.196853741496599,0.0685483870967742,-0.108035714285715,0.118053375196232,0.762727748442034,0.00445472208749748,0.0103090457929168,-0.016232339089482,3,-1.74329501915709,14,-0.855748757227407
3664,16923,170,0.985329278164293,0.109182553509247,-0.938652204581148,0.224150779824086,0.9833607950599,0.116296178657738,0.999419049785796,0.0217012927897515,-0.860384426721353,0.340446958481823,-0.926353297190512,0.245852072613837,0.888787763257256,0.303096546257813,-0.992320890993522,0.078945766433728,3,136,13,13,6,1.09090909090909,3.72261072261072,0.391673594470797,0.105030891438659,-0.148076923076924,0.0878582202111613,0.76012386306504,0.00224880349707944,0.00808845162071891,-0.0120805052790348,3,-1.70596102836584,13,9.99993217310262
3664,16935,170,0.983036234880237,0.0169637651197634,-0.893197737235264,0.106802262764736,-0.929697686509705,0.0703023134902954,0.973085982008633,0.0269140179913667,0.90916218332246,0.0908378166775399,-0.79884068675282,0.20115931324718,0.853898876005925,0.146101123994075,-0.995526184859754,0.00447381514024649,4,106,70,70,11,0.390547263681592,7.94224731955197,0.0266365697329513,-0.00530199052294458,0.0316074041556923,0.240982587064677,0.711984750187258,0.0137177852220732,0.00398245855496509,-0.0199301466719007,4,-0.884981311739882,70,0.380080660633607
3664,16936,170,0.866025403784439,0.333333333333333,-1,9.48637384723993e-09,-0.580651326789795,0.605595927281617,-0.950852701280116,0.200419463179802,0.580651326789795,0.605595927281617,0.950852701280116,0.200419463179802,0.866025403784439,0.333333333333333,-0.866025403784439,0.333333333333333,3,145,9,9,4,0.114285714285714,3.33968253968254,0.00329554043839758,-0.0166666666666663,0.00916666666666648,0.0515555555555556,0.855068783068783,0.000734961283278744,-0.0128888888888888,0.00708888888888884,3,-0.813357590879608,9,9.99992726797426
3664,16944,170,0.971405734504271,0.0285942654957294,-0.876990705148381,0.123009294851619,0.974371201666172,0.0256287983338281,0.970004083817593,0.0299959161824073,-0.806940507633964,0.193059492366036,-0.771232014629423,0.228767985370577,0.835325683365609,0.164674316634391,-0.992966220223302,0.00703377977669783,4,113,61,61,10,0.189265536723163,7.27888809832372,0.00651093750299014,0.00316031311877818,-0.0138698447386476,0.204118993135011,0.754795003393494,0.0103304818903959,0.00396294243702222,-0.0166975848351393,4,-0.912197619584233,61,0.455359934469051
3664,16945,170,0.961500350745087,0.0384996492549134,-0.888924963192951,0.111075036807049,0.919947751042354,0.0800522489576454,0.982462399879892,0.0175376001201077,-0.682996469906885,0.317003530093115,-0.819025502210142,0.180974497789858,0.840637845308709,0.159362154691291,-0.989444607218532,0.0105553927814677,4,119,54,54,9,0.705128205128204,6.6527149321267,0.106932965397165,0.0139958081134552,-0.0475754147812971,0.169727619554609,0.796086011764395,0.00676692837656499,0.00376002506883342,-0.0143516400574678,4,-0.653724509098656,54,0.789253797444353
3664,16946,170,NA,NA,-0.777713771047819,0.432758617384745,0.628618557093712,0.567241382615255,-0.521331580676087,0.650870958328369,3.5247502033544e-17,1,-0.130987533495693,0.916370424286885,0.866025403784439,0.333333333333333,-0.987829161147262,0.0994252840514122,3,125,11,11,6,0.163636363636363,4.25454545454545,0.00892561983471069,0.018475073313783,-1.78107363281941e-16,0.0261279461279461,0.653759820426487,0.00019987227304848,-0.00229282067991744,-0.00050925925925928,3,-0.162063233456737,11,-1.17892072113246
3664,16947,170,0.987829161147262,0.0994252840514129,-0.777713771047819,0.432758617384745,-0.88681568370846,0.305824501948611,0.955305084522965,0.191053572966625,0.980188050780009,0.126934115436134,-0.928787212636404,0.241705044418121,0.866025403784439,0.333333333333333,-0.987829161147262,0.0994252840514124,3,137,10,10,5,0.444444444444445,3.75185185185185,0.0513991769547325,-0.0625448028673835,0.0611111111111113,0.19949494949495,0.713636363636364,0.0115337720640751,0.0319159335288368,-0.0274305555555556,3,-0.465546296143002,10,3.60306806703713
3664,16956,170,0.988304426686162,0.0116955733138377,-0.867721831274624,0.132278168725376,0.988168646605505,0.0118313533944949,0.975721082595154,0.0242789174048461,-0.787964163428942,0.212035836571058,-0.765849311145325,0.234150688854674,0.829460429057389,0.170539570942611,-0.995897339652338,0.00410266034766217,4,121,43,43,8,1.02845528455285,5.90644428503109,0.244254329147646,0.0293082799834424,-0.0829537302725969,0.109389210229546,0.781507747223058,0.00290518156032672,0.00315609781895579,-0.00879302452688394,4,-0.358926144320067,43,1.76474034763537
3664,16957,170,0.994134846772434,0.00586515322756576,-0.829288428862728,0.170711571137272,0.951288042347302,0.0487119576526982,0.999900688789139,9.93112108607086e-05,-0.646844618280931,0.353155381719069,-0.822712873753292,0.177287126246708,0.774596669241483,0.225403330758517,-0.994134846772434,0.00586515322756574,4,145,13,13,6,0.5,4.07692307692308,0.0495562130177515,0.0485829959514171,-0.0306730769230771,0.136923076923077,0.799370629370629,0.00442790682510962,0.015264384738069,-0.0116615384615385,4,-0.79578357008319,13,2.05043553930916
3664,16969,170,0.993216876069433,0.00678312393056735,-0.87959320741256,0.12040679258744,0.984024675175289,0.0159753248247114,0.97103704694745,0.0289629530525501,-0.782222030949044,0.217777969050956,-0.771400186082452,0.228599813917548,0.840637845308709,0.159362154691291,-0.995210616911057,0.00478938308894248,4,124,30,30,7,0.678571428571429,5.46915584415584,0.0992754539832462,0.0251480975165186,-0.0525000000000002,0.359025032938076,0.658740615262354,0.031792100941262,0.0140434437726581,-0.0292986542443065,4,-0.0849132376232107,30,1.56755066346481
3664,16970,170,0.965581028730576,0.0344189712694241,-0.890399819925558,0.109600180074442,0.949815483521761,0.0501845164782395,0.974789703464292,0.0252102965357082,-0.725233858990698,0.274766141009301,-0.798293470585319,0.201706529414681,0.84975515130217,0.15024484869783,-0.994130939113464,0.00586906088653581,4,134,27,27,6,1.05263157894737,4.76315789473684,0.260531117266851,0.0445829160639442,-0.0788526315789475,0.382685185185185,0.781391325536062,0.0352472568403447,0.0168295700099046,-0.031925194931774,4,-0.363474701489824,27,9.99995159923945
3664,16971,170,NA,NA,-0.993399267798783,0.0731863950403275,0.992574195521614,0.0776311449210485,0.38958669932699,0.745235721399107,-0.97206933077845,0.150817539961377,-0.281370366926404,0.818422116439434,0.866025403784439,0.333333333333333,-0.917662935482247,0.260146938293006,3,136,13,13,5,0.0480769230769229,3.90238927738928,0.000611531533734328,0.00975340449024679,-0.00661057692307709,0.0100458365164248,0.792133356839239,2.67194611172434e-05,0.000800205985964547,-0.000399967679379481,3,0.614561448373983,13,9.99994103674491
3664,16972,170,NA,NA,-0.981980506061966,0.121037718323677,-0.992064532916446,0.080254423786841,0.501349525752352,0.665674176209859,0.997948715788673,0.0407832945368347,-0.655831368170678,0.544636457886182,NA,NA,NA,NA,3,139,8,8,4,0.15,3.32777777777778,0.00564814814814814,-0.0488095238095233,0.0206249999999998,0.0548387096774193,0.672427035330261,0.000780136195997649,0.00916721527320614,-0.00503744239631341,3,1.12587875839411,8,9.99991873048828
3664,16983,170,0.987339603844316,0.0126603961556837,-0.801547176469478,0.198452823530522,0.962064098826623,0.0379359011733773,0.975953932423533,0.0240460675764673,-0.683112530191656,0.316887469808344,-0.877541490801388,0.122458509198612,0.909128537150049,0.0908714628499512,-0.977731686419004,0.0222683135809957,4,137,14,14,5,1.18181818181818,3.83116883116883,0.313150053409794,0.101291039344137,-0.0814285714285716,0.290174471992654,0.742618997164452,0.017902815600765,0.0245686199024896,-0.0250113220113221,4,-0.336363636363637,14,9.99995023724852
3664,16984,170,0.944911182523068,0.212295615009657,-0.654653670707977,0.54562894834299,-0.785714285714285,0.424591230019313,0.855248043207851,0.346809462912187,0.981980506061966,0.121037718323677,-0.951627905842481,0.198819485430803,0.866025403784439,0.333333333333333,-0.944911182523068,0.212295615009656,3,139,9,9,4,0.25,3.36111111111111,0.0162037037037037,-0.0654761904761904,0.0343749999999999,0.13010752688172,0.737395459976105,0.00467315853256425,0.0382744495647722,-0.0178897849462366,3,-0.543405334509236,9,9.99994187785417
3664,17004,170,NA,NA,NA,NA,NA,NA,NA,NA,NA,NA,NA,NA,NA,NA,NA,NA,2,106,15,15,6,0.128571428571429,4.13571428571429,0.00826530612244904,0.128571428571428,-0.0353571428571427,0.0180860805860805,0.747138278388278,0.000163553155483099,-0.0180860805860806,0.00497367216117215,2,-0.198558910718308,15,9.99993562297264
3664,17009,170,NA,NA,NA,NA,NA,NA,NA,NA,NA,NA,NA,NA,NA,NA,NA,NA,2,126,10,10,5,0.155555555555555,3.52222222222222,0.0120987654320987,0.155555555555554,-0.0427777777777776,0.029040404040404,0.726641414141414,0.000421672533414956,-0.0290404040404043,0.00798611111111119,2,-0.218271363218303,10,9.3816297976328
3664,17018,170,0.997176464952738,0.0478513232833497,-0.901127113779166,0.285482010049984,0.44495131526292,0.706441955855947,0.914689021018789,0.264871083873989,-0.789229924551131,0.420959945805963,-0.649026197929212,0.550353093923973,0.866025403784439,0.333333333333333,-0.997176464952738,0.0478513232833498,3,98,82,82,12,0.0973034437946723,8.26092236764751,0.00275779842627303,0.000701873034019219,-0.011397707231041,0.0185206070732387,0.792721685472254,8.86806871813365e-05,0.000258733577616496,-0.0016807744831472,3,-0.979254316347275,82,0.221164895939181
3664,17019,170,NA,NA,-0.866025403784439,0.333333333333333,NA,NA,NA,NA,0.866025403784439,0.333333333333333,-0.866025403784438,0.333333333333333,0.866025403784439,0.333333333333333,-1,0,3,143,9,9,4,0.222222222222222,3.51851851851852,0.0164609053497942,-0.0370370370370368,0.0305555555555553,0.110082304526749,0.764746227709191,0.00403937125663997,0.0183470507544582,-0.0151363168724281,3,-0.817122464898278,9,5.85923652876003
3664,17027,170,0.996483897132551,0.0534014735572363,-0.904872620319633,0.279931859776099,-0.649001217789222,0.550373997364845,0.97828478350228,0.132912629523317,0.263409608263972,0.830305857140944,-0.796993939339509,0.412844489299417,0.866025403784439,0.333333333333333,-0.996483897132552,0.0534014735572346,3,101,73,73,11,0.101990049751244,7.79007739082366,0.00278017274966608,-0.0011468459524417,0.00381944444444429,0.0406014567941506,0.772325462417382,0.000485256094512204,0.000722228265300708,-0.0048280661519558,3,-0.991286586140066,73,0.310278486489816
3664,17028,170,0.995870594885822,0.0578746566983899,-0.907841299003204,0.275458676634943,0.990066108014843,0.0898079976729946,0.926684648212692,0.245291419224237,-0.957779546888778,0.185650678961949,-0.683687725263721,0.520750095859181,0.866025403784439,0.333333333333333,-0.995870594885822,0.05787465669839,3,105,69,69,10,0.240196078431373,6.97424525365702,0.0157231919637863,0.00450821354182703,-0.0330269607843142,0.0152409681821447,0.801708794246108,6.1232699976676e-05,0.000263325913838708,-0.00147123545170084,3,-1.18012415663161,69,1.05824707020062
3664,17029,170,0.99700614729811,0.0492741051607677,-0.902093814779984,0.284059228172567,0.999962869085115,0.00548610720138587,-0.970656924846689,0.1546021946407,-0.89834154489629,0.289545335373952,0.979395409649588,0.129457033531867,0.866025403784439,0.333333333333333,-0.99700614729811,0.0492741051607667,3,113,51,51,9,0.94,6.20269503546099,0.273723917307983,0.0269683206754236,-0.129250000000001,0.0415324024346581,0.803327997541097,0.000449570687862019,-0.00106090966843453,0.00571070533476548,3,-2.23355761761356,51,0.997088349423938
3664,17030,170,0.997176464952738,0.0478513232833497,-0.826033187630902,0.381184656616683,0.975574935483921,0.140994099574174,-0.995801862897853,0.0583546518458514,-0.682048292584714,0.522178756190857,0.874156459618134,0.322830004770832,0.866025403784439,0.333333333333333,-0.997176464952738,0.0478513232833498,3,118,21,21,7,0.174603174603175,4.87671957671958,0.00802805072646346,0.0131280582408403,-0.016805555555556,0.0153227620332884,0.732936775699934,7.68131862436245e-05,-0.00131076739950898,0.00210687977957711,3,-1.24046953065647,21,2.30735753917745
3664,17035,170,NA,NA,-0.810884854079383,0.397972507160484,0.999877728812239,0.00995546641409684,-0.852630440537104,0.350011847458693,-0.801634626019437,0.40792797357458,0.997163553221524,0.0479606597017908,0.866025403784439,0.333333333333333,-0.99484975116711,0.0646391738271506,3,132,16,16,6,0.294642857142857,4.32678571428571,0.0257238520408163,0.0325097847358122,-0.0353571428571431,0.0273182957393484,0.795269423558897,0.000187635245695693,-0.00236764857348851,0.00375626566416039,3,-1.46213659769905,16,3.84232199194114
3664,17041,170,NA,NA,-0.866025403784439,0.333333333333333,NA,NA,NA,NA,0.866025403784438,0.333333333333333,NA,NA,0.866025403784439,0.333333333333333,-1,9.48637384723993e-09,3,145,10,10,5,1.2,4.2,0.48,-0.133333333333333,0.165,0,0.820444444444444,0,NA,4.31775426138039e-17,2,-1.32272446110292,10,0.647396297304218
3664,17050,170,0.987829161147262,0.0994252840514123,-0.933256525257383,0.233908049281921,0.993781368461998,0.0710342582968,-0.992807442495239,0.0764007186058294,-0.887455218316031,0.304942307578722,0.969549473238979,0.157507330676093,0.866025403784439,0.333333333333333,-0.987829161147262,0.0994252840514129,3,128,30,30,8,1.63333333333333,5.3948717948718,0.846831032215648,0.0711228287841191,-0.224583333333334,0.02391899288451,0.745026595371423,0.000152154863379798,-0.000952418302251446,0.00328886152162014,3,-2.17146284525012,30,0.147346915472111
3664,17051,170,0.987829161147262,0.0994252840514118,-0.933256525257383,0.233908049281921,1,0,-0.998373737818615,0.0363119252788928,-0.933256525257383,0.233908049281922,0.952216581409108,0.19759612400303,0.866025403784439,0.333333333333333,-0.987829161147262,0.0994252840514122,3,148,10,10,5,0.8,3.48888888888889,0.183703703703704,0.133333333333333,-0.11,0.0681818181818181,0.845959595959596,0.00128175696357514,-0.011119257086999,0.00937499999999999,3,-1.54261758610391,10,-1.22355848743342
3664,17060,170,0.987829161147262,0.0994252840514118,-0.933256525257383,0.233908049281921,0.989564013142682,0.0920534984297712,-0.993704429149867,0.071472798389255,-0.871757000763389,0.325961547711693,0.887137517679517,0.305380847671176,0.866025403784439,0.333333333333333,-0.987829161147262,0.0994252840514117,3,142,20,20,7,1.55,5.02647058823529,0.790337370242214,0.0912239089184061,-0.213125000000001,0.100563909774436,0.827473094500958,0.00321249466871644,-0.00584032424514797,0.013827537593985,3,-2.07153549507458,20,-0.1231315584576
3664,17061,170,0.99995102400637,0.00630069593032134,-0.936765906922573,0.227607353351594,0.984350635736416,0.112774645850657,-0.987405701581372,0.101143730920475,-0.860436425356944,0.340381999202251,0.869601829265069,0.328751084272069,0.866025403784439,0.333333333333333,-0.986241382612456,0.105725979981739,3,145,19,19,6,1.8125,4.20065789473684,1.08131708795014,0.112807639036863,-0.246052631578948,0.138479532163743,0.908062378167641,0.00633972317408205,-0.00866448848166297,0.0190409356725146,3,-2.14709612884295,19,2.50296260829502
3664,17062,170,0.9998835810466,0.00971429257864553,-0.920863697703815,0.25497025525265,0.995959600915964,0.0572471127716385,NA,NA,-0.882130457437028,0.312217368024288,NA,NA,0.866025403784439,0.333333333333333,-0.99243368701167,0.0783630780806831,3,146,16,16,5,1.1875,3.77678571428571,0.453045280612245,0.0823088657573583,-0.16328125,0.00442994505494509,0.859506639194139,9.81220659491625e-06,-0.00221497252747252,0.00121823489010989,2,-2.49716614067092,16,9.99992774931261
3664,17067,170,NA,NA,NA,NA,NA,NA,NA,NA,NA,NA,NA,NA,NA,NA,NA,NA,2,149,11,11,4,0.0101010101010099,3.55050505050505,5.10152025303525e-05,-0.00505050505050551,0.00277777777777804,0.00615680615680614,0.854930254930255,1.8953131026243e-05,0.00307840307840298,-0.00169312169312164,2,-1.681846436335,11,9.9999238394298
3664,17079,170,0.99243368701167,0.0783630780806825,-0.920863697703815,0.25497025525265,-0.987612979006565,0.100306223675501,0.990499250783314,0.0878250674756136,0.848280316718584,0.355276478928151,-0.858498595577953,0.342795322728264,0.866025403784439,0.333333333333333,-0.99243368701167,0.0783630780806831,3,120,18,18,7,2.3125,5.48842592592593,1.71567965534979,-0.158832356225572,0.305555555555556,0.656,0.53361220043573,0.14104581064263,0.0456739251814629,-0.0886650326797388,3,1.35925841521134,18,1.18442023441156
3664,17080,170,0.99484975116711,0.0646391738271506,-0.912245460839306,0.268694159506182,-0.984429192109557,0.1124904971105,0.988909986331153,0.0948993725588463,0.826033187630902,0.381184656616683,-0.841289905065612,0.363593532065029,0.866025403784439,0.333333333333333,-0.99484975116711,0.0646391738271506,3,125,12,12,6,1.81818181818182,4.83838383838384,1.01775329048056,-0.201328352013283,0.229166666666667,0.535353535353535,0.458473625140292,0.0907003064691056,0.0603754439370878,-0.0696759259259261,3,1.16183572804126,12,-0.217391563099014
3664,17082,170,0.99124070716193,0.0843232163219436,-0.924473451641905,0.24901011701139,-0.975157827298787,0.142197873020334,0.98144754691414,0.122820121588154,0.817057169102883,0.391207990031723,-0.83422550616683,0.371830238599543,0.866025403784439,0.333333333333333,-0.99124070716193,0.0843232163219436,3,139,10,10,5,1.33333333333333,4.15555555555556,0.539259259259259,-0.189147286821705,0.165,0.541218637992832,0.509916367980884,0.0914892323240109,0.0784112694840377,-0.0693906810035844,3,0.819566116946251,10,0.647396297304218
3664,17099,170,0.987071517561017,0.102479714328059,-0.934969229206139,0.230853619005274,-0.979118539414733,0.130326938179451,NA,NA,0.843332829124739,0.361180557184725,NA,NA,0.92634716029838,0.245862444919038,-0.99972210349611,0.0150088259137648,3,70,36,36,10,2.36666666666667,7.46111111111111,1.77953703703704,-0.0697827465905486,0.309375,0.0209698960043788,0.589469074986316,0.000219868269217231,-0.00349498266739649,0.00576672140120421,2,-0.0481351044346872,36,-0.652400217302416
3664,17104,170,0.981980506061966,0.121037718323677,-0.944911182523068,0.212295615009657,-0.980252885716084,0.126725558528313,NA,NA,0.861523679306973,0.339021173537969,NA,NA,0.918960800803843,0.258059690563054,-0.99741731097877,0.0457640755533975,3,117,31,31,9,1.76,6.83268817204301,1.02204425945196,-0.0624270353302611,0.239516129032259,0.00617163724893488,0.829375126800568,1.90445531662203e-05,0.00102860620815581,-0.00169720024345709,2,-0.79202313511142,31,-0.699059571962492
3664,17108,170,0.986522855290195,0.104636458059502,-0.942292914625126,0.21733047711463,-0.974561958056176,0.14390037232955,NA,NA,0.843290373149336,0.361230849444179,NA,NA,0.877310422956721,0.318671066612359,-0.987356732343762,0.10134058949773,3,119,27,27,8,1.36363636363636,6.11335578002245,0.590737150782044,-0.0542936663777294,0.178240740740741,0.00484700484700484,0.813899608017255,1.17467279934442e-05,0.000969400969400916,-0.00133292633292626,2,-0.622995965618708,27,-0.638052650559855
3664,17109,170,NA,NA,NA,NA,NA,NA,NA,NA,NA,NA,NA,NA,NA,NA,NA,NA,2,120,14,14,6,0.357142857142857,4.17857142857143,0.0637755102040815,0.119047619047619,-0.0982142857142854,0.0022257742257743,0.685068931068931,2.4770354520606e-06,-0.000741924741924843,0.000612087912087996,2,-0.264,14,-0.452845969481242
3664,17110,170,NA,NA,NA,NA,NA,NA,NA,NA,NA,NA,NA,NA,NA,NA,NA,NA,2,150,8,8,5,0.232142857142857,3.25892857142857,0.0269451530612245,0.232142857142858,-0.0638392857142859,0.0190476190476191,0.888095238095238,0.000181405895691611,-0.0190476190476192,0.0052380952380953,2,-1.81118579040765,8,0.299045240986007
3664,17122,170,0.987829161147262,0.0994252840514125,-0.933256525257383,0.233908049281921,-0.99891910854943,0.0296022885895156,NA,NA,0.948944751355202,0.204305760692407,NA,NA,0.884527298585494,0.308962149724456,-0.993058464949808,0.0750541004425341,3,123,13,13,7,0.923076923076923,5.44988344988345,0.236555984807733,-0.0755695916986238,0.126923076923077,0.0242473838218519,0.593168179338392,0.000293967811102102,0.0121236919109259,-0.00666803055100927,2,-0.0326395604916936,13,-1.24567300232917
3664,17123,170,0.985329278164293,0.109182553509248,-0.938652204581148,0.224150779824086,-0.944212550266359,0.213650229415922,NA,NA,0.999863973338145,0.0105005504081679,NA,NA,0.891868395819787,0.298789157813474,-0.993135062037853,0.0746383779893881,3,136,12,12,6,0.583333333333333,4.70555555555556,0.0850925925925925,-0.0470064724919093,0.0802083333333333,0.06301247771836,0.706016042780749,0.00198528617410341,0.03150623885918,-0.017328431372549,2,-0.435942443728602,12,-0.669835626915789
3664,17124,170,0.995870594885822,0.0578746566983916,-0.907841299003204,0.275458676634943,-0.985038055254705,0.110263589520036,NA,NA,0.821994936526787,0.385722266154979,NA,NA,0.866025403784439,0.333333333333333,-0.995870594885822,0.0578746566983908,3,140,11,11,5,0.3,3.80909090909091,0.0275206611570248,-0.0296703296703296,0.0375,0.0119191919191919,0.77040404040404,7.10335680032646e-05,0.0119191919191918,-0.00327777777777774,2,-0.445802106589457,11,9.99993620945769
3664,17134,170,0.887779691106123,0.112220308893877,-0.976243455079552,0.0237565449204478,-0.680242688345466,0.319757311654534,0.692098257479283,0.307901742520717,0.666397023765333,0.333602976234667,-0.675870656175291,0.324129343824709,0.948132508821039,0.0518674911789612,-0.993717374824637,0.00628262517536282,4,56,183,183,16,2.98360655737705,10.9726813423716,1.8729186786877,-0.0111564942033881,0.194267802794494,0.0956236218962707,0.644693891025046,0.00196157096374418,0.000367345030623375,-0.0063763760592688,4,0.144852034921915,183,0.10953664128372
3664,17135,170,0.920213346933657,0.0797866530663427,-0.976244641006484,0.0237553589935156,-0.738885728173051,0.261114271826949,0.961154965025247,0.0388450349747529,0.731281278576098,0.268718721423902,-0.916294665999493,0.0837053340005067,0.863359492131584,0.136640507868416,-0.874728937797424,0.125271062202576,4,79,175,175,15,2.34545454545455,10.2896053558844,1.30715523890262,-0.0105589267099867,0.178096899224807,0.0659301325073137,0.765918459184541,0.000917587052439324,0.000363911655498613,-0.00591244502850725,4,-0.147351659078191,175,0.248458542118048
3664,17136,170,0.891546258421023,0.108453741578977,-0.980791243638369,0.0192087563616311,-0.684389608564536,0.315610391435464,0.714347755488524,0.285652244511476,0.685753411851019,0.314246588148981,-0.684690275978507,0.315309724021493,0.870268239158694,0.129731760841306,-0.884060887414965,0.115939112585035,4,87,156,156,14,1.94,9.66783285416873,0.803141049062967,-0.00867715265481529,0.130909814612868,0.0274188098021246,0.797181366759931,0.000140389775225359,0.000119744436116026,-0.00172810536463699,4,-0.166573150662045,156,0.213066489733855
3664,17137,170,0.878844858380628,0.121155141619372,-0.97910578544733,0.0208942145526704,-0.662753342795027,0.337246657204973,0.429836234534852,0.570163765465147,0.657998973615443,0.342001026384557,-0.376215984270132,0.623784015729868,0.868106282758403,0.131893717241597,-0.882528603297487,0.117471396702513,4,90,152,152,13,1.83673469387755,8.75856826451511,0.704802616664399,-0.00805303591159737,0.117670416073407,0.027614830160252,0.820568189957303,0.000165612400722965,8.00614413433505e-05,-0.00103131655411724,4,-0.414875302969377,152,0.65329337424178
3664,17138,170,0.966823449883082,0.164444291726307,-0.965016431575961,0.168889041607026,0.963538878852781,0.172440237593866,0.123536423131269,0.921152845376896,-0.999984441851419,0.00355119598684781,0.14096637115041,0.909958113016078,0.880948920849908,0.313810623685771,-0.974201193459247,0.144921582078744,3,99,45,45,9,0.418181818181818,6.39023569023569,0.0437203686698636,0.0114366001584047,-0.0575000000000004,0.0149828262504319,0.760454985807098,6.51871279936159e-05,5.6618939843112e-05,0.000312989045383324,3,0.582833698553581,45,0.146008020254863
3664,17139,170,0.962472184227067,0.17496024733154,-0.969215537182019,0.158373086001793,0.999669955323132,0.0163566150421057,-0.402894862299291,0.736008050166597,-0.975220906371359,0.142016470959687,0.615838235150891,0.577634964164804,0.884886418776993,0.308471697812284,-0.972333748262748,0.150098611810492,3,107,34,34,8,0.584967320261438,5.77523602033406,0.0899491806728339,0.0232469295890255,-0.0804330065359479,0.0206322363185109,0.720545370872168,0.000108531166713353,-0.000325446285994832,0.00176431683784624,3,-0.127024622884267,34,0.224774911862547
3664,17140,170,0.977355554850442,0.135737209330303,-0.952216581409108,0.19759612400303,0.992529914228291,0.0778625526319128,-0.943266057117196,0.215472361303674,-0.907841299003204,0.275458676634943,0.999605784728551,0.017876237300646,0.905333425907092,0.279241917514756,-0.991787374103136,0.0816457935117252,3,111,12,12,7,2,4.26666666666667,1.21333333333333,0.23134328358209,-0.275000000000001,0.0950179763739086,0.676425269645609,0.00225888458110129,-0.0094864659752087,0.0130649717514125,3,-0.814137457077165,12,-1.48286242678743
3664,17141,170,0.970725343394151,0.154420958311266,-0.960768922830523,0.178912375022067,0.98215438378676,0.120450573766594,-0.999964525497103,0.00536234267755932,-0.891460376175632,0.299362948788661,0.963070973380205,0.1735500323445,0.908996183574732,0.273700021614669,-0.988936035494054,0.0947876465926014,3,117,11,11,6,2.36363636363636,3.52861952861953,1.75750773730572,0.312742812742813,-0.325000000000001,0.188564894225272,0.695530779493044,0.00958396248753543,-0.0235134362492853,0.0259276729559749,3,-0.976720380208014,11,-1.13100049580021
3664,17143,170,0.970725343394151,0.154420958311266,-0.960768922830523,0.178912375022067,0.972979276916705,0.148329112261225,NA,NA,-0.870770206222587,0.327241487283292,NA,NA,0.902983981526834,0.282743184943096,-0.986729132328592,0.10383080992103,3,141,9,9,5,2.88888888888889,2.91534391534392,2.75165868816662,0.387667887667888,-0.397222222222223,0.0428297755883963,0.807813355227148,0.000917194838476193,-0.0214148877941982,0.011778188286809,2,-1.66603479072389,9,-1.39835429478189
3664,17144,170,NA,NA,NA,NA,NA,NA,NA,NA,NA,NA,NA,NA,NA,NA,NA,NA,2,145,8,8,4,0.0833333333333335,3.29166666666667,0.00347222222222223,-0.0416666666666668,0.0229166666666668,0.0412380952380953,0.862047619047619,0.000850290249433109,-0.0206190476190477,0.0113404761904763,2,-1.60418254836351,8,9.99993770741043
3664,17151,170,0.952216581409108,0.19759612400303,-0.977355554850442,0.135737209330303,-0.60674113509123,0.584952922277612,0.701526041750961,0.505004809676552,0.424798158202649,0.720690131607915,-0.534842315759461,0.640742019006855,0.866025403784439,0.333333333333333,-0.952216581409108,0.19759612400303,3,136,22,22,6,0.284313725490196,5.03149138443256,0.020354801024823,-0.0105754649213822,0.0166666666666663,0.0484284890426758,0.76203876381212,0.000587303029447045,0.00207700487809458,-0.00356442577030813,3,-0.318628417134795,22,2.40662303795068
3664,17155,170,0.924473451641905,0.24901011701139,-0.99124070716193,0.0843232163219436,-0.7878032260403,0.422436768156713,0.861303079944306,0.339297678125781,0.699558603250821,0.506759984478657,-0.786656226621377,0.423620894447725,0.866025403784439,0.333333333333333,-0.924473451641905,0.24901011701139,3,141,18,18,5,0.215384615384615,4.47635327635328,0.0123612633014342,-0.0133571854502085,0.0213888888888886,0.0907161803713528,0.766216489543062,0.0023889619194551,0.00641987224844909,-0.0105735857561416,3,-0.664082260301072,18,9.99992261232071
3664,17161,170,0.928571428571428,0.242075436647354,-0.989743318610787,0.0912578966859809,-0.928571428571428,0.242075436647354,0.860589391323314,0.340190841588764,0.866025403784439,0.333333333333333,-0.779005540083372,0.431448738274743,0.866025403784439,0.333333333333333,-0.928571428571429,0.242075436647353,3,148,12,12,4,0.0833333333333335,3.69444444444444,0.00231481481481482,-0.0110544217687073,0.0114583333333332,0.140151515151515,0.767561983471074,0.00564707461542549,0.0160018552875696,-0.0160984848484849,3,-0.645378517370429,12,9.99992917326336
3664,17172,170,NA,NA,-0.952216581409108,0.19759612400303,0.671931943959679,0.530929457336364,-0.999704132540605,0.0154865411344365,-0.866025403784439,0.333333333333333,0.944505787835492,0.21308266513747,0.866025403784439,0.333333333333333,-0.977355554850442,0.135737209330303,3,130,11,11,6,0.272727272727272,4.09090909090909,0.024793388429752,0.0223880597014926,-0.0375000000000003,0.353636363636364,0.787676767676768,0.0350464952555862,-0.0396019900497512,0.0486250000000001,3,1.28953084076485,11,-0.519414970872984
3664,17174,170,0.981410783532347,0.122942130243731,-0.960768922830523,0.178912375022067,-0.929925566402756,0.239742054169668,NA,NA,0.791448697637244,0.418654429191734,NA,NA,0.866025403784439,0.333333333333333,-0.970725343394151,0.154420958311267,3,133,9,9,5,1.42857142857143,4.11640211640212,0.596203913664231,-0.172466422466422,0.168055555555556,0.0793650793650793,0.565208065208065,0.00314940791131267,-0.0396825396825398,0.0218253968253969,2,1.12686287580881,9,-0.359782019881882
3664,17182,170,0.898252018615971,0.101747981384029,-0.975552326437482,0.024447673562518,-0.602022232189537,0.397977767810463,-0.707306575535624,0.292693424464375,0.574546541770035,0.425453458229965,0.696689747833795,0.303310252166205,0.914127641633388,0.0858723583666121,-0.948043011125102,0.0519569888748981,4,104,107,107,12,1.55263157894737,8.02113550004042,0.46039572525876,-0.00848013920551943,0.0830422629153529,0.159403422561317,0.891178979220151,0.00536697791844508,-0.00107571545997042,0.010872080088867,4,-0.791793866218184,107,0.810388963039648
3664,17183,170,0.941503472150528,0.0584965278494716,-0.954480631001078,0.0455193689989219,-0.318986608093022,0.681013391906978,0.692923324542288,0.512644853845277,0.187598155059084,0.812401844940916,-0.915472191157515,0.263634736833887,0.799345934109815,0.200654065890185,-0.912645861916185,0.0873541380838148,4,113,32,32,8,1.05882352941176,5.53618399528888,0.194488800033524,-0.0101967629291294,0.0176231760779951,0.00852946724813297,0.815101997580121,2.17016876039373e-05,0.000426312766202149,-0.0011728017466183,3,-0.770898554006402,32,1.92283576561571
3664,17184,170,0.997176464952738,0.0478513232833477,-0.901127113779166,0.285482010049984,0.97539010422968,0.141528764612929,-0.921555182325763,0.253838795218752,-0.783357597838257,0.427010774662913,0.66211176475018,0.539320805268737,0.928490544001649,0.242214135738347,-0.997691267083577,0.0432678743116374,3,118,19,19,7,1.45098039215686,4.55773420479303,0.608583593204893,0.114280800039314,-0.168055555555556,0.0852846907993967,0.724161010558069,0.00189311531224336,-0.00602205457081616,0.00792232277526393,3,-0.269967543577735,19,0.247450522928207
3664,17185,170,NA,NA,-0.866025403784438,0.333333333333334,0.99124070716193,0.0843232163219443,-0.994598322043753,0.0661995675022912,-0.792405815693061,0.417656549655277,0.809448044987501,0.399532900835624,0.936312319848055,0.228431065114704,-0.986454450979294,0.104902268218629,3,132,13,13,6,1.75,4.08333333333333,0.895833333333333,0.1625,-0.206250000000001,0.399920255183413,0.748538011695906,0.0479413775970059,-0.037719298245614,0.0487390350877194,3,-0.241030600554043,13,-1.06434487697002
3664,17186,170,NA,NA,-0.866025403784438,0.333333333333334,-0.188982236504614,0.878962281676323,NA,NA,0.654653670707977,0.54562894834299,NA,NA,0.936747320440292,0.227641162345282,-0.986250160433567,0.105692170988052,3,141,12,12,5,0.272727272727272,3.96969696969697,0.0192837465564738,-0.00454545454545455,0.025,0.071473354231975,0.717241379310345,0.00255422018258469,NA,-0.0196551724137931,2,-0.639576650999822,12,9.99995128131004
3664,17202,170,0.989159571394798,0.010840428605202,-0.859072401393257,0.140927598606743,-0.987402502230041,0.0125974977699586,-0.398735396288855,0.73889838035264,0.779457781852146,0.220542218147854,0.398735396288855,0.73889838035264,0.781450416665293,0.218549583334707,-0.99068637615617,0.0093136238438303,4,126,13,13,5,1,4.29195804195804,0.224407876505779,-0.0841234237460653,0.0786538461538464,0.00805255350709888,0.798050434414071,1.64213992740835e-05,-0.00161580843399022,0.000444347319347312,3,-0.568653676121946,13,9.99993217310262
3664,17214,170,0.819488021925742,0.180511978074258,-0.974523282488876,0.0254767175111238,-0.810040323578939,0.189959676421061,0.980948807224274,0.124465249252337,0.808878106753236,0.191121893246764,-0.857396593570515,0.344160918811238,0.916070320599603,0.0839296794003972,-0.928120283615126,0.0718797163848743,4,110,75,75,11,2.765625,8.09012528153153,1.65232885407314,-0.0300000124640412,0.221482615427929,0.121630291005291,0.806171308702701,0.00483726101180938,0.00242275506823284,-0.0163988807790179,3,-0.261498370102523,75,0.535865999438968
3664,17215,170,0.988654046218743,0.0959902463882512,-0.93130474059547,0.237343086945083,0.738863842311214,0.470725310027628,0.926159994485678,0.246178584974104,-0.933552902577116,0.233382223082546,-0.725170695381352,0.483521671919186,0.866025403784439,0.333333333333333,-0.988654046218743,0.0959902463882505,3,113,35,35,10,0.411764705882353,6.16024340770791,0.0486362832186103,0.0097904965546533,-0.0566176470588241,0.0442053409385533,0.762720644913449,0.000531299606089849,0.00128267278468904,-0.0045966632266942,3,-0.0603022689155528,35,0.0402523093305885
3664,17216,170,0.9858869581095,0.107082260575348,-0.937509342255395,0.226251072757985,0.970181370736063,0.155856198537249,-0.898771096853936,0.288922215184878,-0.993892699686447,0.0703948742207363,0.995158340774163,0.0626711424268933,0.866025403784439,0.333333333333333,-0.9858869581095,0.107082260575348,3,120,32,32,9,0.774193548387097,5.41191066997519,0.151691100862637,0.0253034973127553,-0.106451612903226,0.0108387096774193,0.834889660876758,2.9655879005063e-05,-0.000327757068622098,0.00149032258064512,3,-0.0259468936218948,32,1.18365175698327
3664,17217,170,0.985329278164293,0.109182553509247,-0.938652204581148,0.224150779824086,0.995689038973989,0.0591341435754678,-0.994207096665542,0.0685572102355875,-0.966593404292419,0.165016636248618,0.896148087358094,0.292707990059673,0.866025403784439,0.333333333333333,-0.985329278164293,0.109182553509248,3,125,26,26,8,1.24,4.71492063492064,0.41142978080121,0.0544983818770227,-0.170500000000001,0.0988888888888889,0.869753086419753,0.00304421582075903,-0.00468087019057891,0.0135972222222222,3,0.170912065594853,26,3.50566490308289
3664,17218,170,0.975417269131967,0.141450308759981,-0.954919108405064,0.191883024573352,0.999594820476974,0.01812314354282,NA,NA,-0.962982169077893,0.173759881030528,NA,NA,0.866025403784439,0.333333333333333,-0.975417269131966,0.141450308759981,3,129,15,15,7,2.57142857142857,3.49350649350649,1.78259402934728,0.196066523404653,-0.35357142857143,0.0377768572890524,0.775790063594942,0.000713545473318717,-0.0125922857630175,0.0103886357544894,2,0.70994871731282,15,-0.770731074762642
3664,17219,170,NA,NA,NA,NA,NA,NA,NA,NA,NA,NA,NA,NA,NA,NA,NA,NA,2,133,10,10,6,1,3.5,0.5,0.333333333333333,-0.275,0.0768768768768768,0.63003003003003,0.00295502709917124,-0.0256256256256257,0.0211411411411412,2,1.65447991398513,10,-1.44636169812705
3664,17232,170,0.99484975116711,0.0646391738271515,-0.912245460839306,0.268694159506182,0.956407472115846,0.188665102700311,-0.987417131165024,0.101097728760928,-0.752847770519914,0.457359262206494,0.835986792894221,0.369791888267111,0.866025403784439,0.333333333333333,-0.99484975116711,0.0646391738271506,3,134,11,11,5,0.4,3.73939393939394,0.0446556473829201,0.0409713574097137,-0.0437500000000003,0.253086419753086,0.836681631126076,0.0200704209237069,-0.0283581630613594,0.0325694444444445,3,0.0157745975188419,11,3.74249501711136
3664,17235,170,NA,NA,-0.866025403784438,0.333333333333333,NA,NA,NA,NA,-0.866025403784439,0.333333333333333,NA,NA,0.866025403784439,0.333333333333333,-1,0,3,139,8,8,4,0.25,3.16666666666667,0.0208333333333333,0.0357142857142858,-0.0343750000000003,0,0.716589861751152,0,NA,0,2,-0.24118370831169,8,9.55904857363267
3664,17249,170,0.846948639454956,0.153051360545044,-0.976776019431285,0.0232239805687154,-0.901727861834034,0.0982721381659659,0.955223426624294,0.191229344403363,0.82527065738166,0.17472934261834,-0.822235328564707,0.385453457767367,0.900478741351568,0.099521258648432,-0.961347839875405,0.0386521601245947,4,120,40,40,10,2.62857142857143,7.16230158730159,1.52970584530108,-0.0629716782214126,0.217424603174604,0.0356713352007469,0.778260815437286,0.000389249825710967,0.0016341554165526,-0.0044611111111112,3,-0.0477530853856519,40,0.604145444959023
3664,17250,170,0.867132145966101,0.132867854033899,-0.975531857035982,0.0244681429640182,-0.865014574068318,0.134985425931682,-0.778278960593451,0.432185915188433,0.766503769103782,0.233496230896218,0.585069829969312,0.602134185204041,0.896415295701983,0.103584704298017,-0.966942301397082,0.0330576986029182,4,121,37,37,9,2.28125,6.32683464714715,1.24566442718408,-0.0597972492953312,0.182231371996998,0.00406426011264727,0.768823588236031,4.172277524801e-06,-0.000161412073795061,0.000328644971502031,3,-0.00319385478419532,37,3.33290429858288
3664,17251,170,0.88110390194432,0.11889609805568,-0.969868630944584,0.0301313690554158,-0.842039294431203,0.157960705568797,-0.987198121036542,0.101975627385666,0.714364449030423,0.285635550969577,0.904232265261392,0.280888002407733,0.907522022870448,0.0924779771295521,-0.98075821100591,0.01924178899409,4,135,25,25,8,1.92307692307692,5.61195804195804,0.86487034736825,-0.0726292202421235,0.141515384615385,0.0506959706959708,0.82891267462696,0.000785826907599015,-0.00443134399178353,0.00697069597069595,3,-0.590088033977787,25,1.93532339782424
3664,17252,170,0.832808772430015,0.167191227569985,-0.975906748028803,0.0240932519711973,-0.882740222768473,0.117259777231527,-0.99831902920788,0.0369178209877106,0.797484932829389,0.202515067170611,0.962293984058488,0.175377794021946,0.258198889747161,0.741801110252839,-0.23489478196744,0.76510521803256,4,143,18,18,7,1.4375,5.05381944444444,0.414942611882716,-0.0728549171606628,0.109427083333334,0.0411436179410035,0.884801039757467,0.000457013915671235,-0.00403324910210993,0.00565724746688791,3,-0.628856621005298,18,1.20498236935724
3664,17253,170,0.817956784623452,0.182043215376548,-0.983151622168136,0.0168483778318639,-0.885035034549665,0.114964965450335,-0.992358004488262,0.0787545168119566,0.805193853308907,0.194806146691092,0.987649520256817,0.10015785821011,0.258198889747161,0.741801110252839,-0.253848657296933,0.746151342703067,4,144,14,14,6,1,4.38690476190476,0.186082766439909,-0.0646096147289465,0.0739880952380955,0.0526627218934911,0.878949255872333,0.000710789327911849,-0.00635473993462156,0.00724112426035501,3,-0.585492227979275,14,9.94492943175316
3664,17254,170,0.80952380952381,0.19047619047619,-0.995910003310479,0.00408999668952148,-0.727663477289221,0.272336522710779,-0.964216115914538,0.170821488862825,0.666126743261797,0.333873256738203,0.927440522150454,0.244007883903152,0.258198889747161,0.741801110252839,-0.238095238095238,0.761904761904762,4,145,9,9,5,0.714285714285714,3.58531746031746,0.0899628369866465,-0.0623582766439909,0.0425595238095239,0.12,0.772698412698413,0.00418533635676493,-0.0247869674185463,0.0165,3,0.866258897603485,9,0.961740159427621
3664,17275,170,0.960768922830523,0.178912375022067,-0.970725343394151,0.154420958311267,-0.991869783800371,0.0812345632709378,0.970247785935596,0.155681660924703,0.993399267798783,0.0731863950403286,-0.883690191166827,0.31010261923597,0.866025403784439,0.333333333333333,-0.960768922830523,0.178912375022067,3,127,12,12,5,0.166666666666667,3.91111111111111,0.00703703703703703,-0.023076923076923,0.0229166666666667,0.0921775898520085,0.627625088090204,0.00272013611705829,0.0140348024068955,-0.0126744186046512,3,0.81490429287354,12,9.9999423614753
3664,17291,170,0.997948715788673,0.0407832945368338,-0.832239719563824,0.374116627870168,-0.949012811759439,0.204168357854559,0.99419018298269,0.0686573183539607,0.964578856876938,0.169948270015609,-0.887080631547072,0.305459309516207,0.866025403784439,0.333333333333333,-0.997948715788674,0.0407832945368326,3,89,19,19,6,0.0999999999999996,4.54210526315789,0.00268698060941826,-0.00629853321829155,0.0137499999999997,0.0836601307189543,0.738348048771165,0.00222357044214395,0.00600247001302679,-0.0115032679738563,3,-0.176997428342782,19,9.99993049464987
3664,17292,170,NA,NA,-0.866025403784438,0.333333333333333,NA,NA,NA,NA,-0.866025403784439,0.333333333333333,-0.866025403784438,0.333333333333333,0.866025403784439,0.333333333333333,-1,0,3,124,9,9,5,0.0555555555555554,3.53703703703704,0.00102880658436213,0.00793650793650798,-0.00763888888888901,0.385265700483092,0.691626409017713,0.0494765533229091,0.0550379572118703,-0.0529740338164253,3,-0.855273343989454,9,0.961740159279122
3664,17300,170,0.99124070716193,0.0843232163219436,-0.792405815693061,0.417656549655277,-0.93050085576319,0.23874417463321,0.984168316951414,0.113431402581692,0.960768922830523,0.178912375022067,-0.887973858171197,0.304225147073585,0.866025403784439,0.333333333333333,-0.99124070716193,0.0843232163219436,3,106,10,10,4,0.222222222222222,3.53703703703704,0.0133744855967078,-0.0284237726098191,0.0305555555555555,0.441840277777778,0.536979166666667,0.0618970932195216,0.0646741763565891,-0.0607530381944446,3,0.440520882595394,10,9.99995169634625
3664,17309,170,NA,NA,-0.866025403784439,0.333333333333333,NA,NA,NA,NA,0.866025403784438,0.333333333333333,-0.866025403784439,0.333333333333333,0.866025403784439,0.333333333333333,-1,0,3,140,8,8,4,0.0416666666666665,3.13888888888889,0.0005787037037037,-0.0208333333333328,0.00572916666666639,0.00158730158730158,0.756613756613757,8.39842109683374e-07,0.000793650793650863,-0.000218253968254008,3,-0.893187513077744,8,9.99995434071618
3664,17316,170,0.956394180300083,0.0436058196999172,-0.977218788288592,0.0227812117114082,0.781655086152388,0.218344913847612,0.811544984188979,0.188455015811021,-0.679163683772878,0.320836316227121,-0.837913762428663,0.162086237571337,0.91831562109124,0.0816843789087596,-0.898434536290818,0.101565463709181,4,31,1665,1665,22,0.586198233630327,13.0097788512424,0.0742740430429966,0.000274983833729725,-0.0394276875974436,0.077866655516855,0.883167666090761,0.00139366047540947,3.91079058945884e-05,-0.00666325040528801,4,-3.30523649718439,1665,0.334946247126064
3664,17317,170,0.901733404793093,0.0982665952069071,-0.973738758838342,0.0262612411616583,0.191989490502047,0.808010509497953,-0.206584985303293,0.793415014696706,-0.0137591635662782,0.986240836433722,0.368845428156887,0.631154571843113,0.917263738337031,0.0827362616629694,-0.865847422265797,0.134152577734203,4,40,998,998,21,0.682882882882883,12.4154810837105,0.0885922282440297,0.00012056390462429,-0.000872364863490836,0.020389285606677,0.892054466713212,6.95603700666958e-05,-3.6351449396792e-06,0.000655290188883867,4,-3.06505803676469,998,0.380344323116404
3664,17318,170,0.919277714132891,0.0807222858671084,-0.968408216323155,0.0315917836768454,-0.940695850171501,0.0593041498284993,-0.669446017171551,0.330553982828449,0.864711842623049,0.135288157376951,0.577313842505887,0.422686157494113,0.898478363964367,0.101521636035633,-0.958164749180293,0.0418352508197073,4,75,143,143,12,1.234375,8.63934306495809,0.34246823710781,-0.00862100614259891,0.107792830230497,0.138201447675132,0.883497489401384,0.00351711915362458,-0.00062173838422271,0.00729312791469618,4,-1.43798427273603,143,0.480715381041057
3664,17319,170,0.9888472349024,0.0951679815279451,-0.930833506399431,0.238165351805389,0.976096081049931,0.139475717014183,0.996065182447055,0.0564936883075817,-0.829157635601952,0.377641068819572,-0.959557789073891,0.181671663497807,0.982739854731414,0.118452435781958,-0.982371650537905,0.119712916023431,3,101,35,35,8,0.309677419354839,5.59846390168971,0.0296844981488953,0.0125233183130745,-0.0392857142857145,0.0519817588871297,0.79400032622264,0.000733668172806508,0.00200909093469797,-0.00714749184698041,3,-1.06350079928409,35,3.21053369743127
3664,17320,170,0.99243368701167,0.0783630780806832,-0.920863697703815,0.25497025525265,0.962992410796832,0.173735691981709,0.982610816013833,0.118895679602601,-0.991869783800371,0.081234563270939,-0.832457977195761,0.373865934855251,0.947680343565891,0.206842368891357,-0.997143748234159,0.0481278863612915,3,115,22,22,7,0.525974025974025,4.71103896103896,0.0703006409175239,0.0313499314755597,-0.0723214285714289,0.155046707678287,0.804456734121806,0.0074845933707717,0.0104375780183046,-0.0198051948051949,3,-1.69184711405756,22,3.31560795696142
3664,17321,170,NA,NA,NA,NA,NA,NA,NA,NA,NA,NA,NA,NA,NA,NA,NA,NA,2,123,13,13,6,0.293706293706294,4.23776223776224,0.043131693481344,0.146853146853147,-0.0807692307692309,0.0225214501810247,0.813497495412389,0.000253607859128189,-0.0112607250905125,0.00619339879978188,2,-1.05419698482488,13,-0.203408666278453
3664,17325,170,NA,NA,NA,NA,NA,NA,NA,NA,NA,NA,NA,NA,NA,NA,NA,NA,2,127,9,9,5,0.317460317460317,3.73015873015873,0.0503905265810027,0.158730158730158,-0.087301587301587,0.042358803986711,0.751799557032115,0.000897134137592301,-0.0211794019933556,0.0116486710963456,2,-1.44712916682816,9,-0.791979108786197
3664,17326,170,NA,NA,NA,NA,NA,NA,NA,NA,NA,NA,NA,NA,NA,NA,NA,NA,2,137,8,8,4,0.25,3.125,0.03125,0.125,-0.0687500000000001,0.0371572871572871,0.870310245310245,0.000690331994444545,-0.0185786435786437,0.010218253968254,2,-1.68089383413488,8,9.55904857363267
3664,17333,170,NA,NA,-0.866025403784439,0.333333333333333,NA,NA,NA,NA,0.866025403784439,0.333333333333333,-0.866025403784439,0.333333333333333,0.866025403784439,0.333333333333333,-1,0,3,122,9,9,4,0.0952380952380949,3.36507936507937,0.00302343159486014,-0.0476190476190474,0.0130952380952381,0.00727513227513221,0.812389770723104,1.76425165402235e-05,0.00363756613756613,-0.0010003306878307,3,-0.751241917205876,9,9.99995469469483
3664,17341,170,0.981980506061966,0.121037718323677,-0.944911182523068,0.212295615009657,0.087730800022114,0.944076943897524,-0.11860669097897,0.924314471316076,0.243166921044928,0.843627441092819,-0.212943549343948,0.863389913674268,0.99632074049762,0.054627154339169,-0.913381759613503,0.266922769348826,3,110,13,13,6,0.405594405594406,4.4001554001554,0.0444755969231495,0.0034965034965036,0.0141025641025639,0.151033411033411,0.572162652162652,0.00628396126305994,-0.00177683427683425,-0.00464209401709405,3,0.828254834387938,13,1.36779362171035
3664,17342,170,NA,NA,-0.866025403784439,0.333333333333333,NA,NA,NA,NA,-0.866025403784438,0.333333333333333,0.866025403784438,0.333333333333333,0.866025403784439,0.333333333333333,-1,0,3,130,11,11,5,0.303030303030303,3.53535353535354,0.0306091215182124,0.0378787878787879,-0.0416666666666668,0.175909090909091,0.782727272727273,0.0103146694214876,-0.0219886363636364,0.0241875,3,0.634766318059312,11,9.99994852375452
3664,17353,170,0.929605004921957,0.0703949950780434,-0.960406448865513,0.0395935511344873,-0.942190396833007,0.0578096031669927,-0.792694540654416,0.207305459345584,0.833007891663428,0.166992108336572,0.665992161699326,0.334007838300674,0.93341678073467,0.06658321926533,-0.994864222236598,0.00513577776340155,4,78,108,108,11,0.737113402061856,7.98940763331203,0.1188341357835,-0.00684487098625998,0.0611685296079141,0.198143704121965,0.868547394579346,0.00794260197750612,-0.00148882363417663,0.0126432532355937,4,-1.03874943545374,108,0.122417704323019
3664,17354,170,0.987706049575122,0.012293950424878,-0.973541984903418,0.0264580150965817,-0.826359037075103,0.173640962924897,0.981053038500871,0.124123214689642,0.854244131492685,0.145755868507315,-0.869032697571545,0.329484149335263,0.843937455369107,0.156062544630893,-0.80189996956008,0.19810003043992,4,102,51,51,9,2.38095238095238,7.34559523809524,1.25890829554044,-0.0395023445772198,0.204167857142858,0.254161846556805,0.741712754577071,0.0213839774851249,0.00716117217194279,-0.0349472539015608,3,-0.6075850156701,51,-0.0122217302306849
3664,17355,170,0.983444391998915,0.116002856218703,-0.942292914625126,0.21733047711463,0.99989976682726,0.00901372880171469,0.979792881938502,0.128198030942932,-0.946938503214796,0.208316748312923,-0.856289029319597,0.345528508057561,0.92907218523976,0.241215061241989,-0.999296289253535,0.0238845841273626,3,107,28,28,8,0.821428571428571,5.49120082815735,0.188120475033113,0.0314352612285302,-0.112946428571429,0.458121588556371,0.683025496345027,0.0684612445789165,0.0185822906332492,-0.0616134416729657,3,-0.366513519845314,28,-0.158218547614485
3664,17356,170,NA,NA,NA,NA,NA,NA,NA,NA,NA,NA,NA,NA,NA,NA,NA,NA,2,109,18,18,7,0.142857142857143,4.92857142857143,0.0102040816326531,0.0357142857142859,-0.0392857142857146,0.0240055669178137,0.775422905606126,0.000288133621522817,-0.00600139172945344,0.00660153090239879,2,-0.0121405430437071,18,0.474451263690688
3664,17358,170,NA,NA,NA,NA,NA,NA,NA,NA,NA,NA,NA,NA,NA,NA,NA,NA,2,114,16,16,6,0.041666666666667,4.35416666666667,0.000868055555555568,0.0104166666666665,-0.0114583333333332,0.0156385281385281,0.776271645021645,0.000122281781169767,-0.00390963203463204,0.00430059523809525,2,-0.120645112151664,16,6.09826448089702
3664,17362,170,NA,NA,NA,NA,NA,NA,NA,NA,NA,NA,NA,NA,NA,NA,NA,NA,2,122,12,12,5,0.0555555555555558,3.80555555555556,0.00154320987654322,0.0185185185185186,-0.0152777777777779,0.0206228956228957,0.780197811447811,0.000212651911936424,-0.00687429854096527,0.00567129629629636,2,-0.963028672536556,12,9.99995599092651
3664,17373,170,0.993399267798783,0.0731863950403282,-0.917662935482247,0.260146938293006,0.976221039927429,0.13910921996933,0.950034833198634,0.202094217705381,-0.981980506061966,0.121037718323677,-0.747778344267907,0.462241155998387,0.949756977745295,0.202660140433014,-0.995925720038145,0.0574867978599932,3,110,10,10,6,0.5,4.27777777777778,0.0648148148148148,0.0570175438596493,-0.0687500000000004,0.0930555555555556,0.455462962962963,0.00240434670781893,0.010687134502924,-0.0100833333333334,3,0.319051184984364,10,-1.68372395049449
3664,17374,170,0.99124070716193,0.0843232163219443,-0.924473451641905,0.24901011701139,0.99991170771968,0.00845979195660407,-0.999555130578089,0.0189901108685297,-0.929457913785402,0.240550325054787,0.912691441126307,0.268000227879918,0.969761276409516,0.156955790411653,-0.989563825692005,0.0920543265997372,3,146,9,9,5,0.888888888888889,3.5462962962963,0.228652263374486,0.126291989664083,-0.122222222222223,0.145833333333333,0.908234126984127,0.00638271801776266,-0.0210928848283499,0.0200520833333333,3,-1.22632307329804,9,-1.39835429478177
3664,17375,170,0.99124070716193,0.0843232163219443,-0.924473451641905,0.24901011701139,-0.969548595896132,0.157509611362271,NA,NA,0.802955068546966,0.406519728373661,NA,NA,0.960979248352437,0.178428965298737,-0.993860368051065,0.0705811517126523,3,147,8,8,4,0.857142857142857,3.46428571428571,0.218112244897959,-0.119601328903654,0.103125,0.015527950310559,0.855590062111801,0.000120558620423594,-0.015527950310559,0.00427018633540374,2,-0.821936087533081,8,9.99993770741043
3664,17382,170,0.987518286859599,0.0124817131404009,-0.979795897113271,0.020204102886729,-0.966436959918824,0.0335630400811762,0.996599282734803,0.0525174386550475,0.914363830517896,0.085636169482104,-0.934647786743459,0.231429813677113,0.830061110508138,0.169938889491862,-0.895470787690721,0.104529212309279,4,130,23,23,8,2.5,6.34473684210526,1.34730378578024,-0.118245614035088,0.226078947368422,0.126269841269841,0.736446672236146,0.00456292482691924,0.0107797806482017,-0.0173621031746032,3,-0.71434361280228,23,-0.512946205971132
3664,17388,170,0.997840540738398,0.00215945926160166,-0.954480631001078,0.0455193689989219,-0.966293745647415,0.0337062543525854,0.953074433097903,0.195800131909505,0.865254059595091,0.134745940404909,-0.76567496813434,0.444810248920895,0.878447088327799,0.121552911672201,-0.971298442424248,0.0287015575757515,4,132,17,17,7,1.86666666666667,5.71909722222222,0.764390914351852,-0.122472757345787,0.161142361111111,0.0566207184628238,0.638780980228349,0.000907272263493135,0.00758266791008531,-0.00634228801169595,3,-0.545863653330831,17,-1.17196213078746
3664,17389,170,0.970701766439054,0.0292982335609462,-0.948575950576557,0.0514240494234428,-0.9355320699138,0.0644679300862004,-0.106444891177894,0.932106452119777,0.802892605422391,0.197107394577609,0.456510175434589,0.698198402837855,0.870452327019502,0.129547672980498,-0.975678240986875,0.0243217590131248,4,143,16,16,6,1.57142857142857,4.86269841269841,0.577699672461577,-0.11116283580642,0.129992063492064,0.0116402116402116,0.851156182637664,3.39568671377842e-05,-0.00019296049761999,0.000731554967666064,3,-0.938275078693258,16,0.614434381132857
3664,17394,170,0.971391898758932,0.0286081012410677,-0.928743292069505,0.0712567079304953,-0.891417788586902,0.108582211413098,-0.999779181228519,0.0133789215603008,0.674030871507395,0.325969128492605,0.985734941686046,0.107658796763378,0.774596669241483,0.225403330758517,-0.950932965183931,0.0490670348160686,4,146,11,11,5,1.42857142857143,4.03730158730159,0.422496850592089,-0.143736263736264,0.093325396825397,0.0650793650793651,0.8432208994709,0.00108969841794743,-0.0216057256235827,0.0089484126984127,3,-0.362905883490622,11,0.639386704239669
3664,17404,170,0.983413305982001,0.0165866940179984,-0.876936076249123,0.123063923750877,0.987656773883602,0.0123432261163985,-0.731902248957713,0.477265508430898,-0.814073166968775,0.185926833031225,0.954965507413185,0.191783498380914,0.89414759947412,0.10585240052588,-0.997832237054832,0.00216776294516776,4,85,57,57,10,0.910714285714286,6.65608766233766,0.192125806417608,0.016708204903339,-0.0760089285714288,0.00554675147014416,0.77449319372256,8.43416420348287e-06,-0.000319233834502853,0.000762678327144799,3,-0.796445835780976,57,-0.0477160327432562
3664,17405,170,0.977355554850442,0.135737209330303,-0.952216581409108,0.19759612400303,0.954380312663004,0.193035101990011,0.990413756685494,0.0882199675746653,-0.817579181842537,0.390631225993041,-0.985277331832749,0.109376156428365,0.866025403784439,0.333333333333333,-0.977355554850442,0.135737209330302,3,112,35,35,9,0.0524475524475525,6.07169497169497,0.000835092313613791,0.00583595508968668,-0.00649725274725319,0.00763702828611557,0.826004769683776,1.50200654355563e-05,0.000812223970563899,-0.00105009138934095,3,-1.66570237911343,35,-0.206013413640202
3664,17406,170,0.960768922830523,0.178912375022066,-0.970725343394151,0.154420958311267,0.960768922830523,0.178912375022067,-0.982025933808671,0.12088459130677,-0.866025403784439,0.333333333333333,0.907942130889671,0.275305549618037,0.866025403784439,0.333333333333333,-0.960768922830523,0.178912375022067,3,113,17,17,8,0.2,4.93333333333333,0.0133333333333334,0.0307692307692311,-0.0275000000000005,0.0653050108932461,0.734863984580187,0.00129335183385617,-0.0097951168771602,0.00897943899782135,3,-0.626099033699941,17,-0.0532619934336392
3664,17407,170,0.960768922830523,0.178912375022067,-0.970725343394151,0.154420958311267,-0.993399267798783,0.0731863950403256,-0.595330661823407,0.594042135322921,0.991869783800371,0.0812345632709399,0.38491271438398,0.748463093634187,0.866025403784439,0.333333333333333,-0.960768922830523,0.178912375022067,3,127,14,14,7,0.214285714285714,4.59920634920635,0.0116685563114135,-0.0297619047619046,0.0294642857142856,0.0243632336655593,0.772780191384843,0.000150868734421472,-0.00202808521234279,0.00130015333503703,3,-0.702702702702703,14,0.233439900424367
3664,17410,170,0.987829161147262,0.0994252840514129,-0.933256525257383,0.233908049281921,-0.987829161147262,0.0994252840514122,0.988056792570766,0.0984892424586774,0.866025403784439,0.333333333333333,-0.866759632749327,0.332397291740598,0.866025403784439,0.333333333333333,-0.987829161147262,0.0994252840514122,3,136,11,11,6,0.6,4.2,0.12,-0.106451612903226,0.0824999999999999,0.105080213903743,0.79058229352347,0.00367438408410412,0.0186317635558622,-0.0144485294117648,3,-0.908843246714769,11,0.416038679485316
3664,17412,170,0.970725343394151,0.154420958311266,-0.960768922830523,0.178912375022067,-0.993098959085616,0.0748346092812079,0.993098959085616,0.0748346092812067,0.986666070043373,0.10407776574086,-0.986666070043373,0.10407776574086,0.866025403784439,0.333333333333333,-0.970725343394151,0.154420958311266,3,138,9,9,5,0.155555555555555,3.51481481481482,0.00621399176954732,-0.0376068376068375,0.0213888888888889,0.0295138888888888,0.781787367724868,0.000223693053127886,0.00713522588522596,-0.00405815972222228,3,-0.36276986848149,9,9.99994627250967
3664,17422,170,NA,NA,-0.866025403784439,0.333333333333333,NA,NA,NA,NA,0.866025403784438,0.333333333333333,0.866025403784439,0.333333333333333,0.866025403784439,0.333333333333333,-1,NA,3,127,18,18,8,0.020833333333333,5.17361111111111,0.000144675925925922,-0.0104166666666663,0.00286458333333321,0.00235598115215074,0.816258803262907,1.85021572976318e-06,-0.00117799057607533,0.000323947408420707,3,-1.39688772922113,18,-1.0624803942492
3664,17423,170,NA,NA,-0.866025403784439,0.333333333333333,NA,NA,NA,NA,-0.866025403784438,0.333333333333333,0.866025403784439,0.333333333333333,0.866025403784439,0.333333333333333,-1,0,3,130,8,8,5,0.196428571428572,3.55952380952381,0.0128613945578232,0.196428571428572,-0.0270089285714289,0.044047619047619,0.66468253968254,0.000646730914588056,-0.0440476190476188,0.00605654761904758,3,-0.282842712474619,8,-1.24358223001489
3664,17430,170,NA,NA,-0.866025403784439,0.333333333333333,NA,NA,NA,NA,0.866025403784439,0.333333333333333,-0.866025403784439,0.333333333333333,NA,NA,NA,NA,3,131,10,10,7,0.177777777777778,4.65925925925926,0.0105349794238683,-0.177777777777777,0.0244444444444444,0.0210826210826212,0.675023741690408,0.000148158970571127,0.0210826210826212,-0.00289886039886045,3,-0.753689151625593,10,-1.51756891819846
3664,17431,170,NA,NA,-0.866025403784439,0.333333333333333,NA,NA,NA,NA,0.866025403784439,0.333333333333333,-0.866025403784438,0.333333333333334,NA,NA,NA,NA,3,139,9,9,6,0.25,4.08333333333333,0.0208333333333333,-0.25,0.034375,0.0483870967741935,0.741935483870968,0.000780437044745056,0.0483870967741937,-0.00665322580645166,3,-0.857962264095548,9,-1.23175307306859
3664,17439,170,0.98489163567642,0.0151083643235794,-0.841813826823449,0.158186173176551,0.981595624643233,0.0184043753567666,-0.119631553408667,0.923657344838894,-0.826463755983068,0.173536244016932,0.774599381333972,0.435903053194294,0.941382505757627,0.0586174942423734,-0.840865087064807,0.159134912935193,4,100,22,22,9,0.619047619047619,5.43001443001443,0.0832443170105507,0.028855035775451,-0.0507936507936509,0.0010884353741496,0.671003512516118,3.38769331632543e-07,-3.34492771467261e-05,0.00012398292650388,3,0.573448559233445,22,-0.384847762106367
3664,17446,170,NA,NA,-0.720576692122892,0.487754291644599,-0.893564336900341,0.296393169742543,0.999699492614941,0.0156075082015499,0.332601108996327,0.784147461387143,-0.703362918642193,0.503361799846149,0.866025403784439,0.333333333333333,-0.970725343394151,0.154420958311266,3,127,15,15,8,0.23030303030303,5.26089466089466,0.0137218817738297,-0.0502830502830501,0.0107142857142857,0.0857344206181415,0.663735231177092,0.00196402420745952,0.0212829507999454,-0.00857206746741638,3,-0.0245451914591743,15,-0.659216639246501
3664,17448,170,0.944911182523068,0.212295615009657,-0.654653670707977,0.54562894834299,-0.203692287371294,0.869411583318399,0.96669325980167,0.164768438326551,-0.606732961482463,0.584959468338611,-0.439378523227947,0.710397386669541,0.866025403784439,0.333333333333333,-0.944911182523068,0.212295615009657,3,132,13,13,7,0.217948717948718,4.71623931623932,0.0120731974578128,-0.0146520146520147,-0.0183333333333334,0.0829284750337382,0.638062814378604,0.00172742118720656,0.0263026447236974,-0.00502192982456145,3,0.180971820548003,13,-0.432222253864588
3664,17449,170,NA,NA,-0.866025403784439,0.333333333333333,NA,NA,NA,NA,0.866025403784438,0.333333333333333,-0.866025403784439,0.333333333333333,0.866025403784439,0.333333333333333,-1,NA,3,133,11,11,6,0.284090909090909,4.18560606060606,0.0269025482093664,-0.0946969696969695,0.0390625,0.185012285012285,0.515233415233415,0.0114098485351557,0.0616707616707617,-0.0254391891891893,3,0.382400827645077,11,0.0317666141132538
3664,17451,170,NA,NA,-0.866025403784439,0.333333333333333,NA,NA,NA,NA,-0.866025403784439,0.333333333333333,0.866025403784438,0.333333333333333,NA,NA,NA,NA,3,153,9,9,5,0.180555555555555,3.49537037037037,0.0108667695473251,0.180555555555556,-0.0248263888888891,0.0277777777777778,0.83442265795207,0.000257201646090535,-0.0277777777777777,0.00381944444444442,3,-1.18394812787613,9,1.7276086077805
3664,17460,170,0.892409664298962,0.107590335701038,-0.968006823751821,0.0319931762481794,-0.70903011014025,0.29096988985975,0.984048957319888,0.113859334871837,0.815371370516364,0.184628629483636,-0.89803639462894,0.289987238279295,0.957037532831705,0.0429624671682951,-0.911687261779889,0.088312738220111,4,43,855,855,20,3.96357226792009,13.1308008737542,3.67632122863826,-0.00329249024264037,0.33302014332853,0.0283563465647887,0.872433052514008,0.000249260053860648,4.08342666892757e-05,-0.00389899765265853,3,-2.72774860158233,855,0.379430005657801
3664,17461,170,0.967247129904906,0.163385063317725,-0.964578856876938,0.169948270015608,-0.997979586949495,0.0404751392565267,0.988213402661454,0.0978400892794187,0.979390302884863,0.129473130759082,-0.912827390079593,0.267788359295027,0.957709438169965,0.185805857810222,-0.999689785886835,0.0158575877946133,3,67,339,339,15,0.295833333333334,9.80590016708438,0.022809860189844,-0.00109312308754211,0.0406770833333328,0.0390294052261757,0.893054688310634,0.000457031936645844,0.000153218113707516,-0.00536654321859918,3,-1.26144903275285,339,1.56456356095249
3664,17462,170,0.960227956494643,0.180149924294682,-0.971190427735333,0.153183409038651,-0.592169206576776,0.59654340826378,0.990517482577041,0.0877406257515703,0.383079847110257,0.749726817302431,-0.929241184753344,0.240924034790221,0.976431498177364,0.1384898010496,-0.999733653265311,0.0146936079890517,3,78,92,92,11,0.159420289855072,7.25966183574879,0.006463102989568,-0.00115587470560258,0.0084692028985506,0.10138191990744,0.783836093604803,0.00297580268775427,0.00131192380659429,-0.0139400139872731,3,-0.476489746863018,92,2.7100229325261
3664,17463,170,0.976850042765745,0.137249768611517,-0.952939555940907,0.196083564721816,0.987114878583412,0.10230734446039,-0.992155000454886,0.0797950426892978,-0.989170465783177,0.0937762202614266,0.983362979852806,0.116288522032518,0.874916991961923,0.321831631363283,-0.980555360439516,0.125748066641468,3,99,60,60,10,0.342424242424243,6.27678829107401,0.0299589600649765,0.00664554090099801,-0.0470833333333336,0.013380643387805,0.855336226520962,4.62877735985663e-05,-0.000262549951182786,0.00183983846582318,3,-0.25249895186609,60,6.16586611714607
3664,17464,170,0.952216581409107,0.197596124003031,-0.977355554850442,0.135737209330303,-0.754827546553822,0.455441072765687,0.508829088749142,0.66015702929097,0.59893910846393,0.591178282095991,-0.31514418825682,0.795894238621273,0.866025403784439,0.333333333333333,-0.952216581409108,0.19759612400303,3,111,21,21,6,0.3,4.63968253968254,0.0228193499622071,-0.0139303482587064,0.0248809523809524,0.0313559322033897,0.785001345170837,0.000256211616760718,0.000995024875621902,-0.00138720742534306,3,1.02376053228379,21,9.99995891757331
3664,17465,170,0.896258159530272,0.292550038796499,-0.997948715788673,0.0407832945368348,0.969816057668046,0.156812829466196,NA,NA,-0.952216581409108,0.19759612400303,NA,NA,0.866025403784439,0.333333333333333,-0.896258159530272,0.292550038796499,3,136,10,10,4,1.5,2.88888888888889,0.62037037037037,0.169398907103825,-0.206250000000001,0.042483660130719,0.719934640522876,0.000902430689051223,-0.0106209150326798,0.0116830065359478,2,1.22474487139159,10,9.99992530350537
3664,17474,170,0.99952202657988,0.0196840424947919,-0.924473451641905,0.24901011701139,-0.984471053077248,0.112338790010756,0.935955271671653,0.22907746924377,0.843190690025842,0.361348907022146,-0.731021723244693,0.478087586255159,0.866025403784439,0.333333333333333,-0.99124070716193,0.0843232163219441,3,112,11,11,5,0.55,3.89242424242424,0.0960812672176309,-0.0806025369978857,0.071875,0.0465517241379311,0.656687565308255,0.000592229177517255,0.00601625719909603,-0.00489224137931038,3,0.529896822406917,11,9.99995198260845
3664,17484,170,0.985329278164293,0.109182553509248,-0.938652204581148,0.224150779824086,0.988417561351714,0.0969873739443745,0.553150038443432,0.626851240835508,-0.980116648922865,0.127163405879713,-0.231914593876332,0.851002020659594,0.877790176421836,0.318034089555658,-0.989145762558731,0.0938833097315728,3,103,39,39,9,0.538461538461538,5.63403263403263,0.0754560125189496,0.0154457193292145,-0.0740384615384618,0.0150158299412031,0.786315996999422,6.13720876095531e-05,0.000246518295008605,-0.000499627369226792,3,-0.862079280545848,39,3.855143775183
3664,17485,170,NA,NA,-0.866025403784439,0.333333333333333,NA,NA,NA,NA,0.866025403784439,0.333333333333333,0.866025403784439,0.333333333333333,0.866025403784439,0.333333333333333,-1,0,3,127,10,10,4,0.1,3.43333333333333,0.00333333333333334,-0.0166666666666666,0.0137499999999998,0.0124031007751938,0.828940568475452,5.12789696132043e-05,-0.00206718346253228,0.00170542635658912,3,-1.62970083693236,10,9.9999297648579
3664,17494,170,0.977355554850442,0.135737209330303,-0.952216581409108,0.19759612400303,-0.934854049356868,0.231060239993805,0.97869080901632,0.131659692884747,0.781748291836094,0.428656363996835,-0.869210092242067,0.329255816887778,0.883433794876631,0.310451160805472,-0.984328375091282,0.112855036802442,3,117,29,29,8,0.739130434782608,5.54672663668166,0.157599610989108,-0.0261772099025113,0.0853448275862067,0.227344548749884,0.754778210012857,0.0171024991951603,0.00902770315698322,-0.0312598754531092,3,-0.155858930602958,29,3.86881977719805
3664,17495,170,0.986241382612456,0.105725979981739,-0.936765906922573,0.227607353351594,-0.814523746206784,0.393996686890676,0.96392846081037,0.171510870252274,0.559997666681249,0.62160404024227,-0.809830354210162,0.399118223603868,0.866025403784439,0.333333333333333,-0.986241382612456,0.105725979981739,3,118,19,19,7,0.375,4.80482456140351,0.0353329870729455,-0.0168735350522054,0.0289473684210526,0.0801282051282051,0.665785724996251,0.00192569345836919,0.00466176666102087,-0.00977282950967165,3,0.415112616626055,19,2.19571051114449
3664,17496,170,0.987829161147262,0.0994252840514125,-0.933256525257383,0.233908049281921,0.823355002936002,0.384199261062096,-0.999473652511119,0.0206562009290192,-0.972263032730343,0.150291211780175,0.921112159839591,0.254564250210942,0.866025403784439,0.333333333333333,-0.987829161147262,0.0994252840514122,3,138,14,14,6,0.285714285714286,4.12301587301587,0.0215891912320484,0.0188172043010753,-0.0392857142857144,0.249313186813187,0.844925907425907,0.0183149390465512,-0.0210389408978118,0.0342805631868132,3,-0.189743589743589,14,1.96115719018638
3664,17497,170,0.970725343394151,0.154420958311266,-0.960768922830523,0.178912375022067,0.999865684003603,0.0104343127805506,NA,NA,-0.965185490751475,0.168478062241516,NA,NA,0.866025403784439,0.333333333333333,-0.970725343394151,0.154420958311266,3,148,9,9,5,0.777777777777778,3.44973544973545,0.162341479801797,0.0967643467643469,-0.106944444444445,0.0459956709956709,0.723755411255411,0.001057800875171,-0.0229978354978355,0.0126488095238095,2,-0.252787060966447,9,-0.456136472547577
3664,17498,170,0.960768922830523,0.178912375022067,-0.970725343394151,0.154420958311267,0.983933098036657,0.114273201194915,NA,NA,-0.912245460839306,0.268694159506182,NA,NA,0.866025403784439,0.333333333333333,-0.960768922830523,0.178912375022066,3,152,8,8,4,1.125,2.70833333333333,0.380208333333333,0.168269230769231,-0.154687500000001,0.0369047619047619,0.770436507936508,0.000680980725623582,-0.018452380952381,0.0101488095238096,2,-0.30169889330626,8,9.99995434071618
3664,17513,170,NA,NA,NA,NA,NA,NA,NA,NA,NA,NA,NA,NA,NA,NA,NA,NA,2,121,10,10,5,0.171428571428572,3.51428571428571,0.0146938775510205,0.0571428571428571,-0.0471428571428571,0.0466472303206997,0.798833819241982,0.0010879820482962,-0.0155490767735666,0.0128279883381924,2,-0.0957619446767086,10,9.99992208063144
3664,17522,170,0.923396068941397,0.250803051768314,-0.991608722287842,0.0825302815650198,-0.910119798305625,0.271978755361766,NA,NA,0.848918067042471,0.354509036926785,NA,NA,0.970161255629417,0.155909022795291,-0.993364565002224,0.0733787412302724,3,84,32,32,10,3.15,6.93958333333333,3.18751302083333,-0.103952080491132,0.416796875000001,0.00615795396217467,0.782883138547795,1.89601985001313e-05,0.000513162830181219,-0.00169343733959802,2,-0.752801321529962,32,0.0358937888589715
3664,17523,170,0.917662935482247,0.260146938293006,-0.993399267798783,0.0731863950403275,-0.904968177267838,0.279788917624291,NA,NA,0.850188906684031,0.352975312664619,NA,NA,0.880324540927582,0.31464958435237,-0.928927943544353,0.241463189312042,3,104,21,21,9,2.61538461538461,6.28693528693529,2.20303953270986,-0.133434547908232,0.34702380952381,0.0451548451548451,0.738389388389388,0.00101948002047902,0.00564435564435563,-0.0124175824175824,2,-0.122872531496269,21,-0.53191215626771
3664,17524,170,0.922612906314878,0.252098770062394,-0.991869783800371,0.0812345632709384,-0.894470346511397,0.295105796418201,NA,NA,0.830298054890556,0.37634035968914,NA,NA,0.877488118891305,0.318435272588712,-0.931386178431194,0.237200709317773,3,112,19,19,8,2.33333333333333,5.50292397660819,1.68862214014569,-0.12809858654734,0.29671052631579,0.0539927404718693,0.782743496672716,0.00145760801183132,0.00771324863883844,-0.014848003629764,2,-0.323759025797559,19,0.587863319961936
3664,17525,170,NA,NA,NA,NA,NA,NA,NA,NA,NA,NA,NA,NA,NA,NA,NA,NA,2,119,8,8,5,0.708333333333333,3.02083333333333,0.250868055555556,0.141666666666667,-0.194791666666667,0.0441176470588236,0.747549019607843,0.000973183391003463,0.00882352941176465,-0.0121323529411764,2,-1.2302508225522,8,1.0779315184752
3664,17532,170,0.993399267798783,0.0731863950403282,-0.944911182523068,0.212295615009657,-0.96312313730186,0.173426651145324,NA,NA,0.821994936526786,0.38572226615498,NA,NA,0.866025403784439,0.333333333333333,-0.981980506061966,0.121037718323677,3,122,11,11,7,2,4.72727272727273,1.22314049586777,-0.201298701298701,0.25,0.0112794612794613,0.698063973063973,6.36131233774337e-05,-0.00563973063973067,0.00310185185185188,2,1.14359764858714,11,-1.23702842013899
3664,17543,170,NA,NA,NA,NA,NA,NA,NA,NA,NA,NA,NA,NA,NA,NA,NA,NA,2,89,11,11,6,0.142857142857143,3.92857142857143,0.0102040816326531,0.0357142857142855,-0.039285714285714,0.0249265138154028,0.711228689006467,0.000310665545494733,-0.00623162845385078,0.00685479129923587,2,-0.751963521334781,11,0.345920403215321
3664,17546,170,NA,NA,NA,NA,NA,NA,NA,NA,NA,NA,NA,NA,NA,NA,NA,NA,2,124,8,8,5,0.1,3.45,0.00500000000000001,0.0333333333333333,-0.0275,0.00760869565217392,0.835326086956522,2.89461247637052e-05,-0.00253623188405798,0.00209239130434784,2,-0.881587675245566,8,-0.380754042579203
3664,17553,170,0.970032571600271,0.156246545676092,-0.961560307740172,0.177086787657241,-0.583264750261179,0.603550034048131,0.990916635975114,0.08587124651142,0.783891893796637,0.42646324639089,-0.915899389884954,0.262958034168662,0.952050082739976,0.197942876593507,-0.99946341731332,0.0208560889362654,3,70,247,247,14,0.125031205791794,9.28173736631726,0.00452199073562832,-0.00040553107965887,0.0144961842849064,0.0409869068437693,0.87241823968129,0.000500650620308314,0.000229244053012276,-0.00563569969101835,3,-1.09588271063996,247,1.34271556313502
3664,17554,170,0.995772901676011,0.0585557298115271,-0.908289372821179,0.274777603521806,0.998581758589395,0.0339095122524617,0.997332596398906,0.0465089003437322,-0.884728749448128,0.308687115774266,-0.875331346437637,0.321286503865537,0.875149667908914,0.321525625277622,-0.997305109805137,0.0467480217558166,3,80,138,138,13,0.391739674593241,8.51076641076937,0.049013401705839,0.00451237591893408,-0.0538642052565711,0.0138578158733487,0.878847806458432,6.26591673531116e-05,0.000161137471722528,-0.00190544968258547,3,-0.359313139453145,138,1.00880303312287
3664,17555,170,0.996915159744776,0.0500176367113245,-0.902597210745743,0.283315696622011,0.959505845549595,0.181789093358819,0.996986966507126,0.0494317750732405,-0.987310374037038,0.101526603263193,-0.866485171657519,0.332747471695252,0.866025403784439,0.333333333333333,-0.996915159744776,0.0500176367113211,3,98,41,41,10,0.280882352941177,6.44760061919505,0.0202339893509955,0.0107123444860491,-0.0386213235294121,0.0555435101390984,0.832658852837516,0.00102726947382348,0.00250800165682701,-0.00763723264412613,3,0.405315038064272,41,-0.0358024184882698
3664,17556,170,NA,NA,-0.866025403784439,0.333333333333333,NA,NA,NA,NA,0.866025403784439,0.333333333333333,-0.866025403784439,0.333333333333333,0.866025403784439,0.333333333333333,-1,0,3,104,12,12,6,0.611111111111111,4.7037037037037,0.124485596707819,-0.203703703703703,0.0840277777777776,0.151209060299969,0.524206713600653,0.00762139330559993,0.0504030200999898,-0.0207912457912459,3,0.0520092636206684,12,-0.51540841091407
3664,17557,170,NA,NA,-0.866025403784439,0.333333333333333,NA,NA,NA,NA,0.866025403784438,0.333333333333333,-0.866025403784439,0.333333333333333,0.866025403784439,0.333333333333333,-1,0,3,127,11,11,5,0.292929292929292,3.91582491582492,0.0286025235520184,-0.146464646464646,0.0402777777777778,0.101503406154569,0.717539738469971,0.00343431382032646,0.0507517030772845,-0.0139567183462533,3,-0.465605055798085,11,3.42731733909103
3664,17560,170,NA,NA,NA,NA,NA,NA,NA,NA,NA,NA,NA,NA,NA,NA,NA,NA,3,137,8,8,4,0,3.25,0,NA,0,0,0.716450216450216,0,NA,-2.64407369377741e-17,3,-0.449551331085487,8,6.43190161793014
3664,17567,170,0.99994354800767,0.00676451712875803,-0.907841299003204,0.275458676634943,0.993974859551685,0.0699192895274419,-0.987736258762512,0.0998048051025764,-0.948331713594218,0.205539387107502,0.831239603829874,0.37526348173752,0.866025403784439,0.333333333333333,-0.995870594885822,0.05787465669839,3,99,29,29,9,0.535714285714286,5.81959706959707,0.0797785090367508,0.0254875618886609,-0.0736607142857148,0.0203265748336171,0.792278055799183,0.000128359961456603,-0.0010159345289356,0.00258984462329529,3,0.903011740684022,29,-0.122386806155642
3664,17572,170,0.99419162560192,0.0686487855020292,-0.914807404251074,0.264684547831303,0.997255364147431,0.0471777113154948,0.995708324474004,0.0590016291909334,-0.94220013348638,0.217506836515808,-0.948260155793826,0.205682918640369,0.866025403784439,0.333333333333333,-0.99419162560192,0.0686487855020285,3,101,24,24,8,0.442028985507246,5.43305728088337,0.0550243832042373,0.0251764630646619,-0.0607789855072469,0.0480494930400412,0.701132669752707,0.000641892975596407,0.00271502726269132,-0.00660680529300569,3,1.06579217799178,24,-0.24292555146008
3664,17573,170,0.997176464952738,0.0478513232833497,-0.901127113779166,0.285482010049984,0.9981298381221,0.0389405810375514,0.997079380340494,0.0486674263495623,-0.925944896809365,0.246541429012432,-0.931606801910092,0.236814583700421,0.866025403784439,0.333333333333333,-0.997176464952738,0.0478513232833498,3,102,18,18,7,0.776470588235294,4.8796568627451,0.175800353229527,0.0628538257408227,-0.106764705882353,0.0586505190311418,0.552107362552864,0.000990873985811728,0.00471382825576051,-0.00806444636678203,3,1.18396349722859,18,-0.483086960057703
3664,17574,170,0.997176464952738,0.0478513232833497,-0.901127113779166,0.285482010049984,0.871523132194127,0.32626530458682,0.999406853064521,0.0219279350069128,-0.997948715788673,0.040783294536837,-0.885662059167791,0.307409945056893,0.866025403784439,0.333333333333333,-0.997176464952738,0.0478513232833498,3,122,17,17,6,0.1875,4.34027777777778,0.00882523148148148,0.012296365914787,-0.0257812500000002,0.459722222222222,0.573743386243386,0.067358890122407,0.0389560210048932,-0.0632118055555557,3,0.524709092193092,17,9.99995026417852
3664,17575,170,0.981980506061966,0.121037718323677,-0.755928946018454,0.45437105165701,0.934102718280543,0.232403744045103,0.9804311437825,0.126150395687811,-0.939829496790326,0.221967307611908,-0.870012920354086,0.3282206559692,0.866025403784439,0.333333333333333,-0.981980506061966,0.121037718323677,3,149,9,9,5,0.375,3.47685185185185,0.0398019547325103,0.070436507936508,-0.0515625000000002,0.184240362811791,0.749244142101285,0.0112113565506828,0.0392371234207969,-0.0253330498866214,3,-0.260590296107059,9,1.57227367415917
3664,17583,170,NA,NA,NA,NA,NA,NA,NA,NA,NA,NA,NA,NA,NA,NA,NA,NA,2,138,8,8,4,0.25,3.125,0.03125,0.125,-0.0687500000000001,0.0526041666666667,0.784114583333333,0.00138359917534722,-0.0263020833333334,0.0144661458333334,2,0.302274654553028,8,9.99993770741043
3664,17595,170,0.99532893332739,0.0615562777280911,-0.910251029300646,0.271777055605242,0.983801897634306,0.114740085188983,0.998436444170495,0.0356047893396065,-0.821283232655632,0.386517140794225,-0.885682553641054,0.307381844944849,0.879746688959669,0.315424202768807,-0.997650630329619,0.0436471471635632,3,85,97,97,12,0.323595505617978,8.00578183520599,0.0319823113269579,0.00485299471115079,-0.0403906250000007,0.0320992135511192,0.857228984092681,0.000328376910811973,0.000499061388090287,-0.00441364186327893,3,-0.573337149852234,97,1.51237660005006
3664,17596,170,0.997788423389337,0.0423473449940484,-0.897345126959389,0.290985988339285,0.999950682247854,0.00632264128064297,0.709948462369786,0.497436419550739,-0.90168389979521,0.284663347058648,-0.32626089255241,0.788422407890024,0.866025403784439,0.333333333333333,-0.997788423389337,0.0423473449940484,3,87,85,85,11,0.723809523809524,7.26210317460317,0.161094222411187,0.0133387246651238,-0.0995238095238102,0.0044873952378699,0.85846705495441,5.22290382415483e-06,5.39235631657689e-05,-0.000205047145672169,3,-0.536295193993462,85,2.25706243337719
3664,17602,170,0.985005166907212,0.110385014228491,-0.898512571288978,0.289297389250558,0.99998506495287,0.00347935674482924,0.985184499185579,0.109721299443652,-0.90089814804117,0.285818032505704,-0.809922068702496,0.39901868869421,0.866025403784439,0.333333333333333,-0.997608605584528,0.0440359440827767,3,89,79,79,10,0.615384615384615,6.58558558558559,0.1166492335931,0.0118028059907041,-0.0846153846153852,0.0219908844566379,0.851972237238599,0.000145064926028209,0.000410062061168715,-0.00268260751594088,3,-0.736798414997538,79,7.82074432386897
3664,17603,170,0.99484975116711,0.0646391738271515,-0.912245460839306,0.268694159506182,0.998946371832412,0.0292265091971369,0.998182735710146,0.0383857435926904,-0.892484595359534,0.29792066870332,-0.885902662339638,0.307079903098875,0.866025403784439,0.333333333333333,-0.99484975116711,0.0646391738271513,3,94,55,55,9,0.554545454545455,6.05818181818182,0.0965190082644628,0.0125828144458282,-0.0762500000000006,0.0453482190324295,0.802628107064197,0.000655071139656711,0.00103581806321533,-0.00623538011695909,3,-1.03163517565913,55,7.04667826500576
3664,17604,170,0.989743318610787,0.0912578966859794,-0.928571428571428,0.242075436647354,0.996363032573904,0.0543120931584897,0.990533317198987,0.0876672211047604,-0.893568314067967,0.296387529805843,-0.86883172384007,0.329742657752114,0.866025403784439,0.333333333333333,-0.989743318610787,0.0912578966859794,3,103,31,31,6,0.625806451612903,5.0036638789327,0.122620917187791,0.0249213663960208,-0.0860483870967746,0.352447440218263,0.67151573261347,0.0411393466302373,0.0143505896858947,-0.0484615230300114,3,-0.845133754939703,31,9.99992755150683
3664,17605,170,0.997176464952738,0.0478513232833508,-0.901127113779166,0.285482010049984,0.999385626640699,0.0223168834799208,0.992975166161709,0.0755036095491834,-0.885378207132666,0.307798893529903,-0.843497342788104,0.360985619599167,0.866025403784439,0.333333333333333,-0.997176464952738,0.0478513232833507,3,113,17,17,5,0.811764705882353,4.12892156862745,0.210156430219147,0.0688080495356038,-0.111617647058824,0.141228070175439,0.605882352941177,0.00633889213716011,0.0118735305756652,-0.018468137254902,3,-0.0695665592999931,17,8.59875266541902
3664,17606,170,0.997176464952738,0.0478513232833488,-0.901127113779166,0.285482010049984,-0.989601604517697,0.0918872673661243,NA,NA,0.829396219651365,0.377369277416108,NA,NA,0.866025403784439,0.333333333333333,-0.997176464952738,0.0478513232833498,3,138,13,13,4,0.25,3.83974358974359,0.0193540433925049,-0.0206766917293233,0.0317307692307692,0.00415209790209792,0.798004079254079,8.61995849430297e-06,0.00415209790209784,-0.00114182692307691,2,-1.16108106448121,13,9.99993183781978
3664,17621,170,NA,NA,NA,NA,NA,NA,NA,NA,NA,NA,NA,NA,NA,NA,NA,NA,2,118,14,14,5,0.0909090909090908,3.95454545454545,0.00413223140495867,0.0303030303030302,-0.0249999999999999,0.0172135556750942,0.776358257127488,0.000148153249489784,-0.00573785189169811,0.00473372781065095,2,-1.04907975460123,14,9.99995366902755
3664,17622,170,NA,NA,NA,NA,NA,NA,NA,NA,NA,NA,NA,NA,NA,NA,NA,NA,2,137,8,8,4,0.0833333333333335,3.20833333333333,0.00347222222222223,0.0416666666666665,-0.0229166666666666,0.0295093795093795,0.859992784992785,0.000435401739514293,-0.0147546897546898,0.00811507936507941,2,-1.61172942303973,8,9.99991873048828
3664,17634,170,0.998906107238672,0.0297798216376974,-0.888458553103683,0.303553511695636,0.999958013983349,0.00583376562606208,-0.998909106655354,0.0297389585478395,-0.89262691493407,0.29771974606957,0.866057495796109,0.333292470243476,0.866025403784439,0.333333333333333,-0.998906107238672,0.0297798216376958,3,121,24,24,8,0.491666666666667,5.11751207729469,0.0758475547854094,0.0257552710525205,-0.0676041666666672,0.0906980183377699,0.859945058392263,0.00274184029946294,-0.00489170904305902,0.0124709775214434,3,-0.639568159315296,24,1.29417744894593
3664,17638,170,0.998442770921288,0.0355326622116641,-0.892569603966722,0.297800671121671,0.99946459580892,0.0208331712050351,-0.997208583378872,0.0475782569402871,-0.87733848342526,0.318633842326707,0.856410361654436,0.345378928061957,0.866025403784439,0.333333333333333,-0.998442770921288,0.035532662211664,3,123,20,20,7,0.5,4.57894736842105,0.0811980609418282,0.0317754968333698,-0.0687500000000004,0.0978598979718801,0.839720459541288,0.00312467961430118,-0.00621929075949046,0.0131648936170213,3,-0.537543883703041,20,9.99994209469326
3664,17639,170,NA,NA,-0.866025403784438,0.333333333333334,NA,NA,NA,NA,0.866025403784439,0.333333333333333,NA,NA,0.866025403784439,0.333333333333333,-1,0,3,134,11,11,6,0.0909090909090908,3.93939393939394,0.00275482093663911,-0.00909090909090903,0.0124999999999999,0,0.712626262626263,0,NA,4.31775426138039e-17,2,0.173559283376023,11,0.639386704247309
3664,17649,170,0.987829161147262,0.0994252840514123,-0.933256525257383,0.233908049281921,0.997870827960501,0.041550627353022,-0.998944612195459,0.0292509085227101,-0.907841299003203,0.275458676634944,0.948770499526772,0.204657140759212,0.866025403784439,0.333333333333333,-0.987829161147262,0.0994252840514117,3,129,9,9,5,0.555555555555555,3.35185185185185,0.0936213991769547,0.0949820788530467,-0.0763888888888892,0.143631436314363,0.841205316815073,0.00572949929672591,-0.0235222859141033,0.0197493224932249,3,-0.921254713077741,9,1.72760860780524
3664,17657,170,NA,NA,-0.802955068546966,0.406519728373661,-0.873508351782277,0.323678576297451,0.909280551164836,0.273265359910222,0.991545477020243,0.0828411520762093,-0.978173382102829,0.133254368463439,0.866025403784439,0.333333333333333,-0.993399267798783,0.0731863950403287,3,98,24,24,6,0.135869565217392,4.80193236714976,0.00469417314289716,-0.0137299771167047,0.0186820652173912,0.00890243009808223,0.752682318352608,2.0707395188743e-05,0.000949257063387522,-0.00122408413848638,3,0.610418621932597,24,9.99995465529445
3664,17658,170,NA,NA,-0.720576692122892,0.487754291644599,-0.553133980780463,0.62686351161393,-0.948503913750234,0.205193588775922,0.97622103992743,0.13910921996933,0.903107107178562,0.282560702868679,0.866025403784439,0.333333333333333,-0.970725343394151,0.154420958311266,3,124,13,13,5,0.138888888888889,3.82834757834758,0.00506032824408893,-0.0189020381328073,0.0190972222222222,0.0198177426438295,0.729520680607637,0.000120384301482949,-0.00499934383713646,0.00272493961352654,3,0.349752354626586,13,9.99992807776721
3664,17670,170,NA,NA,-0.866025403784439,0.333333333333333,NA,NA,NA,NA,0.866025403784439,0.333333333333333,-0.866025403784439,0.333333333333333,0.866025403784439,0.333333333333333,-1,0,3,110,11,11,5,0.12987012987013,3.77056277056277,0.00562208354416149,-0.0324675324675324,0.0178571428571428,0.0802308802308802,0.605074555074555,0.00214566471420728,0.0200577200577201,-0.0110317460317461,3,0.411109335648644,11,9.99994068451945
3664,17673,170,NA,NA,-0.866025403784439,0.333333333333333,NA,NA,NA,NA,-0.866025403784439,0.333333333333333,0.866025403784439,0.333333333333333,NA,NA,NA,NA,3,142,8,8,4,0.125,3.08333333333333,0.00520833333333333,0.0625000000000001,-0.0171875000000001,0.0782312925170069,0.74546485260771,0.0020400450429605,-0.0391156462585034,0.0107568027210885,3,0.0757614408414158,8,9.99995434071618
3664,17680,170,NA,NA,NA,NA,NA,NA,NA,NA,NA,NA,NA,NA,NA,NA,NA,NA,2,104,12,12,6,0.0277777777777777,4.09722222222222,0.0003858024691358,-0.00925925925925943,0.00763888888888904,0.0409397000306091,0.635254055708601,0.000838029519298127,-0.0136465666768697,0.0112584175084175,2,0.230202234313766,12,1.24007844088186
3664,17681,170,NA,NA,NA,NA,NA,NA,NA,NA,NA,NA,NA,NA,NA,NA,NA,NA,2,134,9,9,5,0.277777777777778,3.69444444444444,0.0385802469135803,-0.0925925925925928,0.0763888888888892,0.0569444444444445,0.62662037037037,0.00162133487654321,0.0189814814814815,-0.0156597222222223,2,-0.567366514613581,9,1.72760860776356
3664,17691,170,0.921352673663824,0.254170648863238,-0.992278687949304,0.079162684470096,-0.967299985408751,0.163252449554397,0.947361448788794,0.20747739817642,0.928373250459661,0.242415134024492,-0.900336945032819,0.286640082646516,0.965403473828455,0.167946700416546,-0.990290981851038,0.0887840159464514,3,75,109,109,11,0.897306397306397,7.99310565977233,0.233548079187008,-0.00956403719065919,0.12337962962963,0.0897975988777759,0.756376178304506,0.00248690567627623,0.000966578854103813,-0.0123471698456943,3,-1.13417347823805,109,1.75314163796713
3664,17692,170,0.860729343175666,0.340015862374894,-0.999944908134272,0.00668252904157291,-0.891793148120439,0.298895054006553,0.946641573721354,0.208904072444829,0.896493179324149,0.292212524964992,-0.949972384562563,0.202221543403268,0.933374654039091,0.233698603144544,-0.929555930087351,0.240381132186105,3,87,58,58,9,0.57471264367816,6.9639846743295,0.1027418857621,-0.0103939656438858,0.0790229885057468,0.190591768161575,0.555152248437185,0.0100629734211073,0.003452964518528,-0.0262063681222167,3,-0.48589881082871,58,2.55303008383358
3664,17693,170,0.871856214808605,0.325832607024602,-0.999930591705625,0.00750072630873094,-0.715582055847231,0.492323099155364,0.930204734733797,0.239258312301094,0.707302434818194,0.499823825464095,-0.925815751306907,0.246759038609825,0.922284755210229,0.252639814156539,-0.926774553221364,0.245139087847808,3,119,52,52,8,0.297619047619047,6.16147741147741,0.0237376837651563,-0.00449968780063165,0.0299679487179483,0.168337621624819,0.822962490398092,0.00826519780693518,0.00345150846282154,-0.0231464229734127,3,-1.53579118793548,52,8.55767454951668
3664,17694,170,0.914807404251073,0.264684547831303,-0.99419162560192,0.0686487855020305,0.993833227283634,0.0707371450392043,0.945178475976797,0.211775140251133,-0.999994619533783,0.00208835953718016,-0.904543325013088,0.280423925753163,0.904420552642053,0.280607178127116,-0.945084437488078,0.211958392625086,3,122,35,35,7,0.152380952380953,5.40937950937951,0.00580505112972648,0.0047050761336476,-0.0209523809523812,0.085795985060691,0.818461576549812,0.00224913328230937,0.00278529716554928,-0.0117969479458451,3,-1.09053129175204,35,9.99992665786232
3664,17695,170,0.952216581409108,0.19759612400303,-0.977355554850442,0.135737209330303,0.970069484840094,0.156149799766608,NA,NA,-0.999485993283954,0.020412590436306,NA,NA,0.873702471527078,0.323424627266796,-0.956854835789598,0.187687417936493,3,126,17,17,6,0.705882352941177,4.34640522875817,0.124695629885941,0.041849575651156,-0.097058823529412,0.0297004132231404,0.762009297520661,0.000441057272812647,-0.00594008264462812,0.00816761363636367,2,-0.0161290149196709,17,1.48241059384394
3664,17697,170,0.966013412478403,0.166451093828726,-0.986666070043373,0.104077765740859,0.993098959085616,0.0748346092812091,NA,NA,-0.960768922830523,0.178912375022067,NA,NA,0.891783329796439,0.298908868787076,-0.953534137602705,0.194831103046218,3,133,15,15,5,1.06666666666667,3.62222222222222,0.308148148148148,0.0777041942604858,-0.146666666666667,0.0132990132990133,0.816173316173316,8.84318773636661e-05,-0.00265980265980272,0.00365722865722874,2,-0.232444094233191,15,9.9999488856084
3664,17703,170,NA,NA,NA,NA,NA,NA,NA,NA,NA,NA,NA,NA,NA,NA,NA,NA,2,137,9,9,4,0.333333333333333,3.16666666666667,0.0555555555555556,0.0833333333333333,-0.0916666666666668,0.0856902356902357,0.81473063973064,0.00367140824632407,-0.0214225589225589,0.0235648148148148,2,0.0335719831132295,9,9.99994187785417
3664,17711,170,0.866025403784439,0.333333333333333,-1,9.48637384723993e-09,-0.866025403784439,0.333333333333333,0.948684455820426,0.204830433900433,0.866025403784438,0.333333333333333,-0.948684455820426,0.204830433900433,0.970299748302641,0.155544971201238,-0.970299748302641,0.155544971201238,3,127,18,18,5,0.222222222222222,4.42592592592593,0.0164609053497943,-0.0138888888888888,0.0305555555555555,0.450828393372853,0.59437604499164,0.0564571511638881,0.0281767745858033,-0.0619889040887674,3,-1.1699945852452,18,9.99992173944343
3664,17712,170,0.977355554850442,0.135737209330303,-0.952216581409108,0.19759612400303,0.92690390424425,0.244919762839549,0.979173394348286,0.130155043684914,-0.767988167384577,0.442515886842579,-0.870376278007402,0.327751167687945,0.922540865760434,0.25221764218163,-0.996321499208399,0.0546215181785995,3,137,11,11,4,0.0555555555555554,3.53367003367003,0.000875760976771073,0.00580431177446104,-0.00625000000000005,0.363085399449036,0.665080093867973,0.0435054321899588,0.0432169958289361,-0.0499242424242426,3,-0.968774180504626,11,9.99993067683054
3664,17728,170,NA,NA,NA,NA,NA,NA,NA,NA,NA,NA,NA,NA,NA,NA,NA,NA,2,122,17,17,6,0.686274509803921,4.00980392156863,0.235486351403306,0.0623885918003565,-0.188725490196079,0.0426470588235294,0.804656862745098,0.000909385813148787,0.00387700534759358,-0.0117279411764706,2,-0.716005186577653,17,9.99994876248959
3664,17734,170,NA,NA,NA,NA,NA,NA,NA,NA,NA,NA,NA,NA,NA,NA,NA,NA,2,123,11,11,5,1.72727272727273,2.86363636363636,1.49173553719008,0.172727272727273,-0.475000000000001,0,0.658800773694391,NA,NA,NA,1,-0.0699033958211654,11,9.99994068451945
3664,17737,170,NA,NA,NA,NA,NA,NA,NA,NA,NA,NA,NA,NA,NA,NA,NA,NA,1,148,8,8,4,0,3.125,NA,NA,NA,0,0.792207792207792,NA,NA,NA,1,-1.05372775235642,8,9.99995434071618
3664,17749,170,0.973684210526316,0.146372790080654,-0.957185972603853,0.186960543252678,-0.999970106570071,0.0049224813206617,0.991585753475761,0.0826433150106718,0.954919108405064,0.191883024573352,-0.911659168264483,0.269603858263351,0.933475827176208,0.233519077342585,-0.997326902657269,0.0465585340899049,3,100,51,51,10,1.105,6.97333333333333,0.334758333333333,-0.026371191135734,0.1519375,0.180507288629738,0.757619820089208,0.00980086679060778,0.00447444889800309,-0.024819752186589,3,-1.18706556251104,51,0.378446448483537
3664,17750,170,0.951101277244423,0.199907765396431,-0.978117467852777,0.133425567936902,-0.998979767644446,0.0287595176228278,0.998780052193834,0.031449222074897,0.967723873082945,0.16218508555973,-0.966650490158646,0.1648747900118,0.978465163047722,0.132357447088167,-0.999998592493397,0.00106812084872952,3,109,26,26,8,1.42666666666667,5.84608187134503,0.54335307274033,-0.0758167503564564,0.196166666666667,0.369125683060109,0.612793596011888,0.0364543689694887,0.0196341480765576,-0.0507547814207652,3,-0.910211920463535,26,1.93121440051821
3664,17751,170,NA,NA,NA,NA,NA,NA,NA,NA,NA,NA,NA,NA,NA,NA,NA,NA,2,123,10,10,4,0.166666666666667,3.58333333333333,0.0138888888888889,-0.0238095238095239,0.0458333333333336,0.346572104018913,0.471158392434988,0.060056111642048,0.0495103005741303,-0.0953073286052011,2,-0.249705265041004,10,9.99992530350537
3664,17760,170,0.995870594885822,0.0578746566983908,-0.817057169102883,0.391207990031723,-0.986009604768395,0.106614861137962,0.99056813229534,0.0875056134106724,0.901731586892699,0.284593128893762,-0.888351207958698,0.303702376621051,0.911323647237535,0.270123161659819,-0.981966518632854,0.121084828371905,3,127,16,16,7,0.933333333333334,5.07083333333333,0.267829861111111,-0.0926510989010988,0.128333333333333,0.221483942414175,0.711231081579919,0.0155401463662203,0.022420837744758,-0.0304540420819492,3,-0.971259123074271,16,-0.071962408598789
3664,17761,170,0.987829161147262,0.0994252840514129,-0.777713771047819,0.432758617384745,-0.948995582330662,0.204203149694707,0.962982569540718,0.17375893527297,0.936243679766961,0.228555467690038,-0.918377529231777,0.258999682111776,0.955539260893944,0.190548628232886,-0.928492962788298,0.242209989151859,3,136,12,12,6,0.303030303030304,4.48232323232323,0.0261899295990206,-0.0477761485826002,0.0416666666666667,0.0962566844919786,0.77774806892454,0.00274637165404702,0.0156992122362141,-0.0132352941176471,3,-0.810329263158328,12,-0.830080610972641
3664,17762,170,0.981980506061966,0.121037718323677,-0.755928946018454,0.45437105165701,0.962207061913005,0.175581113007919,0.931756832516753,0.236551663409925,-0.549085618652776,0.62995216466493,-0.94203552513297,0.217819388247085,0.95282765102912,0.196318422600585,-0.918965174939595,0.258052629056425,3,137,11,11,5,0.0606060606060606,3.6979797979798,0.000921334557698193,0.0110389610389611,-0.00458333333333342,0.0565656565656566,0.773492500765228,0.000901386629744591,0.0105732651187197,-0.00777777777777784,3,-0.589901361998096,11,9.99994083648797
3664,17775,170,0.986666070043373,0.104077765740858,-0.935856727586833,0.229255567592475,-0.999704806891007,0.0154688814918287,-0.987364847537257,0.101307992268721,0.927019001574644,0.2447244490843,0.868192575423975,0.330563559861196,0.886784668871097,0.305867225151418,-0.992767719019797,0.0766116575589425,3,114,25,25,9,0.7,6.06825396825397,0.14254724111867,-0.0307158625039419,0.09625,0.234166666666667,0.844280045351474,0.0181868724644053,-0.0108359800873992,0.0321979166666667,3,-0.540692530911229,25,-0.825690459455225
3664,17776,170,0.981980506061966,0.121037718323677,-0.944911182523068,0.212295615009657,-0.981980506061966,0.121037718323677,NA,NA,0.866025403784439,0.333333333333333,NA,NA,0.901700873848126,0.284638355003806,-0.993550407500106,0.0723427399941493,3,128,11,11,6,1,4.33333333333333,0.333333333333333,-0.107142857142857,0.1375,0.00131072631072637,0.750006012506013,8.59001730815185e-07,-0.000655363155363238,0.000360449735449782,2,0.206974624803828,11,-0.33224734932729
3664,17786,170,0.994596551660885,0.0662104247505546,-0.928571428571428,0.242075436647354,-0.992620479420702,0.0773885359579068,NA,NA,0.966726032131466,0.164686900689446,NA,NA,NA,NA,NA,NA,3,115,14,14,8,0.571428571428571,5.67063492063492,0.087348828420257,-0.0419096209912535,0.0785714285714284,0.00436230436230445,0.503879453879454,9.51484967469021e-06,-0.00218115218115234,0.00119963369963378,2,-0.5,14,-1.34062545785894
3664,17787,170,0.987829161147262,0.0994252840514125,-0.933256525257383,0.233908049281921,-0.628618557093712,0.567241382615255,NA,NA,0.866025403784439,0.333333333333333,NA,NA,NA,NA,NA,NA,3,139,13,13,7,0.230769230769231,4.92307692307692,0.0177514792899408,-0.0130272952853598,0.0317307692307692,0.0201819685690654,0.732671629445823,0.000203655927661372,0.0100909842845326,-0.00555004135649293,2,-1.62554205491025,13,-0.969646977126988
3664,17788,170,0.995870594885822,0.0578746566983908,-0.907841299003204,0.275458676634943,0.985038055254705,0.110263589520037,NA,NA,-0.821994936526786,0.38572226615498,NA,NA,NA,NA,NA,NA,3,141,11,11,6,0.3,4.19090909090909,0.0275206611570248,0.0296703296703297,-0.0375000000000002,0.0093347265761059,0.701846046673633,4.35685601253289e-05,-0.00933472657610591,0.00256704980842912,2,-2.13424987149873,11,-0.982449395579345
3664,17789,170,0.99484975116711,0.0646391738271515,-0.912245460839306,0.268694159506182,0.981539679025934,0.122513830525541,NA,NA,-0.817057169102883,0.391207990031723,NA,NA,NA,NA,NA,NA,3,148,10,10,5,0.666666666666667,3.42222222222222,0.134814814814815,0.0730593607305937,-0.0825000000000004,0.00429292929292924,0.832449494949495,9.21462095704496e-06,-0.00429292929292942,0.00118055555555559,2,-2.58748916491181,10,9.99994324587987
3664,17799,170,0.974017442445647,0.0259825575543533,-0.959272215527005,0.040727784472995,-0.903345741481149,0.0966542585188508,0.987735371263312,0.0998084237762065,0.947070220261618,0.0529297797383816,-0.905195479300346,0.279448625405818,0.889107979231188,0.110892020768812,-0.787087294889735,0.212912705110264,4,48,516,516,19,3.07572815533981,13.073352243299,2.05296446039494,-0.00508324539618822,0.289055485454275,0.0567796912526324,0.803182890894589,0.000983651614920517,0.000127696986291988,-0.007807207547237,3,-2.55997564595758,516,-0.0341893798220713
3664,17800,170,0.972079069446407,0.0279209305535935,-0.95882354149555,0.0411764585044497,-0.905461603484449,0.0945383965155514,0.981182896336664,0.123695780377764,0.941600481309426,0.0583995186905746,-0.884461805748237,0.309051516328526,0.887867443259889,0.112132556740111,-0.789327268838763,0.210672731161237,4,60,466,466,18,2.64592274678112,12.3263990035966,1.56238922155962,-0.00490419976065253,0.250708817199079,0.0573153903583872,0.85438261221648,0.00104984298680313,0.000145016946228721,-0.0078808661742783,3,-2.98041618793648,466,-0.0136691214767589
3664,17801,170,0.973595809625622,0.146619524861508,-0.957298092052425,0.186713808471825,-0.970302717087768,0.155537158101605,0.98103405015554,0.124185594159177,0.858936776540792,0.34225096657343,-0.88310366722551,0.310899402631003,0.915748104416911,0.263197864886997,-0.992791761560139,0.0764840564151721,3,62,283,283,16,1.6730277395239,10.5892488576555,0.918276394293208,-0.00684696012538265,0.2263500537717,0.0683943486465145,0.841385563468766,0.00149953659207521,0.000279747656052437,-0.00940422293889579,3,-1.85330644580514,283,0.105524053130426
3664,17802,170,0.97262878281303,0.149292428368807,-0.958503473591196,0.184040904964526,-0.961809324460123,0.176508546333861,-0.847827364109796,0.355820644209203,0.843865151798933,0.360549451298387,0.661474982375648,0.53986154917373,0.912622703732807,0.268107291213902,-0.991293906243507,0.0840663862493758,3,81,69,69,12,0.289308176100629,7.47844316835293,0.0266196857217753,-0.00455795671152259,0.0378623188405794,0.0233715475394509,0.822158301328978,0.000142121765697579,-0.000293573924139642,0.00216858482523443,3,0.335213758031809,69,-0.209446324722372
3664,17803,170,0.986486486486486,0.104777865643294,-0.936243679766961,0.22855546769004,0.988329068712691,0.097357893502414,NA,NA,-0.871794082302596,0.325913361192454,NA,NA,0.876602425825075,0.319608964345538,-0.98978913485501,0.0910534966554983,3,93,41,41,9,1.8780487804878,5.24366331898613,1.16018143618857,0.0498337338462973,-0.258231707317074,0.00669335664118498,0.808009039132686,2.24005115630475e-05,0.000956193805883554,-0.00184067307632584,2,1.19006652759097,41,6.49883710311947
3664,17804,170,0.9798637100972,0.127972398687712,-0.948420614036603,0.205360934645621,0.984441728116351,0.112445086983371,NA,NA,-0.877961737237976,0.317806021628992,NA,NA,0.891123185664484,0.299836367191109,-0.989008667420056,0.094475432545488,3,109,20,20,6,1.8,4.18333333333333,1.05083333333333,0.100747508305648,-0.247500000000001,0.000186942766752907,0.708376473971815,1.74737990206158e-08,-4.67356916882975e-05,5.14092608571273e-05,2,0.522022404199694,20,4.13185642829919
3664,17805,170,NA,NA,NA,NA,NA,NA,NA,NA,NA,NA,NA,NA,NA,NA,NA,NA,2,154,8,8,5,0.175,3.2875,0.0153125,0.0583333333333334,-0.0481250000000002,0.00758928571428574,0.766294642857143,2.87986288265308e-05,0.00252976190476189,-0.00208705357142856,2,-0.903525331516144,8,0.299045240986007
3664,17812,170,0.996615895540124,0.0523889328216467,-0.904194430179465,0.280944400511686,0.998897625060017,0.0298950780167897,NA,NA,-0.883147826354499,0.310839478528478,NA,NA,0.904126541393763,0.281045571057751,-0.999999987372484,0.000101170545508084,3,128,12,12,5,2.08333333333333,3.36111111111111,1.3912037037037,0.193693693693694,-0.286458333333334,0.0154401154401155,0.732106782106782,0.000119198582402046,-0.0154401154401155,0.00424603174603174,2,-0.438178046004133,12,0.97879403375851
3664,17816,170,NA,NA,NA,NA,NA,NA,NA,NA,NA,NA,NA,NA,NA,NA,NA,NA,2,143,8,8,4,0.0714285714285716,3.46428571428571,0.00255102040816328,0.0714285714285712,-0.0196428571428571,0.00132275132275128,0.697751322751323,8.74835530920132e-07,-0.00132275132275133,0.000363756613756615,2,0.25712973861329,8,-0.175688934872266
3664,17823,170,NA,NA,NA,NA,NA,NA,NA,NA,NA,NA,NA,NA,NA,NA,NA,NA,2,104,21,21,8,0.00793650793650791,4.9484126984127,3.14940791131265e-05,0.00264550264550234,-0.00218253968253943,0.0380414792179498,0.751542030953796,0.000723577070544852,0.0126804930726499,-0.0104614067849361,2,1.24280589248018,21,1.94516663522701
3664,17824,170,NA,NA,NA,NA,NA,NA,NA,NA,NA,NA,NA,NA,NA,NA,NA,NA,2,122,14,14,7,0,4.28571428571429,0,NA,0,0,0.791437728937729,0,NA,4.31775426138039e-17,2,0.706093189964157,14,1.91046456324663
3664,17825,170,NA,NA,NA,NA,NA,NA,NA,NA,NA,NA,NA,NA,NA,NA,NA,NA,2,123,9,9,6,0,3.77777777777778,0,NA,3.45420340910431e-16,0,0.586879432624113,0,NA,4.31775426138039e-17,2,1.84324473241891,9,-1.41505508095585
3664,17843,170,0.940129359310246,0.221407866969083,-0.984584818984316,0.111925466364251,-0.987879766487649,0.0992179474052058,0.281816444184452,0.818126158548807,0.945502054761924,0.211143413769455,-0.445290677142225,0.706200692184557,0.962039014453934,0.175973542510929,-0.994943435044849,0.0640480761466801,3,94,28,28,11,0.857142857142857,7.48621553884712,0.205457252152939,-0.0339136560330079,0.117857142857143,0.0532105116592652,0.590195029484041,0.00071057638227674,0.000568959689709898,-0.00326423698134229,3,-0.755888239827298,28,-1.14784642958888
3664,17844,170,0.958949552936225,0.183042121553159,-0.972263032730343,0.150291211780175,-0.818371123284671,0.389754802267111,-0.99394083994551,0.0701166027033482,0.661257646545972,0.540046014047286,0.940663582611696,0.220407814483521,0.958772666018641,0.183438808559323,-0.998644761492525,0.0331475967791483,3,115,26,26,10,0.684210526315789,6.61808367071525,0.121790774038803,-0.0231398222875822,0.0634615384615383,0.0501258741258742,0.787898853583064,0.00070989687664481,-0.00214565896565205,0.0068923076923077,3,-1.3184119984704,26,-1.10166070590346
3664,17845,170,0.960768922830523,0.178912375022067,-0.970725343394151,0.154420958311267,-0.123596965934502,0.921114004968862,-0.99309439741813,0.0748593669936049,-0.118371849513542,0.924465036719871,0.935843023030518,0.229280325304871,0.946882983087565,0.208426687936693,-0.99640392310602,0.0540057296254273,3,117,23,23,9,0.337595907928389,5.91645353793691,0.0337277577549423,-0.00209849826218109,-0.0059782608695653,0.114699082705646,0.779238300585355,0.00375537995850348,-0.00562632147405104,0.0157711238720263,3,-1.37222304804317,23,-1.16221832519964
3664,17846,170,0.95632471578712,0.188845422857524,-0.974354703692446,0.144487910475809,0.731307135601916,0.477821243809142,-0.976764129513072,0.137505203766117,-0.866025403784439,0.333333333333333,0.903489600384697,0.281993114241927,0.983933098036657,0.114273201194916,-0.998873930815831,0.0302147092808926,3,125,22,22,8,0.272727272727272,5.09090909090909,0.024793388429752,0.0112197928653625,-0.0375000000000003,0.164886964886965,0.89497594997595,0.00832657389419054,-0.00868440279832683,0.0226719576719577,3,-1.59675629185744,22,-0.507953403281454
3664,17847,170,0.917662935482247,0.260146938293006,-0.993399267798783,0.0731863950403275,0.989979638828857,0.0901986682773981,NA,NA,-0.967247129904906,0.163385063317725,NA,NA,0.935123007094708,0.230577481195749,-0.969594174133342,0.157391086155422,3,128,16,16,7,0.6875,4.39583333333333,0.126302083333333,0.0466008771929825,-0.0945312500000003,0.0273809523809524,0.814880952380952,0.000374858276643991,-0.00456349206349208,0.00752976190476195,2,-1.23253350705916,16,-0.777122330918482
3664,17848,170,0.970725343394151,0.154420958311266,-0.960768922830523,0.178912375022067,0.965212700415618,0.168411824613903,NA,NA,-0.999863973338145,0.0105005504081678,NA,NA,0.887784112420296,0.304487702884041,-0.980608572326128,0.125575327861974,3,135,9,9,5,0.555555555555555,3.28042328042328,0.0771814898799025,0.0644078144078146,-0.0763888888888893,0.080045351473923,0.803514739229025,0.00320362914629193,-0.0400226757369616,0.0220124716553289,2,-0.933686382813016,9,1.57227367386067
3664,17870,170,0.97392033823297,0.145711724496409,-0.956884867306342,0.187621608836925,-0.968405658401132,0.160453758399222,0.983240026316373,0.116718641221688,0.854215886316705,0.348075367236147,-0.887890693296327,0.304340250058612,0.919050449362278,0.257914927455712,-0.993910290551073,0.0702933186187874,3,68,214,214,15,1.60833333333333,10.0919262720665,0.840090415061319,-0.00875605105929914,0.215309579439252,0.0667242455663093,0.82074178532667,0.00141184930734149,0.000364453121704228,-0.00917458376536758,3,-2.34957935011811,214,0.165991623794254
3664,17871,170,0.97461933724949,0.143737292858469,-0.955979402166757,0.189596040474864,-0.960872529112975,0.178674406687673,0.988476182254254,0.0967411523271129,0.837295846643905,0.368270447162536,-0.900543898728384,0.286337192801976,0.91277061045275,0.267876866222106,-0.992449542344425,0.0782808257472421,3,72,177,177,14,1.29172932330827,9.42847797459751,0.524094766684105,-0.0084176745837431,0.166692685102587,0.044531763317605,0.81185916758599,0.000611321987834193,0.000295748575324282,-0.00612311745617074,3,-1.80958912423099,177,0.248908033066991
3664,17872,170,0.97298744372279,0.148306592955796,-0.958060863529577,0.185026740377538,-0.973103188401975,0.147987074642768,0.985680493597577,0.1078645537073,0.866276243793451,0.333013815020306,-0.89602027834095,0.292891294084837,0.91548069699569,0.263621279161506,-0.992388980693885,0.0785945387839683,3,77,92,92,13,1.04227053140097,8.74979871175523,0.361899611620652,-0.0135144369693521,0.143312198067633,0.164687891195605,0.674002879219217,0.00844554477276052,0.00209119725123967,-0.0226445850393958,3,-0.96616436192285,92,-0.0959344437536967
3664,17873,170,0.976656155386512,0.137825568867478,-0.953213364035372,0.195507764465855,-0.927120021269607,0.24455290215464,0.98421906998389,0.113248956296109,0.770452496019006,0.440060666620495,-0.884677782312128,0.308756720761964,0.89379853625081,0.296060886942104,-0.987552050863937,0.100553122476248,3,94,80,80,12,0.631944444444445,8.06064814814815,0.113638760288066,-0.00839191300168227,0.071423611111111,0.111095380857206,0.76762346376666,0.00394240985508283,0.00165933636458251,-0.0152756148678659,3,-0.741772592767553,80,-0.127403701382308
3664,17874,170,0.985643067827428,0.108005758914874,-0.938013116266573,0.225327574418459,-0.983133449198924,0.11709020796581,0.864367778278756,0.335437866447014,0.858802564424466,0.342417782384269,-0.636497101318871,0.560765440865473,0.882386829230705,0.311870674077589,-0.990774164011247,0.0865430996591313,3,101,59,59,11,0.124444444444444,7.36215944758318,0.00507914971692303,-0.00262891704468427,0.0168314500941618,0.0130868579315785,0.772878216335931,4.4023488382944e-05,0.000215183862050855,-0.00116137199761707,3,-1.12894615430462,59,0.164933384739766
3664,17875,170,0.983044731530718,0.117398623337756,-0.9430246640072,0.215934709995576,0.954672558934751,0.192411037627781,-0.991720159814843,0.0819796785828253,-0.801242145016843,0.408345747623358,0.89248904510782,0.297914388578403,0.890254093945435,0.301053404539262,-0.991074910338217,0.0851186945436847,3,104,44,44,10,0.364864864864865,6.72768222768223,0.0394242243136592,0.0099308532519878,-0.0437500000000005,0.0485891838957379,0.699135820700303,0.00074099184776553,-0.00141431583251428,0.00668101278566392,3,-2.04512950332986,44,0.168363648728689
3664,17876,170,0.98432413828809,0.112870330958244,-0.940634162003545,0.220463002375089,-0.994433971223074,0.0672000338241713,0.981278203883085,0.123381139981834,0.899636491598013,0.287663036199261,-0.857652575895689,0.343844142356923,0.882971285744072,0.311078981209674,-0.989886861472653,0.0906159788345845,3,125,37,37,9,0.448648648648648,6.5128160418483,0.0621754031782999,-0.0145775997492958,0.0616891891891888,0.153237753882915,0.783416032519975,0.0076822343521693,0.00505634493320931,-0.0206722555889223,3,-2.76468976344727,37,0.161445718838895
3664,17877,170,0.979075562484947,0.130461455509899,-0.949652826456883,0.202871877823435,-0.296831992494877,0.808139730813702,0.986062572897198,0.106412373813623,0.581070813220258,0.605267852990267,-0.884291162524256,0.309284251637059,0.880219650446567,0.314790321313469,-0.984586748420546,0.111918443490034,3,127,33,33,8,0.124579124579125,5.79304152637486,0.00391630483661909,-0.00126004420482938,0.00999999999999948,0.115812191684285,0.7895128737183,0.00428803182662234,0.00437996161574775,-0.0159241763565892,3,-2.41471601223144,33,1.11896607008842
3664,17878,170,0.974354703692446,0.144487910475809,-0.95632471578712,0.188845422857524,0.972698441754126,0.14910146063295,NA,NA,-0.862379220710763,0.337946883490475,NA,NA,0.866025403784439,0.333333333333333,-0.974354703692446,0.144487910475809,3,134,18,18,7,2.85714285714286,3.8968253968254,2.69860166288738,0.179776974080772,-0.389583333333335,0.00817192974055714,0.822531861747548,3.33902178423011e-05,-0.00204298243513926,0.00224728067865319,2,-0.252210907067047,18,0.0996006862251937
3664,17879,170,0.970725343394151,0.154420958311266,-0.960768922830523,0.178912375022067,0.984578537918081,0.111948325534396,NA,NA,-0.897431963927253,0.290860700556464,NA,NA,0.866025403784439,0.333333333333333,-0.970725343394151,0.154420958311266,3,135,9,9,5,2.77777777777778,2.78306878306878,2.39514571260603,0.365995115995116,-0.381944444444445,0.0490929705215419,0.685657596371882,0.00120505987731449,-0.0245464852607711,0.0135005668934241,2,0.582416024285028,9,-0.592864346568813
3664,17880,170,NA,NA,NA,NA,NA,NA,NA,NA,NA,NA,NA,NA,NA,NA,NA,NA,2,144,8,8,4,0.125,3.0625,0.0078125,0.0624999999999996,-0.0343749999999998,0.0403846153846155,0.779807692307692,0.00081545857988166,-0.0201923076923078,0.0111057692307693,2,0.504076121241895,8,9.99992830104803
3664,17887,170,NA,NA,NA,NA,NA,NA,NA,NA,NA,NA,NA,NA,NA,NA,NA,NA,2,140,9,9,6,0.253968253968254,4.01587301587302,0.0322499370118419,-0.126984126984128,0.0698412698412704,0.0329365079365079,0.686309523809524,0.000542406777525825,0.0164682539682539,-0.00905753968253964,2,-0.0344554563530514,9,-1.03491775752962
3664,17895,170,0.985329278164293,0.109182553509248,-0.938652204581148,0.224150779824086,-0.995367685018281,0.0613002087660608,0.972227271120077,0.15038851950882,0.967459904674548,0.162850571058027,-0.993295100434883,0.0737622603152674,0.906866608167808,0.276934788836807,-0.996564691923209,0.0527840090127223,3,133,15,15,7,0.9,4.98205128205128,0.216351084812623,-0.0790141896938013,0.12375,0.0922779922779923,0.657347457347457,0.00215764353275491,0.0077072538237587,-0.012688223938224,3,-3.17053744534073,15,0.542407553452289
3664,17896,170,0.99484975116711,0.0646391738271499,-0.912245460839306,0.268694159506182,-0.998507503106759,0.03478611022426,-0.799601501127507,0.410088162815758,0.933256525257382,0.233908049281922,0.483428924317957,0.678782322321941,0.88998463307532,0.30142982282338,-0.9986782285926,0.0327356633171978,3,145,13,13,6,0.5,4.19444444444444,0.0717592592592593,-0.0542237442922374,0.0687500000000001,0.00848484848484854,0.895804195804196,1.80046837389497e-05,-0.000687805345339551,0.00056410256410248,3,-3.75382842714723,13,9.99995008351559
3664,17897,170,0.987829161147262,0.0994252840514129,-0.933256525257383,0.233908049281921,-0.999967950334881,0.00509692248418092,0.99837599926145,0.0362866623886737,0.936102505652664,0.228811126797753,-0.911277371363759,0.270194711670595,0.891936852469492,0.298692788491465,-0.994826548696331,0.0647847392095435,3,147,8,8,5,1.125,3.81547619047619,0.361075680272109,-0.18692396313364,0.1546875,0.281055900621118,0.742408557625949,0.023780679043304,0.0478945435116543,-0.0386451863354038,3,-2.50943158436128,8,1.07793151846921
3664,17918,170,0.99124070716193,0.0843232163219443,-0.924473451641905,0.24901011701139,-0.97932079903846,0.129692020577063,NA,NA,0.828224761463235,0.378702137588453,NA,NA,0.866025403784439,0.333333333333333,-0.99124070716193,0.0843232163219441,3,116,15,15,7,1.23076923076923,5.21196581196581,0.468121849660311,-0.0884913536076325,0.155833333333333,0.0225342558675893,0.589397639397639,0.000253896343752991,-0.0112671279337947,0.0061969203635871,2,1.57234271507405,15,-0.227940815821495
3664,17919,170,0.987829161147262,0.0994252840514118,-0.933256525257383,0.233908049281921,-0.980301832652309,0.126567884495735,NA,NA,0.843927108143879,0.360475933777656,NA,NA,0.866025403784439,0.333333333333333,-0.987829161147262,0.0994252840514122,3,139,13,13,6,0.727272727272728,4.52680652680653,0.168239685722203,-0.0625422964132641,0.0951923076923077,0.0113843146101211,0.779058575832769,6.48013095711087e-05,-0.0056921573050606,0.00313068651778333,2,0.671442387257691,13,0.65981376358414
3664,17921,170,0.992064532916446,0.0802544237868421,-0.944911182523068,0.212295615009657,-0.999884599849596,0.00967169260224889,NA,NA,0.939829496790326,0.221967307611908,NA,NA,0.866025403784439,0.333333333333333,-0.981980506061966,0.121037718323677,3,141,11,11,5,0.272727272727273,3.83501683501683,0.0210522735775261,-0.0274170274170274,0.0375,0.000313479623824442,0.741222570532915,4.91347372765568e-08,-0.000156739811912314,8.6206896551773e-05,2,0.872738779007573,11,9.99991923499425
3664,17932,170,NA,NA,NA,NA,NA,NA,NA,NA,NA,NA,NA,NA,NA,NA,NA,NA,2,121,21,21,9,0.809523809523809,5.40476190476191,0.32766439909297,0.115646258503401,-0.222619047619048,0.0593929879644166,0.814438962398146,0.00176376350967067,-0.00848471256634526,0.0163330716902147,2,0.310111275007353,21,-1.00918854914908
3664,17939,170,NA,NA,NA,NA,NA,NA,NA,NA,NA,NA,NA,NA,NA,NA,NA,NA,2,122,14,14,8,0.946428571428571,5.09821428571429,0.447863520408163,0.157738095238095,-0.260267857142857,0.136389652014652,0.698918269230769,0.00930106858833894,-0.0227316086691087,0.0375071543040294,2,0.962406015037594,14,-1.30936636603077
3664,17940,170,NA,NA,NA,NA,NA,NA,NA,NA,NA,NA,NA,NA,NA,NA,NA,NA,2,124,12,12,7,1.16666666666667,4.58333333333333,0.680555555555556,0.233333333333333,-0.320833333333334,0.194758140410314,0.62208262751741,0.0189653666280419,-0.0389516280820629,0.0535584886128365,2,1.21243439913765,12,-1.38665629538164
3664,17941,170,NA,NA,NA,NA,NA,NA,NA,NA,NA,NA,NA,NA,NA,NA,NA,NA,2,133,11,11,6,1.04545454545455,4.02272727272727,0.546487603305785,0.209090909090909,-0.2875,0.220802620802621,0.644553644553645,0.024376898676653,-0.0441605241605242,0.0607207207207208,2,1.08970083919896,11,-1.09513738340705
3664,17942,170,NA,NA,NA,NA,NA,NA,NA,NA,NA,NA,NA,NA,NA,NA,NA,NA,2,147,9,9,5,0.861111111111111,3.68055555555556,0.370756172839506,0.172222222222222,-0.236805555555556,0.286231884057971,0.632246376811594,0.0409643457256879,-0.0572463768115942,0.0787137681159421,2,0.87287156094397,9,-1.23408441265651
3664,17943,170,NA,NA,NA,NA,NA,NA,NA,NA,NA,NA,NA,NA,NA,NA,NA,NA,2,153,8,8,4,0.5,3.25,0.125,0.0999999999999998,-0.1375,0.280812324929972,0.6046918767507,0.0394277809162881,-0.0561624649859944,0.0772233893557424,2,0.51425947722658,8,-0.175688934872266
3664,17952,170,NA,NA,NA,NA,NA,NA,NA,NA,NA,NA,NA,NA,NA,NA,NA,NA,2,124,12,12,5,0.208333333333333,4.02083333333333,0.0217013888888889,-0.0520833333333337,0.0572916666666671,0.00637587050630528,0.780197157914549,2.03258623565868e-05,-0.00159396762657635,0.00175336438923398,2,-1.55382285817068,12,9.99995835700125
3664,17953,170,NA,NA,NA,NA,NA,NA,NA,NA,NA,NA,NA,NA,NA,NA,NA,NA,2,137,8,8,4,0.15,3.325,0.01125,-0.0500000000000001,0.0412500000000002,0.000216450216450226,0.81504329004329,2.34253481006748e-08,-7.21500721500818e-05,5.95238095238175e-05,2,-1.64285886886455,8,9.99993770741043
3664,17963,170,0.976358831693507,0.138703980115631,-0.953629569311135,0.194629353217702,-0.953184877464425,0.195567746340684,0.984243834775997,0.113159826516812,0.817971654714445,0.390197099558387,-0.885385300220827,0.307789179734515,0.901996237710572,0.284203142576573,-0.990117767818001,0.0895737893588708,3,99,85,85,11,1.58529411764706,8.09509803921569,0.763445790080738,-0.0211794504393695,0.196544117647059,0.083899475283071,0.807717556926772,0.00224488389145899,0.00118590004621185,-0.0115361778514223,3,-1.58649235584501,85,0.578611366608303
3664,17964,170,0.969548595896132,0.157509611362271,-0.962103214244314,0.175823721971062,-0.945320552504652,0.211497986410198,0.987087711012214,0.102415375345684,0.820561546183054,0.38732170838126,-0.906001303421238,0.278239097316745,0.916542193888034,0.261936698326068,-0.990865502280426,0.086112976355006,3,108,63,63,10,1.35714285714286,7.63756613756614,0.561875367430923,-0.0247906588175866,0.169146825396825,0.142640354789158,0.813483804898997,0.00619679578867867,0.00271849356348304,-0.0196130487835093,3,-1.10298312274958,63,0.227236696188161
3664,17965,170,0.961865630178859,0.176377542921681,-0.969761276409515,0.156955790411653,-0.953294622835958,0.195336566361025,0.99593936130617,0.0573904148514086,0.850753214576208,0.352292356772678,-0.943851943259591,0.214346205263062,0.931239355806975,0.23745734016019,-0.992015651836734,0.0805015497485377,3,109,46,46,9,0.771428571428571,7.06583850931677,0.191886115504803,-0.0207672574029791,0.10248447204969,0.170134292728733,0.743163498075242,0.00812299114992086,0.00446396842213368,-0.0233934652502009,3,-1.14537549327026,46,0.0488707286187492
3664,17966,170,NA,NA,NA,NA,NA,NA,NA,NA,NA,NA,NA,NA,NA,NA,NA,NA,2,114,14,14,7,0.571428571428571,5,0.163265306122449,0.0816326530612242,-0.157142857142857,0.0992281527995813,0.735249869178441,0.00492311315400853,-0.0141754503999402,0.0272877420198849,2,-0.918478260869565,14,-1.14688187668719
3664,17968,170,NA,NA,NA,NA,NA,NA,NA,NA,NA,NA,NA,NA,NA,NA,NA,NA,2,118,12,12,6,0.0333333333333332,4.81666666666667,0.000555555555555552,0.00476190476190464,-0.00916666666666643,0.0618298368298368,0.655623543123543,0.00191146436120212,-0.00883283383283384,0.0170032051282052,2,-1.21151876958096,12,-1.19623639150825
3664,17969,170,NA,NA,NA,NA,NA,NA,NA,NA,NA,NA,NA,NA,NA,NA,NA,NA,2,134,11,11,5,0.568181818181818,4.46590909090909,0.161415289256198,-0.0811688311688311,0.15625,0.104124579124579,0.741877104377104,0.00542096398893537,0.0148749398749399,-0.0286342592592593,2,-1.77152774905193,11,-0.466874264802875
3664,17970,170,NA,NA,NA,NA,NA,NA,NA,NA,NA,NA,NA,NA,NA,NA,NA,NA,2,137,10,10,4,0.25,3.625,0.03125,-0.0416666666666669,0.0687500000000005,0.0636363636363637,0.784343434343434,0.00202479338842976,0.0106060606060606,-0.0175,2,-1.72720430580865,10,9.99992192011833
3664,17979,170,0.9888472349024,0.0951679815279443,-0.930833506399431,0.238165351805389,-0.991013658550672,0.0854107120701097,0.995287769837482,0.0618271257162304,0.873586729455274,0.323576063875498,-0.96188252074292,0.17633822608916,0.885637480499797,0.307443641916541,-0.994084718033581,0.0692782901111518,3,116,32,32,8,0.508928571428571,6.23511904761905,0.0848480017006802,-0.0214962371270134,0.0699776785714284,0.0370281475792228,0.745538874981826,0.000370475860091295,0.00142656189625081,-0.00509137029214317,3,-0.476368750089468,32,0.708287253534587
3664,17986,170,0.995402274496796,0.0610707393850518,-0.909934970960094,0.272262593948282,-0.944216476319658,0.213642640082893,0.915639379512949,0.263370097833209,0.722587553354436,0.485905234031175,-0.666442139533567,0.535632691781492,0.866025403784439,0.333333333333333,-0.995402274496796,0.0610707393850517,3,123,25,25,7,0.478260869565218,5.72057971014493,0.0620531821046,-0.0225289190267251,0.0494999999999999,0.0367729094833628,0.725567329165849,0.000352798146010847,0.00164730630443655,-0.00344237588652484,3,-0.742294047324594,25,0.61000329629206
3664,17988,170,0.99419162560192,0.0686487855020297,-0.914807404251074,0.264684547831303,-0.657257940487085,0.543432427595344,-0.939206223072627,0.223125817868801,0.29686612538799,0.808116975426647,0.997869997773082,0.0415587299625044,0.866025403784439,0.333333333333333,-0.99419162560192,0.0686487855020298,3,133,23,23,6,0.142857142857143,4.93788819875776,0.00536244743644152,-0.00517998033525981,0.00597826086956512,0.0277463233984973,0.881098715881325,0.000193287142695982,-0.00140531340799931,0.00381511946729334,3,-1.03496938411662,23,5.60520718502811
3664,17989,170,0.989743318610787,0.0912578966859794,-0.928571428571428,0.242075436647354,-0.476916386619582,0.683508896940614,-0.979982937984387,0.127591693884852,0.116625841269417,0.925584333587968,0.983873998660165,0.114483742762502,0.866025403784439,0.333333333333333,-0.989743318610787,0.0912578966859794,3,135,18,18,5,0.0875000000000004,4.36712962962963,0.00226916152263377,-0.00324546485260763,0.00152777777777755,0.0441830065359478,0.867018362900716,0.00050416369888551,-0.0031434478553326,0.0060751633986928,3,-0.88346215688077,18,9.99992663075287
3664,17990,170,0.960768922830523,0.178912375022067,-0.970725343394151,0.154420958311267,0.998130447247884,0.0389342369234082,0.299369039578563,0.8064476652284,-0.954230058715089,0.193355195234676,-0.0614287232309624,0.960868623539667,0.866025403784439,0.333333333333333,-0.960768922830523,0.178912375022067,3,143,9,9,4,0.833333333333333,2.99206349206349,0.190665154950869,0.120879120879121,-0.114583333333334,0.0599647266313933,0.799137762100725,0.00112197836847825,0.00278116944783615,-0.000565843621399231,3,0.190060743108767,9,9.99994187785417
3664,17998,170,0.999321650572021,0.0234501921521322,-0.866025403784439,0.333333333333333,NA,NA,NA,NA,0.866025403784439,0.333333333333333,0.866025403784439,0.333333333333333,0.866025403784439,0.333333333333333,-1,NA,3,137,9,9,4,0.555555555555555,3.62962962962963,0.102880658436214,-0.0925925925925924,0.0763888888888889,0.0252525252525253,0.801346801346801,0.000212563343876476,-0.00420875420875417,0.00347222222222217,3,-0.782390972309534,9,9.99994627250967
3664,18010,170,0.98432413828809,0.112870330958244,-0.940634162003545,0.220463002375089,-0.962745453583343,0.174318047321744,NA,NA,0.813808364681716,0.394781049696833,NA,NA,0.866025403784439,0.333333333333333,-0.98432413828809,0.112870330958244,3,125,17,17,7,2.5,5.42156862745098,1.8861014994233,-0.15546218487395,0.307352941176471,0.0224143503555267,0.847645083674495,0.000251201550930151,-0.00747145011850902,0.00616394634776994,2,0.113433186030602,17,0.547507361436295
3664,18011,170,0.975417269131967,0.141450308759981,-0.954919108405064,0.191883024573352,-0.949261235906098,0.203666070576838,NA,NA,0.813106668378012,0.39554909515019,NA,NA,0.866025403784439,0.333333333333333,-0.975417269131967,0.141450308759981,3,127,14,14,6,2,4.73809523809524,1.20578231292517,-0.153134635149023,0.245535714285715,0.0214529656390122,0.816757660943707,0.00023011486735432,-0.00715098854633748,0.00589956555072843,2,0.552941176470588,14,9.99993362532918
3664,18012,170,0.960768922830523,0.178912375022067,-0.970725343394151,0.154420958311267,-0.9267987641757,0.245098050422626,NA,NA,0.809460858289525,0.399519008733893,NA,NA,0.866025403784439,0.333333333333333,-0.960768922830523,0.178912375022067,3,129,8,8,5,1.83333333333333,3.84722222222222,1.00752314814815,-0.25801282051282,0.2234375,0.0317653890824623,0.673548199767712,0.000504519971780107,-0.0158826945412312,0.00873548199767717,2,1.7958267458706,8,0.299045240996096
3664,18026,170,0.99028229600855,0.0888237853889589,-0.92714554082312,0.244509547944374,-0.985177443123847,0.10974748926731,0.992434308234987,0.0783598569921469,0.849127211774855,0.354257037211684,-0.874126401589029,0.322869404936521,0.866025403784439,0.333333333333333,-0.99028229600855,0.0888237853889589,3,121,22,22,7,1.60526315789474,5.44976076555024,0.82814610471372,-0.0831219752951015,0.2125,0.482639809170421,0.624857340217168,0.0762145368241731,0.0254020397056046,-0.0663629737609332,3,-1.22630531005185,22,3.27983563898449
3664,18027,170,NA,NA,NA,NA,NA,NA,NA,NA,NA,NA,NA,NA,NA,NA,NA,NA,2,127,8,8,4,0.125,3.0625,0.0078125,0.0624999999999996,-0.0343749999999998,0.0421373200442968,0.84249723145072,0.000887776870257749,-0.0210686600221485,0.0115877630121817,2,-0.371409622441419,8,9.99992830104803
3664,18034,170,0.997176464952738,0.0478513232833488,-0.901127113779166,0.285482010049984,-0.986022898462053,0.106564077641099,0.992420823354315,0.0784297475084053,0.816297435562646,0.392046087691083,-0.841019579524872,0.36391175755839,0.866025403784439,0.333333333333333,-0.997176464952738,0.0478513232833498,3,127,14,14,6,1.19230769230769,4.74542124542125,0.430694763112346,-0.0971866479385275,0.147321428571429,0.293381037567084,0.539143027515121,0.0272249913338949,0.0245931721714201,-0.038161257347304,3,-1.11067193675889,14,0.775642305439109
3664,18035,170,0.995870594885822,0.0578746566983908,-0.907841299003204,0.275458676634943,-0.97636484808081,0.138686259620805,0.989104104824966,0.0940636235349026,0.795758489968368,0.414144936255748,-0.836219095806315,0.369522300169846,0.866025403784439,0.333333333333333,-0.995870594885822,0.0578746566983908,3,144,12,12,5,0.772727272727273,4.02020202020202,0.175466789103153,-0.0742590742590743,0.0916666666666669,0.26013986013986,0.744832944832945,0.0212137693955876,0.0261571761571762,-0.0334935897435898,3,-1.86586805303958,12,9.99993342206991
3664,18047,170,0.970725343394151,0.154420958311266,-0.960768922830523,0.178912375022067,-0.975791106864074,0.140366235057207,NA,NA,0.876852019692471,0.319278610079274,NA,NA,0.89042020845527,0.3008211371035,-0.981721015372952,0.121908762081433,3,114,37,37,9,1.64864864864865,6.91473616473616,0.883778876780807,-0.0489637989637989,0.226689189189189,0.0108143858143858,0.813608251108251,5.8475470271194e-05,0.00120159842382063,-0.00297395609895606,2,-1.95541459061169,37,-0.191047907971398
3664,18048,170,NA,NA,NA,NA,NA,NA,NA,NA,NA,NA,NA,NA,NA,NA,NA,NA,2,117,16,16,8,0.1875,5.59375,0.017578125,0.0468750000000001,-0.0515625000000002,0.015180102915952,0.592181246426529,0.000115217762269447,-0.00379502572898802,0.00417452830188683,2,-0.260641435713094,16,-1.04245071250802
3664,18049,170,NA,NA,NA,NA,NA,NA,NA,NA,NA,NA,NA,NA,NA,NA,NA,NA,2,126,14,14,7,0.0142857142857142,5.20714285714286,0.00010204081632653,0.00357142857142834,-0.00392857142857118,0.0411033411033411,0.53014763014763,0.000844742324928806,0.0102758352758353,-0.0113034188034188,2,-0.28,14,-1.02246340393372
3664,18050,170,NA,NA,NA,NA,NA,NA,NA,NA,NA,NA,NA,NA,NA,NA,NA,NA,2,135,13,13,6,0.128205128205129,4.6025641025641,0.00821827744904674,-0.0320512820512822,0.0352564102564105,0.111660561660562,0.542338217338217,0.00623404051517605,0.0279151404151404,-0.0307066544566545,2,-0.675986836579233,13,-0.319046711795504
3664,18051,170,NA,NA,NA,NA,NA,NA,NA,NA,NA,NA,NA,NA,NA,NA,NA,NA,2,154,10,10,5,0.225,3.9875,0.0253124999999999,0.1125,-0.061875,0.0405257936507937,0.723040674603175,0.000821169975513354,-0.0202628968253969,0.0111445932539683,2,-2.04983615317119,10,-0.556163280279419
3664,18052,170,NA,NA,NA,NA,NA,NA,NA,NA,NA,NA,NA,NA,NA,NA,NA,NA,2,158,9,9,4,0.158730158730159,3.36507936507937,0.0125976316452507,0.0793650793650795,-0.0436507936507938,0.0390211640211641,0.857473544973545,0.000761325620783295,-0.0195105820105821,0.0107308201058202,2,-2.4178542238148,9,5.85923652876003
3664,18063,170,0.970725343394151,0.154420958311266,-0.960768922830523,0.178912375022067,-0.990467056804341,0.0879739792899653,NA,NA,0.91340504472139,0.266886354312033,NA,NA,0.905575051339428,0.278879505522904,-0.987696416191653,0.0999671305008368,3,122,21,21,7,1.90476190476191,5.80257936507936,1.0871628165155,-0.0992216117216117,0.261904761904762,0.0556051587301587,0.76703869047619,0.00154596683870307,0.0111210317460317,-0.0152914186507937,2,-1.97985775468718,21,0.941826510738122
3664,18064,170,0.993399267798783,0.0731863950403282,-0.917662935482247,0.260146938293006,-0.988602521769159,0.0962083706392382,NA,NA,0.84738171625352,0.356355308932244,NA,NA,0.866025403784439,0.333333333333333,-0.993399267798783,0.0731863950403281,3,127,17,17,6,1.53333333333333,4.99869281045752,0.752946302704088,-0.0984004127966976,0.202205882352941,0.00317243176340309,0.78202397237965,5.03216164672443e-06,-0.0015862158817016,0.00087241873493588,2,-1.72260051599984,17,3.73500952954767
3664,18065,170,NA,NA,NA,NA,NA,NA,NA,NA,NA,NA,NA,NA,NA,NA,NA,NA,2,146,8,8,5,0.214285714285714,3.39285714285714,0.0229591836734694,0.214285714285714,-0.0589285714285713,0.0287698412698413,0.797123015873016,0.000413851883345931,-0.0287698412698417,0.00791170634920647,2,-1.09723466046188,8,-0.380754042579203
3664,18072,170,0.993399267798783,0.0731863950403269,-0.917662935482247,0.260146938293006,-0.997385656490156,0.0460437945960053,NA,NA,0.886549689363267,0.306190732889011,NA,NA,0.866025403784439,0.333333333333333,-0.993399267798783,0.0731863950403287,3,139,9,9,5,1.44444444444444,4.06018518518519,0.663644547325103,-0.18640350877193,0.198611111111112,0.0134408602150538,0.837365591397849,9.03283616603074e-05,0.0134408602150537,-0.00369623655913978,2,-1.69766121386984,9,1.68758627973614
3664,18083,170,0.975316878975155,0.0246831210248448,-0.963640434338773,0.036359565661227,-0.824926075147126,0.175073924852874,0.990767218632538,0.0865757194263248,0.904434088215199,0.0955659117848009,-0.911583611415152,0.269720883478429,0.872831880644958,0.127168119355042,-0.776874900547713,0.223125099452287,4,65,183,183,17,2.17486338797814,11.5510909162905,1.00263158298697,-0.00924379973149215,0.192910529025106,0.0776043289432964,0.540379175608107,0.00181183600953568,0.000505494055568135,-0.0106705952297033,3,-2.34420538285199,183,-0.197680120349173
3664,18084,170,0.952087624633454,0.0479123753665456,-0.963447186272526,0.0365528137274736,-0.806807868523462,0.193192131476538,0.986479994365576,0.104803088134455,0.890365140316923,0.109634859683077,-0.897931847235738,0.290138494473859,0.910205640761204,0.089794359238796,-0.837919236369646,0.162080763630354,4,94,181,181,16,2.07734806629834,10.5911068873476,0.932479377750706,-0.00880946116591193,0.183145429516437,0.0940330968125954,0.739331855708877,0.0027416672013726,0.000626323375285845,-0.0129295508117319,3,-2.99677990641977,181,0.0246267250003253
3664,18085,170,0.957753799583242,0.0422462004167579,-0.961889802903503,0.0381101970964971,-0.971495134815004,0.0285048651849955,0.985140878698157,0.109883105622179,0.969510904741877,0.0304890952581234,-0.894436270154028,0.295154310634823,0.929107187517655,0.0708928124823447,-0.8674867306165,0.1325132693835,4,103,151,151,15,1.55629139072848,10.1169962466223,0.542926564472847,-0.00967966936010094,0.152170883806062,0.20296871699159,0.704966766547453,0.0128735824184072,0.00161016204938715,-0.0279081985863438,3,-3.37447802642873,151,0.148396180988362
3664,18086,170,0.943488240405537,0.0565117595944626,-0.960459714613523,0.039540285386477,-0.94524701227615,0.0547529877238503,0.980810197755855,0.124918663441091,0.955676535326318,0.0443234646736816,-0.871565106712319,0.326210805551609,0.926403275564812,0.0735967244351885,-0.874347599774958,0.125652400225042,4,114,138,138,14,1.19565217391304,9.27425163906142,0.319331231434716,-0.00786917877466657,0.115037633712906,0.193752794675471,0.815314286630249,0.0123548162282742,0.00172691432395451,-0.0266410092678773,3,-3.55504609647723,138,0.316996490868731
3664,18087,170,0.941027140558174,0.0589728594418264,-0.963949357858042,0.0360506421419584,-0.881199368217973,0.118800631782028,0.980843115890458,0.124811130079931,0.923706770660756,0.076293229339244,-0.872238043923582,0.325335939374263,0.924109046678876,0.0758909533211243,-0.87748812573003,0.12251187426997,4,117,119,119,13,0.865546218487395,8.4333843503037,0.162744659244113,-0.00613012735188883,0.079377207927845,0.168760564667184,0.837557036931923,0.00935862182478491,0.00178650384100885,-0.023204577641738,3,-3.4713842797624,119,0.724128642148441
3664,18088,170,0.985643067827428,0.108005758914875,-0.938013116266573,0.225327574418459,-0.209042923053691,0.865930322267523,0.987621104227014,0.100273252326288,-0.142857142857146,0.908742103314018,-0.872034469351481,0.325600826744747,0.866025403784439,0.333333333333333,-0.985643067827428,0.108005758914874,3,121,55,55,10,0.118181818181818,6.57272727272727,0.00404958677685949,-0.000499125463930674,-0.00250000000000044,0.122778808493094,0.783323324938232,0.00495586575759471,0.00260866932333104,-0.0168820861678005,3,-1.5939811673209,55,2.70032002327512
3664,18089,170,NA,NA,NA,NA,NA,NA,NA,NA,NA,NA,NA,NA,NA,NA,NA,NA,2,143,10,10,5,0.0750000000000002,3.6625,0.00281250000000001,0.0375000000000003,-0.0206250000000002,0.00787771898883016,0.805584950029394,3.10292282334877e-05,-0.0039388594944151,0.00216637272192831,2,-0.136082763487954,10,2.58526673125896
3664,18098,170,0.98961968318654,0.0918072160920085,-0.936243679766961,0.22855546769004,0.985107487981086,0.110006806188548,0.988684715820509,0.0958601754576154,-0.982711881640301,0.118548661501492,-0.872944147621268,0.324415643147655,0.866025403784439,0.333333333333333,-0.986486486486486,0.104777865643294,3,123,45,45,9,0.444444444444445,5.84639376218324,0.0511355060816434,0.010428066758081,-0.0611111111111116,0.0631420588867397,0.773671869976461,0.00130799044384512,0.00167385952982391,-0.00868203309692676,3,-1.65800574287584,45,4.90547918704704
3664,18099,170,NA,NA,NA,NA,NA,NA,NA,NA,NA,NA,NA,NA,NA,NA,NA,NA,2,134,12,12,5,0.25,3.79166666666667,0.03125,0.0833333333333332,-0.06875,0.031986531986532,0.78493265993266,0.000511569114262718,-0.0106621773288441,0.00879629629629637,2,0.380523039950957,12,9.99995835700125
3664,18103,170,NA,NA,NA,NA,NA,NA,NA,NA,NA,NA,NA,NA,NA,NA,NA,NA,2,142,8,8,4,0.25,3.125,0.03125,0.125,-0.0687500000000001,0.0486394557823129,0.759013605442177,0.00118289832939978,-0.0243197278911565,0.0133758503401361,2,0.654728501098655,8,9.99993770741043
3664,18110,170,0.99124070716193,0.0843232163219436,-0.924473451641905,0.24901011701139,0.997750930228505,0.0427049300838953,-0.999804995576136,0.0125725800779037,-0.947949365834348,0.206305186927494,0.931821907219157,0.236437536933487,0.866025403784439,0.333333333333333,-0.99124070716193,0.0843232163219441,3,134,33,33,8,0.854545454545454,5.11013584117032,0.203160870405493,0.0296967266895094,-0.117500000000001,0.0846064814814815,0.903740003344888,0.00206101638567175,-0.00299724630117573,0.0116333912037037,3,-2.1241034808506,33,6.93935602325096
3664,18111,170,0.989158483152388,0.0938281806009729,-0.930062349759893,0.239505152732361,0.999728852392624,0.0148254478921788,-0.999438193626238,0.021340706175023,-0.938365355054726,0.224679704840182,0.941853533164082,0.218164446557338,0.866025403784439,0.333333333333333,-0.989158483152388,0.0938281806009729,3,136,22,22,7,1.24242424242424,4.41998936735779,0.438264115171695,0.0647945742951629,-0.170833333333334,0.132671250318309,0.87098092825647,0.00496051663269554,-0.00689140630188513,0.0182422969187675,3,-1.87801072799004,22,4.55011506188766
3664,18112,170,0.984324138288089,0.112870330958245,-0.940634162003545,0.220463002375089,0.897894282690406,0.290192823887907,NA,NA,-0.994007436676049,0.0697298215128184,NA,NA,0.866025403784439,0.333333333333333,-0.98432413828809,0.112870330958244,3,140,17,17,6,0.352941176470588,4.16526610644258,0.0315184897488406,0.0187429810633932,-0.0485294117647062,0.0299989226459815,0.82529357897005,0.00044996767995979,-0.00999964088199392,0.00824970372764498,2,-1.31964667524578,17,9.99995735482267
3664,18113,170,NA,NA,NA,NA,NA,NA,NA,NA,NA,NA,NA,NA,NA,NA,NA,NA,2,145,12,12,5,0.194444444444445,3.65277777777778,0.0189043209876544,0.0648148148148148,-0.0534722222222222,0.0311111111111112,0.802222222222222,0.000483950617283953,-0.0103703703703704,0.0085555555555556,2,-0.567424807775136,12,9.99993136253252
3664,18132,170,0.99484975116711,0.0646391738271499,-0.912245460839306,0.268694159506182,0.585205735980653,0.602027492839516,-0.999988416778732,0.00306415137360943,-0.866025403784439,0.333333333333333,0.91420656774061,0.265630008132562,0.866025403784439,0.333333333333333,-0.99484975116711,0.06463917382715,3,138,11,11,4,0.0454545454545454,3.51515151515152,0.000688705234159778,0.00311332503113333,-0.00625000000000018,0.164204545454545,0.865635521885522,0.00806532151268578,-0.018205600525806,0.022578125,3,-0.34381532884326,11,9.9999238394298
3664,18142,170,0.944800639301878,0.055199360698122,-0.975633685365921,0.0243663146340788,-0.878333132415993,0.121666867584007,0.974633988922714,0.143695621653387,0.95974137675437,0.0402586232456303,-0.876853435960478,0.319276734661311,0.923283417131391,0.0767165828686094,-0.871416543628585,0.128583456371415,4,119,64,64,12,0.421875,7.77311345211161,0.0300993135518915,-0.00507310808992266,0.0354683375754149,0.312428176398765,0.732812566454435,0.031738498732461,0.00655183727304505,-0.0429588742548303,3,-3.04069760148898,64,-0.109076053751404
3664,18143,170,0.996166720090457,0.00383327990954241,-0.956932110206962,0.0430678897930379,-0.946133711692995,0.0538662883070048,0.993492123891314,0.0726692316843627,0.94912658524987,0.0508734147501295,-0.901479018392171,0.284964846694019,0.886544273727371,0.113455726272629,-0.976970398859031,0.023029601140969,4,122,23,23,8,1,6.45421245421245,0.256249245260234,-0.0479743222218139,0.102344322344323,0.0899367842302625,0.617529803127629,0.00248830419808948,0.00936563328838175,-0.0123663078316612,3,-0.057267344395337,23,-0.377605249786648
3664,18144,170,0.992328560741148,0.00767143925885239,-0.95257934441568,0.0474206555843201,-0.959100761101554,0.0408992388984458,0.999916637530586,0.00822021966950404,0.967657026913329,0.0323429730866709,-0.948193593370073,0.205816343672538,0.839840445796507,0.160159554203493,-0.955573674522562,0.0444263254774378,4,132,22,22,7,0.772727272727272,5.57412587412587,0.138295597176716,-0.0375964775964775,0.0766538461538463,0.0715030583451636,0.750157245032591,0.00142165825558432,0.00797782721956867,-0.00983167052246005,3,-0.389590040742758,22,1.20066004313417
3664,18146,170,0.988137318282238,0.0118626817177618,-0.931418801402761,0.0685811985972388,-0.96741941965338,0.03258058034662,0.97534287468012,0.141665068104546,0.896388492186673,0.103611507813327,-0.817539419308508,0.390675185115935,0.835948825686352,0.164051174313648,-0.971232661816819,0.028767338183181,4,137,20,20,6,0.526315789473684,4.69822874493927,0.0561663955318068,-0.0262562775159842,0.0452525303643727,0.0348627980206928,0.836775310459521,0.000368961242882643,0.00494850586649853,-0.00431848852901488,3,-0.324282330013849,20,9.99993742850434
3664,18153,170,0.998922576450798,0.00107742354920215,-0.859072401393257,0.140927598606743,-0.898152301095646,0.101847698904354,0.146471042537685,0.906416963404443,0.647390084231563,0.352609915768437,-0.146471042537685,0.906416963404443,0.774596669241483,0.225403330758517,-0.989159571394798,0.010840428605202,4,140,13,13,5,0.25,3.85358391608392,0.0111586039252123,-0.0170631255536916,0.0145673076923077,0.00848484848484843,0.819031339031339,2.08130756693303e-05,0.00066822066822067,-0.000183760683760687,3,0.160462643758045,13,9.99995898283717
3664,18158,170,0.989100491961172,0.0108995080388283,-0.846801730472787,0.153198269527213,0.468521285665818,0.531478714334182,NA,NA,-0.774596669241484,0.225403330758516,NA,NA,0.774596669241483,0.225403330758517,-0.989100491961172,0.0108995080388282,4,144,8,8,4,0.125,3.03125,0.00390625,0.00914634146341464,-0.0103125000000001,0,0.714285714285714,0,3.84592537276712e-16,-5.28814738755481e-17,3,0.790743067133343,8,9.99992830104803
3664,18165,170,NA,NA,NA,NA,NA,NA,NA,NA,NA,NA,NA,NA,NA,NA,NA,NA,2,125,41,41,11,0.33089430894309,7.06788617886179,0.0547455218454624,-0.0300813008130083,0.0909959349593503,0.0314864654393671,0.806343488147525,0.000495698752932228,0.00286240594903336,-0.00865877799582592,2,-3.49166355401678,41,-0.183093782032787
3664,18166,170,NA,NA,NA,NA,NA,NA,NA,NA,NA,NA,NA,NA,NA,NA,NA,NA,2,130,33,33,10,0.141774891774892,6.53517316017316,0.0100500599688912,0.0283549783549783,-0.0389880952380952,0.0110479797979798,0.850031565656566,6.10289288082847e-05,-0.00220959595959602,0.00303819444444453,2,-3.52609256899742,33,-0.525666937041761
3664,18172,170,NA,NA,NA,NA,NA,NA,NA,NA,NA,NA,NA,NA,NA,NA,NA,NA,2,134,27,27,9,0.0488215488215484,6.16077441077441,0.00119177181466742,0.00976430976430953,-0.0134259259259256,0.00359722581944799,0.865204754093643,6.47001679805164e-06,-0.000719445163889627,0.000989237100348237,2,-3.28164130105798,27,-0.590784760133783
3664,18173,170,NA,NA,NA,NA,NA,NA,NA,NA,NA,NA,NA,NA,NA,NA,NA,NA,2,136,22,22,8,0.109625668449199,5.82754010695187,0.0060088935914668,-0.0219251336898399,0.0301470588235298,0.00226093111041203,0.862505898081158,2.5559047430145e-06,0.000452186222082334,-0.00062175605536321,2,-3.21108780898028,22,-0.717220812983829
3664,18175,170,NA,NA,NA,NA,NA,NA,NA,NA,NA,NA,NA,NA,NA,NA,NA,NA,2,137,20,20,7,0.25,5.275,0.03125,-0.0500000000000001,0.0687500000000003,0.0113389534442165,0.85732892838156,6.4285932605055e-05,0.00226779068884327,-0.0031182121971595,2,-3.10945589109782,20,-0.322523324304748
3664,18176,170,NA,NA,NA,NA,NA,NA,NA,NA,NA,NA,NA,NA,NA,NA,NA,NA,2,141,12,12,6,0.266666666666667,4.46666666666667,0.0355555555555555,-0.133333333333334,0.0733333333333339,0.0179728317659352,0.857262277951933,0.000161511340843305,0.00898641588296753,-0.00494252873563215,2,-2.33193466542972,12,-0.335852393938717
3664,18177,170,NA,NA,NA,NA,NA,NA,NA,NA,NA,NA,NA,NA,NA,NA,NA,NA,2,143,10,10,5,0.45,4.025,0.10125,-0.225,0.12375,0.0487066431510875,0.843136390358613,0.00118616854352369,0.0243533215755438,-0.0133943268665491,2,-1.74766964794081,10,0.572257233855783
3664,18178,170,NA,NA,NA,NA,NA,NA,NA,NA,NA,NA,NA,NA,NA,NA,NA,NA,2,145,8,8,4,0,3.25,0,NA,1.72710170455216e-16,0,0.884285714285714,0,NA,8.63550852276078e-17,2,-2.03414279519418,8,9.99993770741043
3664,18187,170,NA,NA,NA,NA,NA,NA,NA,NA,NA,NA,NA,NA,NA,NA,NA,NA,2,141,8,8,5,0.125,3.9375,0.0078125,-0.041666666666667,0.0343750000000003,0.0514778325123153,0.694704433497537,0.00132498362008299,0.0171592775041051,-0.0141564039408867,2,-1.50199233521005,8,-1.54068475072674
3664,18198,170,NA,NA,NA,NA,NA,NA,NA,NA,NA,NA,NA,NA,NA,NA,NA,NA,2,143,8,8,3,0,3,0,-1.04672830578918e-16,1.72710170455216e-16,0.0780423280423281,0.779761904761905,0.00304530248313318,0.0130070546737213,-0.0214616402116402,2,-0.707106781186548,8,9.99992597220677
3664,18205,170,NA,NA,NA,NA,NA,NA,NA,NA,NA,NA,NA,NA,NA,NA,NA,NA,2,117,19,19,8,0.129824561403509,5.80175438596491,0.0084272083718067,-0.0324561403508773,0.035701754385965,0.0097066565785533,0.735850632871487,4.7109590966986e-05,0.00242666414463828,-0.00266933055910211,2,-0.601415259111311,19,-1.06046697258796
3664,18209,170,NA,NA,NA,NA,NA,NA,NA,NA,NA,NA,NA,NA,NA,NA,NA,NA,2,124,15,15,7,0.183333333333333,5.49166666666667,0.0168055555555554,-0.0611111111111112,0.0504166666666668,0.0191699604743083,0.704907773386034,0.000183743692293271,0.00638998682476938,-0.00527173913043474,2,-0.800640769025436,15,-1.2382998509431
3664,18210,170,NA,NA,NA,NA,NA,NA,NA,NA,NA,NA,NA,NA,NA,NA,NA,NA,2,127,14,14,6,0.285714285714286,4.85714285714286,0.0408163265306122,-0.0952380952380955,0.0785714285714288,0.0387054805659457,0.697999674743861,0.0007490571129204,0.0129018268553152,-0.0106440071556351,2,-0.796363636363636,14,-0.652634645481805
3664,18211,170,NA,NA,NA,NA,NA,NA,NA,NA,NA,NA,NA,NA,NA,NA,NA,NA,2,133,13,13,5,0,4,0,-6.2803698347351e-16,3.45420340910431e-16,0.00976500976500982,0.783815283815284,4.76777078553686e-05,-0.00488250488250497,0.00268537768537774,2,-0.975142975397847,13,9.99993220001081
3664,18216,170,NA,NA,NA,NA,NA,NA,NA,NA,NA,NA,NA,NA,NA,NA,NA,NA,2,144,8,8,4,0.0416666666666665,3.14583333333333,0.000868055555555549,-0.0208333333333334,0.0114583333333334,0.0083333333333333,0.821474358974359,3.4722222222222e-05,-0.00416666666666671,0.00229166666666669,2,-0.451597608152753,8,9.99995434071618
3664,18223,170,NA,NA,NA,NA,NA,NA,NA,NA,NA,NA,NA,NA,NA,NA,NA,NA,2,112,13,13,6,0.329670329670329,4.45054945054945,0.0543412631324718,0.0549450549450547,-0.0906593406593405,0.052797776935708,0.747000126310471,0.00139380262467639,-0.0087996294892847,0.0145193886573198,2,-0.625839508409091,13,-0.460020019918174
3664,18224,170,NA,NA,NA,NA,NA,NA,NA,NA,NA,NA,NA,NA,NA,NA,NA,NA,2,120,12,12,5,0.083333333333333,3.875,0.0034722222222222,0.0138888888888886,-0.0229166666666663,0.0150303030303031,0.784484848484849,0.000112955004591369,-0.00250505050505051,0.00413333333333335,2,-0.628007622937519,12,5.60928147357647
3664,18227,170,NA,NA,NA,NA,NA,NA,NA,NA,NA,NA,NA,NA,NA,NA,NA,NA,2,129,9,9,4,0.0833333333333335,3.29166666666667,0.00347222222222223,0.0166666666666667,-0.0229166666666668,0.00271002710027102,0.754742547425474,3.67212344210167e-06,-0.000542005420054226,0.000745257452574562,2,-0.593597887947648,9,9.99994187785417
3664,18235,170,0.973222701448379,0.147656441182506,-0.957767707947744,0.185676892150828,0.9995944729198,0.018130915287965,0.968254443212612,0.160839328367366,-0.965567419701467,0.167545976862865,-0.855486656550687,0.346516220518193,0.956598845019489,0.188247472697708,-0.999991847860521,0.00257058054690035,3,97,30,30,9,0.5,6.08888888888889,0.0670370370370371,0.0198303979125897,-0.0687500000000004,0.281764939448084,0.637678535161643,0.025853214245365,0.011928805253969,-0.0378271138403402,3,-0.114805396067932,30,-0.652722588559826
3664,18236,170,0.970725343394151,0.154420958311266,-0.960768922830523,0.178912375022067,0.992943366196746,0.0756745122265983,0.969124418604433,0.158608514293228,-0.921098316555423,0.254586887248666,-0.862717793448883,0.337520889315294,0.959164908825364,0.182558032705008,-0.999983603152936,0.00364565768293882,3,107,29,29,8,0.682758620689655,5.22468765617191,0.137360674984846,0.0294641140967978,-0.0938793103448282,0.298450341928603,0.722023651130526,0.0294679051840813,0.0133196210514694,-0.0407264055047307,3,-0.36144578313253,29,1.17149378679506
3664,18237,170,0.985329278164293,0.109182553509247,-0.938652204581148,0.224150779824086,0.998459117655567,0.035345623125532,0.980994170568495,0.12431650378288,-0.918068501707511,0.259496402949615,-0.853895651843096,0.348467283606966,0.866025403784439,0.333333333333333,-0.985329278164293,0.109182553509248,3,118,16,16,6,0.6375,4.19821428571429,0.120545280612245,0.0591626213592234,-0.0876562500000004,0.153846153846154,0.735790598290598,0.00768165817444664,0.01467357480707,-0.0205809294871796,3,-0.147520785128593,16,4.07734216035755
3664,18238,170,NA,NA,NA,NA,NA,NA,NA,NA,NA,NA,NA,NA,NA,NA,NA,NA,2,126,9,9,5,0.0277777777777777,3.76388888888889,0.0003858024691358,0.0277777777777777,-0.00763888888888887,0.0113636363636364,0.602272727272727,6.45661157024792e-05,0.0113636363636362,-0.00312499999999997,2,0.926095436611285,9,-0.456136472555271
3664,18239,170,NA,NA,NA,NA,NA,NA,NA,NA,NA,NA,NA,NA,NA,NA,NA,NA,2,137,8,8,4,0.0178571428571428,3.13392857142857,0.000159438775510203,-0.0178571428571427,0.00491071428571423,0.0450937950937951,0.638708513708514,0.00101672517798059,0.0450937950937951,-0.0124007936507937,2,0.700619563010524,8,9.99995434071618
3664,18252,170,NA,NA,NA,NA,NA,NA,NA,NA,NA,NA,NA,NA,NA,NA,NA,NA,2,115,13,13,7,0.0940170940170937,4.49145299145299,0.00441960698370952,0.0235042735042732,-0.0258547008547005,0.032051282051282,0.709731934731935,0.000513642340565417,-0.00801282051282059,0.00881410256410266,2,0.113367299074352,13,-1.11295525347548
3664,18257,170,NA,NA,NA,NA,NA,NA,NA,NA,NA,NA,NA,NA,NA,NA,NA,NA,2,136,8,8,6,0.375,4.3125,0.0703125,-0.0937500000000002,0.103125,0.00665266106442575,0.581757703081233,2.21289496190632e-05,0.00166316526610644,-0.00182948179271709,2,0.207972582701925,8,-1.72494095517903
3664,18265,170,0.995949116280837,0.0573213915136237,-0.980426241376128,0.126166248266137,-0.998832744557754,0.030762408005754,0.995679884131476,0.0591969447301155,0.969771677710938,0.156928656271889,-0.957909280663177,0.18536319299625,0.937161658861014,0.22688633241432,-0.987510764919572,0.100720084148185,3,55,50,50,13,1.82993197278912,7.6187808456716,0.890165803549644,-0.0401712471784595,0.251615646258504,0.124955634427684,0.670389381048862,0.00425405337418504,0.00276826901101568,-0.0171813997338066,3,0.878775510204081,50,-0.0670104398558706
3664,18266,170,NA,NA,NA,NA,NA,NA,NA,NA,NA,NA,NA,NA,NA,NA,NA,NA,2,101,15,15,7,0.399999999999999,4.6,0.0799999999999998,-0.0800000000000001,0.11,0.106970324361629,0.636093857832988,0.00572132514701604,0.0213940648723257,-0.0294168391994479,2,0.570713163561721,15,2.12761809484403
3664,18267,170,NA,NA,NA,NA,NA,NA,NA,NA,NA,NA,NA,NA,NA,NA,NA,NA,2,125,11,11,6,0.0909090909090908,3.95454545454545,0.00413223140495867,-0.0454545454545458,0.0250000000000003,0.0278787878787879,0.747272727272727,0.000388613406795227,0.0139393939393939,-0.00766666666666667,2,-0.266083167539567,11,0.639386704247309
3664,18280,170,0.9549947297168,0.191720790629034,-0.979653190081173,0.128641893153014,-0.990777957495491,0.0865252779649001,-0.743561381533312,0.466270212560247,0.997812448550855,0.0421166151881147,0.594232112575227,0.594912105713261,0.944911182523068,0.212295615009657,-0.991379046542891,0.083653721856643,3,80,35,35,12,1.19607843137255,7.04575163398693,0.35922081250801,-0.0375316571368893,0.164460784313726,0.149597423510467,0.683276068442309,0.00566653027248697,-0.00353766000048365,0.0123011982570806,3,0.45846245545386,35,-0.485400759239245
3664,18281,170,0.928571428571428,0.242075436647354,-0.989743318610787,0.0912578966859809,0.980455199318067,0.12607258042865,NA,NA,-0.942292914625126,0.21733047711463,NA,NA,0.874471336065935,0.322416999503577,-0.93479890393171,0.231159102817598,3,148,9,9,4,1.44444444444444,2.87037037037037,0.587448559670782,0.185941043083901,-0.198611111111112,0.0681818181818181,0.859848484848485,0.00232438016528925,-0.0227272727272728,0.0187500000000001,2,-0.920953468962069,9,9.99994627250967
3664,18289,170,0.997384533914089,0.0460536832472584,-0.975417269131966,0.141450308759981,-0.999124617855986,0.0266394742130167,0.964141575138911,0.171000390281527,0.965344842555865,0.168089782973,-0.998922917058318,0.0295500815215488,0.958709212386697,0.183580906724675,-0.997810996299559,0.0421305979646936,3,107,26,26,11,2.8,7.38148148148148,2.10325102880658,-0.122901678657074,0.385000000000001,0.280476190476191,0.549175571463153,0.0197091572854789,0.0114806754036547,-0.0385654761904763,3,-0.251682074659619,26,-0.850988913406693
3664,18290,170,0.991773962233856,0.0817125249456958,-0.930062349759893,0.239505152732361,-0.997272006818323,0.0470343925892835,0.998759543312241,0.0317125253274908,0.900405661156518,0.286539545321644,-0.947202798953184,0.207792627404873,0.945875590748366,0.210411884173661,-0.998955955030205,0.0290932685586983,3,120,22,22,10,2.23809523809524,6.56878306878307,1.54461661207693,-0.121342360160251,0.307738095238096,0.204857142857143,0.642446934329287,0.0116938168045722,0.0105737136175024,-0.0281678571428573,3,-0.211579645765035,22,-0.899001989405565
3664,18295,170,0.997948715788673,0.0407832945368338,-0.896258159530272,0.292550038796499,-0.998718256184086,0.0322360733236583,0.998652432059282,0.033053635846882,0.872660122004214,0.324786112120157,-0.918068501707511,0.259496402949615,0.866025403784439,0.333333333333333,-0.997948715788673,0.0407832945368348,3,135,17,17,9,1.625,5.925,0.866875,-0.11905737704918,0.2234375,0.0445238095238095,0.770668934240363,0.000587996128156478,0.00310053529608566,-0.00612202380952385,3,-0.332543442807662,17,-0.98441701827486
3664,18297,170,0.999910429633041,0.00852080328773974,-0.901127113779166,0.285482010049984,-0.999717674455382,0.0151279620485662,-0.895604874416336,0.293486333285204,0.890571127932476,0.300609972098552,0.614186712292928,0.578968343335189,0.866025403784439,0.333333333333333,-0.997176464952738,0.0478513232833498,3,137,15,15,8,1.14285714285714,5.26007326007326,0.41170551060661,-0.0963397504750887,0.157142857142857,0.0365190365190365,0.768157768157768,0.000339817966635594,-0.00247955887053629,0.00311355311355304,3,0.0116034894061658,15,-0.895638062890738
3664,18298,170,NA,NA,-0.866025403784438,0.333333333333334,-0.981980506061966,0.121037718323677,-0.988790927186278,0.0954083690881008,0.755928946018455,0.45437105165701,0.930971431480389,0.237924964245233,0.866025403784439,0.333333333333333,-1,9.48637384723993e-09,3,140,13,13,7,0.833333333333333,4.5,0.194444444444444,-0.0749999999999999,0.0916666666666668,0.107070707070707,0.801010101010101,0.00330680542801755,-0.00984848484848483,0.0147222222222222,3,-0.318283998167519,13,-0.705648348595573
3664,18299,170,NA,NA,-0.866025403784438,0.333333333333333,-0.755928946018454,0.45437105165701,-0.992797264445757,0.0764548211062104,0.327326835353988,0.787704384990343,0.919690889854204,0.256878512227123,0.866025403784439,0.333333333333333,-1,9.48637384723993e-09,3,144,10,10,6,0.333333333333333,3.85185185185185,0.0288065843621399,-0.0317460317460317,0.0152777777777778,0.278846153846154,0.826210826210826,0.0229818802201281,-0.0372405372405372,0.0383413461538462,3,-0.533356637541498,10,-1.44636169812418
3664,18314,170,0.974191299440808,0.0258087005591925,-0.975375609100318,0.0246243908996818,0.351457195240149,0.648542804759851,0.942948337989898,0.0570516620101018,-0.32085538515449,0.67914461484551,-0.906378240650217,0.0936217593497827,0.900790521061391,0.0992094789386089,-0.922999442690466,0.0770005573095344,4,48,667,667,18,0.452260884182214,11.7058002637806,0.0450860137182868,0.000246317394450961,-0.0145123776458873,0.0300329420809996,0.878169121702215,0.000196636452508515,4.36437076843339e-05,-0.00270738367088085,4,-1.48739209460695,667,0.252592440332279
3664,18315,170,0.998621164623962,0.00137883537603845,-0.962353682253133,0.0376463177468668,-0.764620183396473,0.235379816603527,0.994838077837196,0.00516192216280453,0.690674016434052,0.309325983565948,-0.950223945530657,0.0497760544693433,0.863330416101713,0.136669583898287,-0.928099611982646,0.0719003880173544,4,54,247,247,17,0.9375,10.4841923556664,0.185964037050089,-0.00297570949547601,0.0634447834996437,0.00584225552820494,0.77806483779549,8.30911105235746e-06,2.58797437418601e-05,-0.000583460649490643,4,-1.02508535515106,247,-0.0989220421746242
3664,18316,170,0.996486715707366,0.00351328429263353,-0.964610279043721,0.0353897209562792,-0.840910956041229,0.159089043958771,0.969233323649932,0.0307666763500682,0.810107467922686,0.189892532077314,-0.930311746582019,0.0696882534179808,0.861355831356567,0.138644168643433,-0.893802221052991,0.106197778947009,4,64,175,175,16,1.92962962962963,10.3910336505712,0.886713006101578,-0.00986092851547773,0.162495932348534,0.122150471634704,0.666897074947652,0.00326702637394545,0.000689891696690789,-0.0113269541841505,4,-1.16358306648547,175,-0.10032040248653
3664,18317,170,0.988611649679521,0.011388350320479,-0.963748330886439,0.0362516691135606,-0.803195413756326,0.196804586243674,0.950534686470621,0.049465313529379,0.766839206974545,0.233160793025454,-0.906629266242472,0.0933707337575282,0.85924732619586,0.14075267380414,-0.895167356739888,0.104832643260112,4,80,171,171,15,1.8,9.46414290837368,0.793410212346883,-0.00912963702167686,0.145499506903354,0.128385655777583,0.778237502200869,0.00365037316595597,0.000732858280397776,-0.0116682757696307,4,-1.66803093385934,171,0.100765815376973
3664,18318,170,0.947050129421155,0.0529498705788445,-0.958153256596224,0.0418467434037764,0.0766605231835675,0.923339476816432,0.800914764789635,0.199085235210364,0.0388437601925218,0.961156239807478,-0.821273904894697,0.178726095105303,0.880523907294657,0.119476092705343,-0.870839140296677,0.129160859703323,4,97,93,93,14,0.538461538461538,8.28955043944933,0.0529306157869849,0.000396663205772817,0.00190363226258067,0.709113055862676,0.637259676240113,0.118432554238486,0.00619895542072798,-0.0602049071205099,4,-1.541863797984,93,-0.0347188969976875
3664,18319,170,0.947365784220586,0.0526342157794142,-0.958865560747283,0.0411344392527169,0.604971685035503,0.395028314964497,0.793365495130451,0.206634504869549,-0.508253619035463,0.491746380964537,-0.804215307695365,0.195784692304634,0.876295059432236,0.123704940567764,-0.874922821642329,0.125077178357671,4,99,86,86,13,0.756108597285068,7.4666713800905,0.12267471099887,0.00519401605178187,-0.0379198246606337,0.704474950971653,0.642260080520544,0.118538870608886,0.00669567581256609,-0.0589808526973746,4,-1.73692411544693,86,0.0814540039163817
3664,18320,170,0.99484975116711,0.0646391738271506,-0.912245460839306,0.268694159506182,0.992894626468816,0.0759357113000063,0.985406981245115,0.108892319502222,-0.857017250725055,0.344629870806189,-0.829205567784316,0.377586479008405,0.917644152058156,0.260177030036905,-0.999910506853324,0.00851712946928168,3,112,51,51,12,0.210144927536232,6.97200909349247,0.0144277672273303,0.00483539455091152,-0.0283088235294121,0.0881226053639846,0.788662008864849,0.00240392902195017,0.00195887014859479,-0.0111803583502367,3,-1.6014790364282,51,0.343089834462524
3664,18321,170,0.99373453587036,0.0713015154354819,-0.916482427531129,0.262031817897852,0.983688183885898,0.115143227043953,0.982048046211076,0.120809985842183,-0.829566628270612,0.377175044941804,-0.824563261158998,0.382841803740035,0.922243164074216,0.252708309837903,-0.999892759039005,0.00932350805994906,3,115,47,47,11,0.595238095238096,6.21496116176967,0.109749523268892,0.0145689769805608,-0.0755762411347524,0.0590687361419069,0.809804978783116,0.00107151698953309,0.0014371514847482,-0.00742260252852302,3,-1.55650852213792,47,1.30243448862005
3664,18322,170,0.99124070716193,0.0843232163219436,-0.924473451641905,0.24901011701139,0.979959119086653,0.127667839177501,0.962995414756764,0.173728596560234,-0.830002394169635,0.37667795618889,-0.787511006496306,0.422738713571623,0.941403359370401,0.219015736366422,-0.998890290725208,0.0299943806449667,3,121,33,33,10,0.8,5.71313131313131,0.198396082032446,0.0288231148696265,-0.101666666666667,0.0716698502060923,0.782949937700114,0.00149278375762878,0.00245690903862353,-0.00836734693877561,3,-2.23208246153837,33,0.302742688315776
3664,18323,170,0.983782708849146,0.114808212127112,-0.941663009000623,0.218525121206221,0.929886046464328,0.239810459084784,0.98977018454671,0.0911380948856788,-0.751837480304762,0.458335580291005,-0.884013050139048,0.3096632160919,0.963172117528803,0.173310722240455,-0.997478954296864,0.0452143989657672,3,133,25,25,9,0.869047619047619,5.26968253968254,0.210566969009826,0.0382675858547173,-0.0948750000000005,0.138648648648649,0.838236808236808,0.00614970011379278,0.00696093450785141,-0.0190641891891893,3,-2.42426057218172,25,-0.0369569780181725
3664,18330,170,0.987577031492073,0.100451966393034,-0.95632471578712,0.188845422857524,-0.991148265767882,0.0847676571166661,NA,NA,0.986666070043373,0.104077765740859,NA,NA,0.990306066897562,0.088714904688076,-0.987656248041167,0.100130518169447,3,134,18,18,8,1.11111111111111,5.39153439153439,0.317040396405476,-0.0627888286116133,0.152777777777778,0.0180895720111406,0.842988619949404,0.00016361630777312,0.00452239300278514,-0.00497463230306365,2,-1.9093675816375,18,-0.384489078653543
3664,18337,170,NA,NA,NA,NA,NA,NA,NA,NA,NA,NA,NA,NA,NA,NA,NA,NA,2,136,11,11,7,0.282828282828283,4.41414141414141,0.0399959187837976,-0.141414141414142,0.0777777777777785,0.0314022578728461,0.759165181224005,0.000493050899756363,0.0157011289364229,-0.0086356209150326,2,-1.1146861632869,11,-1.15160323088995
3664,18338,170,NA,NA,NA,NA,NA,NA,NA,NA,NA,NA,NA,NA,NA,NA,NA,NA,2,141,8,8,6,0.125,3.9375,0.0078125,-0.125000000000001,0.0343750000000003,0.0205254515599342,0.701559934318555,0.000210647080869603,0.0205254515599341,-0.00564449917898189,2,-0.460441624958682,8,-1.64364871593045
3664,18347,170,NA,NA,-0.866025403784438,0.333333333333333,NA,NA,NA,NA,-0.866025403784439,0.333333333333333,NA,NA,0.866025403784439,0.333333333333333,-1,0,3,122,8,8,5,1.375,2.91666666666667,0.630208333333333,0.196428571428571,-0.189062500000001,0,0.780505952380952,0,NA,4.31775426138039e-17,2,-0.433182532618786,8,1.07793151846963
3664,18354,170,0.997608605584528,0.0440359440827756,-0.898512571288978,0.289297389250558,0.991137505794796,0.0848192386196107,NA,NA,-0.832239719563824,0.374116627870168,NA,NA,0.866025403784439,0.333333333333333,-0.997608605584528,0.0440359440827756,3,127,14,14,5,1.15384615384615,3.74175824175824,0.414352131385098,0.0881920627143557,-0.147321428571429,0.0250021296532924,0.758774171564869,0.000312553243600022,0.0250021296532923,-0.00687558565465537,2,0.911894273127753,14,9.99992775194664
3664,18360,170,NA,NA,NA,NA,NA,NA,NA,NA,NA,NA,NA,NA,NA,NA,NA,NA,2,128,8,8,4,0.178571428571428,3.33928571428571,0.0159438775510204,-0.178571428571429,0.049107142857143,0.0685941043083901,0.63407029478458,0.00235257557293515,0.0685941043083901,-0.0188633786848073,2,0.968639426282942,8,6.43190161793014
3664,18370,170,0.960679091649293,0.0393209083507067,-0.935704382671731,0.0642956173282694,-0.290946393497687,0.709053606502313,0.895485216140393,0.104514783859607,0.111359322423856,0.888640677576145,-0.767560976912328,0.232439023087672,0.258198889747161,0.741801110252839,-0.109817196698815,0.890182803301185,4,115,35,35,10,0.8,6.16029411764706,0.111658016147635,-0.00640589086575298,0.00792647058823532,0.69311004784689,0.67931381077877,0.118204099866003,0.0202859940646805,-0.0562130922225351,4,-0.729974834240901,35,-0.667206229064324
3664,18371,170,0.997948715788673,0.0407832945368347,-0.896258159530272,0.292550038796499,0.98841179591775,0.0970115566342113,-0.997791666896116,0.0423162687632297,-0.953198776654866,0.195538482162288,0.923738946914962,0.250233770033269,0.866025403784439,0.333333333333333,-0.997948715788674,0.0407832945368326,3,118,26,26,9,0.628205128205129,5.20495726495727,0.10858654394039,0.0417023959646911,-0.0863782051282055,0.0343643535951228,0.84117536309844,0.000345985467317242,-0.00237631431200156,0.00472509861932936,3,-1.13014109897467,26,0.555994315712094
3664,18372,170,0.99124070716193,0.084323216321943,-0.924473451641905,0.24901011701139,0.994777671817379,0.0650903166901962,-0.994790039341405,0.0650131303879272,-0.958557687385755,0.183919800321194,0.958523138117042,0.183996986623463,0.866025403784439,0.333333333333333,-0.99124070716193,0.0843232163219441,3,126,14,14,8,0.928571428571428,4.68681318681319,0.234603308779133,0.127268080756453,-0.127678571428572,0.096986346986347,0.840367965367965,0.0025595051662734,-0.0132933926538577,0.0133356227106227,3,-1.89014084507042,14,-1.11231142206193
3664,18373,170,0.99124070716193,0.0843232163219436,-0.924473451641905,0.24901011701139,0.985904142239282,0.107016894650458,-0.990221110064271,0.0891034348233802,-0.975228984899584,0.141993222360931,0.968619604501137,0.15990668218801,0.866025403784439,0.333333333333333,-0.99124070716193,0.0843232163219441,3,127,13,13,7,0.717948717948719,4.07264957264957,0.135492000876616,0.0958556946929042,-0.0987179487179493,0.0912343470483006,0.823593718942556,0.00221794225829671,-0.0123178155898545,0.0125447227191413,3,-1.74863813111627,13,-0.154511675999235
3664,18374,170,0.987829161147262,0.0994252840514118,-0.933256525257383,0.233908049281921,0.99536826469647,0.0612963701901821,-0.993673306867719,0.0716494304616241,-0.963466787841358,0.172611679091739,0.967694757681202,0.162258618820298,0.866025403784439,0.333333333333333,-0.987829161147262,0.0994252840514124,3,133,10,10,6,0.9,3.52222222222222,0.218148148148148,0.144623655913979,-0.12375,0.141741741741742,0.828378378378378,0.00536362939516093,-0.0226387678000581,0.0194894894894895,3,-1.21361082710621,10,-0.498846187979172
3664,18385,170,NA,NA,-0.866025403784438,0.333333333333333,NA,NA,NA,NA,-0.866025403784439,0.333333333333333,-0.866025403784439,0.333333333333333,0.866025403784439,0.333333333333333,-1,0,3,130,12,12,4,0.35,3.63333333333333,0.0408333333333334,0.0500000000000001,-0.0481250000000003,0.00090909090909097,0.778106060606061,2.75482093663949e-07,0.000129870129870153,-0.000125000000000037,3,0.514859204054857,12,9.99993895631537
3664,18386,170,NA,NA,-0.866025403784439,0.333333333333333,NA,NA,NA,NA,NA,NA,-0.866025403784439,0.333333333333333,0.866025403784439,0.333333333333333,-1,NA,3,136,8,8,3,0,3,0,6.40987562127855e-17,-1.05762947751096e-16,0.503151260504202,0.541316526610644,0.084387063648989,0.083858543417367,-0.0691832983193279,3,0.311606378150004,8,9.99992597220677
3664,18396,170,0.991459441114766,0.00854055888523408,-0.766153946618235,0.233846053381765,-0.854362344449433,0.145637655550567,0.962527441392934,0.0374725586070657,0.713843989300973,0.286156010699026,-0.768373632363579,0.231626367636421,NA,NA,NA,NA,4,121,9,9,8,1,4.84722222222222,0.222993827160494,-0.126016260162602,0.0718055555555557,0.33600583090379,0.42480563654033,0.0262623826429086,0.0487212306525398,-0.0265245383867834,4,1.38369980399641,9,-1.99992846966816
3664,18397,170,0.984731927834662,0.015268072165338,-0.762770071396473,0.237229928603527,-0.597081434026532,0.402918565973468,0.935296514548967,0.0647034854510333,0.563601861976634,0.436398138023366,-0.761131334454152,0.238868665545848,NA,NA,NA,NA,4,139,8,8,7,0.5,4.21875,0.06640625,-0.0568181818181818,0.0309375000000001,0.278033794162826,0.4857910906298,0.0175874604669015,0.0458036587068845,-0.0215015360983104,4,1.08985265357193,8,-1.99992846966816
3664,18410,170,0.959533348432282,0.0404666515677177,-0.956358343605608,0.0436416563943916,-0.931566017426293,0.0684339825737068,0.92928674010694,0.07071325989306,0.833500693403961,0.166499306596039,-0.837130758933906,0.162869241066094,0.853720229092614,0.146279770907386,-0.942931839001902,0.0570681609980983,4,105,78,78,12,3.07762557077625,8.49525810947044,2.13559667281539,-0.0395484394480046,0.259462084148729,0.444015633489318,0.698140412834967,0.0458399604918011,0.0057800015320456,-0.0381789285279206,4,-1.12297308533775,78,0.0952072449960528
3664,18411,170,0.969111895789302,0.0308881042106974,-0.921201301919935,0.0787986980800654,-0.940904433748305,0.0590955662516954,0.940322201392054,0.0596777986079462,0.766770813767612,0.233229186232388,-0.775444248398954,0.224555751601046,0.827083179331686,0.172916820668314,-0.968919101481582,0.0310808985184184,4,113,58,58,11,2.66666666666667,7.7280701754386,1.67384836359906,-0.0482571016330769,0.211315789473685,0.418299536720589,0.744053351567202,0.0430767077087261,0.00773669729349125,-0.0342831050777728,4,-1.07895004022923,58,0.0117330812135957
3664,18412,170,NA,NA,-0.866025403784439,0.333333333333333,-0.547533132440706,0.631134004455004,0.957539743156788,0.186180941136215,0.05578560024792,0.964467337788337,-0.6851030921056,0.519514274469548,0.866025403784439,0.333333333333333,-1,0,3,117,19,19,9,0.355555555555555,5.17407407407407,0.039670781893004,-0.023611111111111,0.00305555555555549,0.116167221605623,0.619435195461833,0.00356057886290049,0.0123705142434332,-0.0112421383647799,3,0,19,-0.119874138366789
3664,18417,170,NA,NA,-0.944911182523068,0.212295615009657,0.606607674867416,0.585059801166791,-0.183762341857919,0.882344635711914,-0.833415647738334,0.372764186157134,0.495391781000155,0.670049020702257,NA,NA,NA,NA,3,141,14,14,8,0.247252747252747,4.62657712657713,0.0190665279187868,0.0316588173731032,-0.0316468253968256,0.0205886067955033,0.807534419603385,0.000105975673882796,-0.000715007488406467,0.00140244094985471,3,-0.654822335025381,14,-0.695312294003593
3664,18418,170,NA,NA,-0.960768922830523,0.178912375022067,0.576229504564949,0.60904688115988,0.40628428618073,0.733648531242354,-0.780298287559255,0.430134506137813,-0.136917571962448,0.91256090626442,NA,NA,NA,NA,3,143,11,11,7,0.263636363636364,4.2021645021645,0.0200140552088604,0.0391608391608394,-0.0303571428571431,0.0336272780717225,0.755370281296207,0.000329453048372598,0.00354254798699248,-0.000683421516754898,3,-0.306592901569663,11,-0.930450269637523
3664,18419,170,NA,NA,-0.981980506061966,0.121037718323677,0.923583397555181,0.250492181257121,0.199396464132738,0.872203687497338,-0.979396225101083,0.129454462933445,-0.0106161754877405,0.993241405821015,NA,NA,NA,NA,3,144,9,9,6,0.388888888888889,3.6712962962963,0.0394161522633745,0.120039682539683,-0.0534722222222224,0.0350732600732601,0.675936100936101,0.000405109209291138,0.00262733298447591,-5.8760683760719e-05,3,-0.529415577181234,9,-1.03491775752969
3664,18430,170,0.995021006770228,0.00497899322977191,-0.909307898957711,0.0906921010422887,-0.937137209257021,0.0628627907429791,0.940180702216739,0.0598192977832608,0.739087209338378,0.260912790661622,-0.746921026981473,0.253078973018527,0.821863511961788,0.178136488038211,-0.978248098077116,0.0217519019228839,4,115,39,39,10,2.27380952380952,7.02449633699634,1.2023392320439,-0.0613368223225705,0.172630494505495,0.350649350649351,0.703102989945095,0.0288763326792147,0.00953645431705189,-0.0270367212209318,4,-0.946297519600917,39,-0.173417081934716
3664,18431,170,NA,NA,-0.866025403784439,0.333333333333333,NA,NA,NA,NA,-0.866025403784439,0.333333333333333,0.866025403784439,0.333333333333333,0.866025403784439,0.333333333333333,-1,0,3,133,19,19,6,0.17004048582996,4.5748987854251,0.00963792227376289,0.02834008097166,-0.0233805668016196,0.0233310233310233,0.776545776545777,0.000181445549890918,-0.00388850388850388,0.0032080157080157,3,-1.36427288186729,19,7.14389314351246
3664,18432,170,NA,NA,-0.866025403784438,0.333333333333334,NA,NA,NA,NA,-0.866025403784439,0.333333333333333,-0.866025403784439,0.333333333333333,0.866025403784439,0.333333333333333,-1,9.48637384723993e-09,3,143,14,14,5,0.0396825396825395,3.91534391534392,0.000524901318552108,0.00793650793650802,-0.00545634920634936,0.0117125672681228,0.83085364566846,4.57280773367668e-05,0.00234251345362455,-0.00161047799936688,3,-1.58291457286432,14,9.99991989074525
3664,18438,170,NA,NA,-0.866025403784439,0.333333333333333,NA,NA,NA,NA,0.866025403784438,0.333333333333333,0.866025403784439,0.333333333333333,0.866025403784439,0.333333333333333,-1,0,3,148,8,8,4,0.0416666666666665,3.13888888888889,0.0005787037037037,-0.0208333333333328,0.00572916666666639,0.0161255411255411,0.786219336219336,8.66776921971724e-05,-0.00806277056277051,0.00221726190476189,3,-0.758135105602071,8,9.99995434071618
3664,18449,170,0.986526007527973,0.0134739924720271,-0.909743578670917,0.0902564213290828,-0.917010493421462,0.0829895065785381,0.871965669191711,0.128034330808289,0.691863623099646,0.308136376900354,-0.615430728303821,0.384569271696179,0.774596669241483,0.225403330758517,-0.96093319895771,0.0390668010422903,4,120,20,20,9,1.46666666666667,6.65877192982456,0.459196675900277,-0.0796169630642955,0.0998684210526318,0.192952380952381,0.61784335839599,0.00727205265251684,0.00952708035478573,-0.011179335839599,4,-0.0458237877051277,20,-1.06375211795543
3664,18450,170,0.971815971827512,0.0281840281724879,-0.916379589905313,0.083620410094687,-0.922780533432451,0.0772194665675487,0.85156532845319,0.14843467154681,0.714500556742754,0.285499443257246,-0.597724478350242,0.402275521649758,0.774596669241483,0.225403330758517,-0.955533085905909,0.0444669140940908,4,123,19,19,8,1.0952380952381,5.89724310776942,0.265572033676506,-0.0649138373885023,0.0784335839598999,0.153924090094303,0.622908559869234,0.0045611495861528,0.00785059941998924,-0.0085989716758441,4,-0.0929389436301781,19,-0.679892486600092
3664,18451,170,0.957153278670804,0.0428467213291963,-0.923542488595713,0.0764575114042874,-0.940546619836807,0.0594533801631931,0.826289658347435,0.173710341652565,0.759239077723181,0.240760922276819,-0.57505045975944,0.42494954024056,0.774596669241483,0.225403330758517,-0.948964098204081,0.0510359017959192,4,124,18,18,7,0.743589743589744,5.11884112619407,0.133471792824335,-0.0501662340028237,0.0590855957767725,0.102564102564103,0.600720060878309,0.00199938909177951,0.00539408023377941,-0.00547725465604302,4,-0.163681777347574,18,0.528397839811507
3664,18452,170,0.930778410088755,0.0692215899112449,-0.939455994516219,0.0605440054837814,-0.999565868992677,0.000434131007323495,-0.790483594703681,0.209516405296319,0.940455913526964,0.0595440864730361,0.619864225748119,0.38013577425188,0.774596669241483,0.225403330758517,-0.930778410088755,0.0692215899112448,4,142,16,16,6,0.354166666666667,4.44176136363636,0.0264036553986839,-0.0274869819917553,0.0325520833333335,0.0569264069264069,0.845738636363636,0.000610842061227613,-0.00330628997096776,0.00326339285714284,4,-0.814378791466596,16,9.9999212711708
3664,18453,170,0.992523259604837,0.007476740395163,-0.835657838081093,0.164342161918907,-0.99990198480741,9.80151925903332e-05,0.980678847293589,0.0193211527064108,0.829288428862728,0.170711571137272,-0.731660171543828,0.268339828456172,0.774596669241483,0.225403330758517,-0.992523259604837,0.00747674039516287,4,145,10,10,5,0.5,3.63888888888889,0.058641975308642,-0.0626939788950962,0.0427777777777778,0.121111111111111,0.806277777777778,0.00332682716049383,0.0146455617628802,-0.00898944444444444,4,-0.872300304084657,10,9.99995169634625
3664,18468,170,0.987829161147262,0.0994252840514118,-0.933256525257383,0.233908049281921,-0.956598114119199,0.188249069440371,-0.994192340730655,0.0686445552432447,0.788073709699652,0.422157118722292,0.889179036479582,0.302552604525165,0.866025403784439,0.333333333333333,-0.987829161147262,0.0994252840514124,3,128,20,20,8,0.764705882352941,5.52843137254902,0.170072087658593,-0.0409076533839341,0.0893749999999999,0.143107769423559,0.740521032974593,0.00647571912480344,-0.00829608017513739,0.0196773182957394,3,-0.408248290463863,20,0.0269021902177314
3664,18469,170,0.986241382612456,0.105725979981739,-0.936765906922573,0.227607353351594,-0.951272694737124,0.199554160582711,-0.987763521611417,0.0996935805758176,0.783210399797806,0.427161513934305,0.870724289098878,0.327300933927412,0.866025403784439,0.333333333333333,-0.986241382612456,0.105725979981739,3,135,19,19,7,0.5,4.69298245614035,0.0722530009233611,-0.0281802684849776,0.0578947368421052,0.213032581453634,0.85875104427736,0.014964794243336,-0.0133168193763761,0.0292919799498747,3,-0.711507629412018,19,9.99995888758385
3664,18470,170,0.997176464952738,0.0478513232833508,-0.901127113779166,0.285482010049984,-0.978524426984467,0.132174539605294,NA,NA,0.792405815693061,0.417656549655277,NA,NA,0.866025403784439,0.333333333333333,-0.997176464952738,0.0478513232833488,3,142,13,13,6,1.16666666666667,4.27777777777778,0.398148148148148,-0.0927318295739348,0.1375,0.011030636030636,0.84296953046953,6.08374656201829e-05,-0.0110306360306361,0.00303342490842494,2,-1.40764317734734,13,9.99995008351559
3664,18475,170,0.99124070716193,0.0843232163219443,-0.924473451641905,0.24901011701139,-0.922084378755284,0.252969648965831,NA,NA,0.704904398429194,0.501979765977221,NA,NA,0.866025403784439,0.333333333333333,-0.99124070716193,0.0843232163219436,3,146,8,8,5,0.857142857142857,3.50595238095238,0.196534863945578,-0.10797342192691,0.0859375000000001,0.0302579365079365,0.826140873015873,0.000457771360859159,-0.0302579365079366,0.00832093253968257,2,-0.811635609709776,8,1.07793151846963
3664,18490,170,0.973757837220049,0.0262421627799507,-0.929797118252341,0.070202881747659,0.908726425447152,0.0912735745528483,0.977755560568212,0.0222444394317878,-0.727114378271359,0.272885621728641,-0.85021119989026,0.14978880010974,0.838028637288259,0.161971362711741,-0.972136496076726,0.0278635039232744,4,102,72,72,13,0.666666666666667,7.81189588511461,0.102316945872755,0.00926322735221852,-0.0495432891466448,0.0763048881524441,0.804139833822227,0.001333556801661,0.00113786682554309,-0.00661364531165413,4,-0.539852393386063,72,-0.217606449711853
3664,18496,170,0.964192435701997,0.0358075642980029,-0.927089443297025,0.0729105567029751,0.951007997952961,0.0489920020470391,0.97848032096185,0.02151967903815,-0.784027985855082,0.215972014144918,-0.853026030218254,0.146973969781746,0.826449486193744,0.173550513806255,-0.969618723981954,0.0303812760180457,4,105,66,66,12,1.03763440860215,7.08242589493527,0.250221617589507,0.0166644115660898,-0.0835415055687002,0.0480325443786982,0.818263597906443,0.000513509295479375,0.000776729232597699,-0.0041176057122409,4,-0.690436766870346,66,-0.0689196925994914
3664,18497,170,0.900538985349897,0.0994610146501032,-0.96757559479638,0.0324244052036199,0.774091336989643,0.225908663010356,-0.998954886781258,0.0291081512129056,-0.81648001896298,0.18351998103702,0.972316405225638,0.150145869536582,0.810507338299342,0.189492661700658,-0.926714116379572,0.0732858836204283,4,144,14,14,7,0.875,4.31696428571429,0.196508290816327,0.0598101265822785,-0.0770982142857146,0.0172231614539307,0.889918841841919,7.84423376439347e-05,-0.00289602796470923,0.00236818469991543,3,-2.17748917748918,14,-0.438345169128568
3664,18499,170,0.957146695218211,0.0428533047817892,-0.956932110206962,0.0430678897930379,0.916893525134196,0.0831064748658044,-0.715375698362837,0.492511139227884,-0.939754523412253,0.0602454765877473,0.904682855315158,0.280215524218228,0.878772269443104,0.121227730556896,-0.974475860705184,0.025524139294816,4,145,12,12,6,1.08333333333333,3.55654761904762,0.318346088435374,0.10363911450868,-0.112946428571429,0.0142857142857142,0.895751803751804,6.23377622858139e-05,-0.00213481756338896,0.00196428571428569,3,-2.52545967401397,12,0.601512438013187
3664,18510,170,0.962791812473523,0.0372081875264771,-0.914510181404736,0.0854898185952635,0.911047525524257,0.0889524744757433,0.953473933999155,0.0465260660008444,-0.723775935827086,0.276224064172914,-0.784996153521103,0.215003846478897,0.819458725657895,0.180541274342105,-0.971694192563858,0.0283058074361415,4,106,52,52,11,0.857142857142857,6.60036414565826,0.161897822658475,0.0160291573608411,-0.0620344537815126,0.426135204081633,0.676683048219288,0.0447657470242874,0.00882126559993022,-0.035379261704682,4,-0.0610129313220724,52,-0.0684971906557886
3664,18511,170,NA,NA,-0.933256525257383,0.233908049281921,-0.911400396757847,0.270004455185524,0.986122967463766,0.106181029853478,0.702747754961624,0.503912504467446,-0.860670790866864,0.340089079135399,0.866025403784439,0.333333333333333,-0.987829161147262,0.0994252840514122,3,124,26,26,10,0.363095238095238,5.86248473748474,0.0352111957537782,-0.026601087084958,0.0362637362637362,0.0614072442994938,0.73180209624444,0.0012418274369231,0.00540519646623679,-0.0083406593406594,3,-0.280597929042281,26,-0.72303582819676
3664,18512,170,NA,NA,-0.866025403784439,0.333333333333333,NA,NA,NA,NA,-0.866025403784439,0.333333333333333,0.866025403784439,0.333333333333333,NA,NA,NA,NA,3,130,16,16,9,0.0625,5.29166666666667,0.00130208333333333,0.0156250000000002,-0.00859375000000021,0.0114962121212121,0.666957070707071,4.4054297711968e-05,-0.00287405303030298,0.00158072916666662,3,-0.929508626066466,16,-1.11696071560334
3664,18513,170,NA,NA,-0.866025403784439,0.333333333333333,NA,NA,NA,NA,NA,NA,0.866025403784439,0.333333333333333,NA,NA,NA,NA,3,141,12,12,8,0,5,0,2.56395024851142e-16,-2.11525895502193e-16,0.0122779519331244,0.626872169975618,5.02493678907046e-05,-0.00409265064437476,0.00168821839080457,3,-0.957694531685679,12,-1.32985890017733
3664,18514,170,NA,NA,-0.866025403784439,0.333333333333333,NA,NA,NA,NA,0.866025403784439,0.333333333333333,-0.866025403784439,0.333333333333333,NA,NA,NA,NA,3,149,11,11,7,0.136363636363637,4.40909090909091,0.00619834710743805,-0.0454545454545452,0.0187499999999998,0.0228509585652443,0.748227169655741,0.000174055435783504,0.00761698618841478,-0.00314200680272111,3,-1.39452295788879,11,-0.93045026963778
3664,18515,170,NA,NA,-0.866025403784439,0.333333333333333,NA,NA,NA,NA,-0.866025403784439,0.333333333333333,0.866025403784439,0.333333333333333,NA,NA,NA,NA,3,153,9,9,6,0.0317460317460316,3.87830687830688,0.000335936843873349,0.0158730158730161,-0.00436507936507953,0.00957049486461248,0.789137877373171,3.05314573178579e-05,-0.00478524743230614,0.00131594304388417,3,-1.1294574318808,9,-1.03491775752969
3664,18527,170,NA,NA,-0.960768922830523,0.178912375022067,-0.277350098112615,0.821087624977933,0.910923996338535,0.270740501187305,-3.52457089063101e-17,1,-0.760759971090924,0.449652876209372,0.866025403784439,0.333333333333333,-0.970725343394151,0.154420958311266,3,146,10,10,6,0.5,3.83333333333333,0.0833333333333333,-0.0192307692307691,-9.71494708810588e-17,0.385416666666667,0.565509259259259,0.0418095743312757,0.0447382478632479,-0.0427777777777779,3,0.581444534903078,10,-0.916072438767345
3664,18536,170,0.981256705192587,0.0187432948074133,-0.852208863454025,0.147791136545975,0.994449536390225,0.00555046360977474,0.979225457942667,0.0207745420573331,-0.801611555293238,0.198388444706762,-0.774825760666602,0.225174239333398,0.817505733215216,0.182494266784784,-0.99360409096588,0.00639590903411968,4,112,26,26,9,0.807692307692307,5.5704945054945,0.146105007446766,0.0339082403008132,-0.0652686813186815,0.249252873563218,0.582399109511178,0.0153545818915667,0.0108240962519294,-0.0204517920298093,4,0.283181852417635,26,0.0850482994777634
3664,18541,170,0.981306762925316,0.018693237074684,-0.847822751996794,0.152177248003206,0.995073810314762,0.00492618968523817,0.967631673768692,0.0323683262313081,-0.81574403254814,0.18425596745186,-0.736489559431667,0.263510440568333,0.816612721890029,0.183387278109971,-0.99325757081583,0.00674242918417009,4,131,21,21,8,1.38095238095238,4.99156162464986,0.440901071212799,0.074813258636788,-0.115380602240897,0.137820512820513,0.688643483709273,0.00436503464556739,0.00723863406049641,-0.0103649869866976,4,-0.412942440732044,21,-0.056094384429676
3664,18544,170,0.985843572886086,0.0141564271139143,-0.833052161400747,0.166947838599253,0.998733127228409,0.00126687277159077,0.769159896800098,0.230840103199902,-0.850282089775698,0.149717910224302,-0.355879370666018,0.644120629333982,0.774596669241483,0.225403330758517,-0.985843572886086,0.0141564271139142,4,139,18,18,7,1.83333333333333,4.29754901960784,0.767649301550685,0.117635246869832,-0.158691176470589,0.0823348694316436,0.785454316135056,0.00114728465493711,0.00350234406497409,-0.00256771445137195,4,-0.608364953071713,18,0.569963862686233
3664,18545,170,NA,NA,-0.866025403784439,0.333333333333333,NA,NA,NA,NA,-0.866025403784439,0.333333333333333,0.866025403784439,0.333333333333333,NA,NA,NA,NA,3,143,12,12,6,0.361111111111111,4.12962962962963,0.0434670781893004,0.12037037037037,-0.0496527777777779,0.0562102506546951,0.720756952238434,0.00105319742622122,-0.0187367502182316,0.00772890946502054,3,-0.334719340697602,12,-0.0337966649410395
3664,18546,170,NA,NA,-0.866025403784439,0.333333333333333,NA,NA,NA,NA,-0.866025403784439,0.333333333333333,0.866025403784439,0.333333333333333,NA,NA,NA,NA,3,153,9,9,5,0.277777777777778,3.68518518518519,0.0257201646090535,0.0925925925925926,-0.0381944444444446,0.0787581699346406,0.84161220043573,0.00206761644381791,-0.0262527233115468,0.0108292483660131,3,-0.696889391398814,9,-0.456136472546364
3664,18547,170,NA,NA,-0.866025403784439,0.333333333333333,NA,NA,NA,NA,-0.866025403784439,0.333333333333333,0.866025403784438,0.333333333333333,NA,NA,NA,NA,3,154,8,8,4,0.125,3.08333333333333,0.00520833333333333,0.0416666666666667,-0.0171875000000001,0.0834821428571429,0.838095238095238,0.00232308939200681,-0.0278273809523809,0.0114787946428571,3,-0.30169889330626,8,9.99995434071618
3664,18561,170,0.923897912338942,0.0761020876610579,-0.977958874151384,0.0220411258486156,0.992776013467808,0.00722398653219214,0.873786538299517,0.126213461700483,-0.947430111220963,0.0525698887790373,-0.875311166805448,0.124688833194552,0.905645709269814,0.0943542907301855,-0.901081956920811,0.0989180430791886,4,59,420,420,17,0.720109626584447,10.8145163072629,0.134716501672713,0.00188674655122783,-0.0740740176404579,0.179196707973686,0.830880860355257,0.00719254273831967,0.00038370589031764,-0.0158129178099664,4,-1.11217047927183,420,0.508483164941073
3664,18562,170,0.98174575278628,0.0182542472137204,-0.975900072948533,0.0240999270514674,-0.941109337394839,0.0588906626051609,0.846150450314246,0.357828806510023,0.849048432292547,0.150951567707453,-0.730186279151342,0.478866524833699,0.856061921635292,0.143938078364708,-0.944539945812209,0.0554600541877911,4,85,37,37,9,2,6.60561877667141,0.890519834051316,-0.0559450427871481,0.17067211948791,0.0547830043166107,0.69280923388184,0.000819570477223012,0.00264302395731539,-0.0057485659033647,3,0.0422133519926568,37,1.42886627853276
3664,18563,170,0.987829161147262,0.0994252840514118,-0.933256525257383,0.233908049281921,0.986649459819736,0.104142715837285,-0.999960898044661,0.00562983638648063,-0.979297494200679,0.129765333444637,0.936396608286262,0.228278212895449,0.866025403784439,0.333333333333333,-0.987829161147262,0.0994252840514117,3,104,10,10,5,0.45,3.50185185185185,0.0527880658436214,0.0705197132616489,-0.0618750000000004,0.176094276094276,0.726234567901235,0.00884119203633794,-0.0292494840881937,0.024212962962963,3,-0.311520472514237,10,2.58526673128531
3664,18572,170,0.981967120726286,0.0180328792737146,-0.971507881431677,0.0284921185683228,-0.974499789093276,0.0255002109067239,0.891682227013597,0.299051090155698,0.893995664239553,0.106004335760447,-0.844225369192413,0.360121829540749,0.856539963434525,0.143460036565475,-0.954442375334074,0.0455576246659259,4,113,27,27,8,1.44444444444444,6.0199494949495,0.455912917049281,-0.0582539965296335,0.128583333333334,0.0480443533075112,0.728345468696346,0.000734633679873866,0.00400952482072715,-0.00629254760833712,3,0.0592717006392395,27,1.29774247239545
3664,18573,170,0.969203043989356,0.0307969560106445,-0.957799266992188,0.042200733007812,-0.962220575827909,0.0377794241720906,0.603991251663804,0.587152355584943,0.843661487732107,0.156338512267893,-0.551730176918893,0.627935650121778,0.839865632247401,0.160134367752599,-0.96034365040276,0.0396563495972403,4,125,23,23,7,1,5.28571428571429,0.231292517006803,-0.0483556479916807,0.0864285714285716,0.0223321837356926,0.835490411030711,0.000125144236235101,0.0014984138691483,-0.00169732441471578,3,-0.202831998517954,23,3.73833351432495
3664,18574,170,0.904194430179465,0.280944400511687,-0.996615895540124,0.0523889328216483,0.996615895540124,0.0523889328216476,-0.920853975974462,0.254986128826257,-1,1.34157585525081e-08,0.885687500697221,0.307375061647904,0.866025403784439,0.333333333333333,-0.904194430179465,0.280944400511687,3,143,9,9,4,0.333333333333333,3.16666666666667,0.0277777777777778,0.0472972972972975,-0.0458333333333337,0.245884773662551,0.839849108367627,0.0192682489683709,-0.0363975086197307,0.0338091563786008,3,0.703146535204864,9,9.99993021423617
3664,18582,170,0.998819881764414,0.00118011823558617,-0.852802865422441,0.147197134577559,-0.966257610334429,0.0337423896655707,-0.334595013691579,0.78280096861431,0.68954291732477,0.31045708267523,0.334595013691579,0.78280096861431,0.81661342607136,0.183386573928639,-0.997084875520393,0.00291512447960737,4,128,14,14,6,0.666666666666667,4.53663003663004,0.0969421299091629,-0.0496836496836497,0.0457326007326008,0.0059305773591487,0.818452711309854,9.09216707590647e-06,-0.00100891172319711,0.000277450723879204,3,-0.666666666666667,14,0.796453836086565
3664,18584,170,0.994438084226964,0.00556191577303577,-0.866400225443962,0.133599774556038,-0.952412043687665,0.0475879563123349,0.71682025127571,0.491193614985697,0.673010220816368,0.326989779183632,-0.71682025127571,0.491193614985697,0.774596669241483,0.225403330758517,-0.986927542439653,0.0130724575603467,4,130,12,12,5,0.2,3.86287878787879,0.00854224058769513,-0.017375049193231,0.01325,0.0124747474747475,0.791144781144781,4.20169710573755e-05,0.00464646464646472,-0.00127777777777781,3,-0.299608920344707,12,9.99993118657984
3664,18585,170,NA,NA,-0.774596669241482,0.225403330758518,NA,NA,NA,NA,-0.774596669241482,0.225403330758518,NA,NA,0.774596669241483,0.225403330758517,-1,0,4,137,8,8,4,0.125,3.09375,0.00390625,0.0178571428571428,-0.0103125,0,0.82034632034632,0,NA,-5.28814738755481e-17,3,-0.822815163562528,8,9.99992830104803
3664,18598,170,0.902498236247764,0.0975017637522364,-0.975451153222535,0.0245488467774648,0.952792873968321,0.0472071260316786,0.874158502480826,0.125841497519174,-0.946393199467772,0.0536068005322279,-0.882589138363269,0.117410861636731,0.92417679317475,0.07582320682525,-0.91515063331884,0.0848493666811601,4,64,383,383,16,0.880701754385965,10.2197709078522,0.164922437832696,0.00217692522760849,-0.0818690597853861,0.290572064152516,0.817290828962076,0.0188609288677149,0.000675424583571398,-0.0258195361627331,4,-1.13801549622916,383,0.526222881785653
3664,18599,170,0.892235085207471,0.107764914792529,-0.974788051116534,0.0252119488834661,0.927232763949593,0.0727672360504068,0.947698897664483,0.0523011023355171,-0.928980361725053,0.071019638274947,-0.935686206354355,0.0643137936456454,0.924844806369029,0.0751551936309709,-0.909712546811787,0.0902874531882125,4,66,304,304,15,1.53863134657837,9.66433115052267,0.507499850856393,0.00468320256544606,-0.140971983952638,0.269872965475923,0.80190415410296,0.0162043747877159,0.00085530838479969,-0.025371999020369,4,-0.427674070928601,304,0.349484852363647
3664,18600,170,0.957371494608279,0.0426285053917208,-0.9591418128609,0.0408581871390996,-0.956994250788367,0.0430057492116334,0.991718183819536,0.0819894738231004,0.846074793391012,0.153925206608988,-0.862295178725562,0.338052550391678,0.910916536860892,0.0890834631391084,-0.882333797286348,0.117666202713652,4,88,49,49,9,0.795454545454545,6.68332560296846,0.176669009440511,-0.0168839749297832,0.0757525510204085,0.150262981488166,0.797974568400385,0.00746271820352376,0.00414917882526585,-0.0204850568276092,3,-0.729199791368971,49,1.31641270046626
3664,18601,170,0.983139886288026,0.0168601137119739,-0.95831484749991,0.0416851525000903,-0.865060824022403,0.134939175977597,0.999269113201985,0.024341460618289,0.79917012981908,0.200829870180919,-0.874680692097144,0.32214213173996,0.899750431385481,0.100249568614519,-0.937340121993025,0.062659878006975,4,93,26,26,7,0.76,5.77538461538462,0.147244181459566,-0.0273783359497645,0.0653230769230772,0.0762215562215562,0.722453842453842,0.00189843858406407,0.00485772411083615,-0.010480463980464,3,-0.384717671223076,26,0.0201729746194704
3664,18602,170,NA,NA,-0.866025403784439,0.333333333333333,NA,NA,NA,NA,0.866025403784438,0.333333333333333,-0.866025403784439,0.333333333333333,0.866025403784439,0.333333333333333,-1,0,3,115,13,13,6,0.884615384615385,4.91025641025641,0.260848126232742,-0.0982905982905982,0.121634615384615,0.33030303030303,0.453535353535354,0.0363666972757882,0.0367003367003367,-0.0454166666666668,3,-0.078898505936755,13,-0.824898515822354
3664,18603,170,NA,NA,-0.866025403784439,0.333333333333333,NA,NA,NA,NA,0.866025403784439,0.333333333333333,-0.866025403784439,0.333333333333333,0.866025403784439,0.333333333333333,-1,0,3,135,12,12,5,0.583333333333333,4.11111111111111,0.113425925925926,-0.0729166666666666,0.0802083333333334,0.394372294372294,0.62958152958153,0.0518431688561559,0.0492965367965368,-0.0542261904761906,3,-0.884990142175835,12,9.99991984641845
3664,18614,170,0.929976049193334,0.0700239508066662,-0.968657768430329,0.0313422315696707,-0.922678330461529,0.077321669538471,0.987292073262467,0.101599942575819,0.875139542302139,0.12486045769786,-0.852139073351784,0.350610059587209,0.947387712061033,0.0526122879389672,-0.993586690417695,0.00641330958230479,4,116,13,13,6,0.75,4.63942307692308,0.173909023668639,-0.0687397708674304,0.0777403846153849,0.29304152637486,0.691111974445308,0.0277683401516461,0.0434557260138656,-0.0390497388414056,3,-0.569000099317878,13,-0.45979966817749
3664,18626,170,0.985329278164293,0.109182553509247,-0.938652204581148,0.224150779824086,0.932209657138549,0.235756418108897,NA,NA,-0.999833836438522,0.0116056382848082,NA,NA,0.960842799699729,0.178742722315745,-0.997457321358817,0.0454080575083429,3,97,23,23,8,0.217391304347826,5.10755148741419,0.0118186721405045,0.00864788607229353,-0.0298913043478265,0.0159543461320836,0.762430581480141,0.000127270580251165,-0.00398858653302094,0.00438744518632303,2,-0.18198289441185,23,1.48989107882413
3664,18630,170,0.977355554850442,0.135737209330303,-0.952216581409108,0.19759612400303,0.985781512201886,0.107482499285172,NA,NA,-0.887356509416114,0.305078623288202,NA,NA,0.979508600755689,0.129099731386174,-0.994217360050706,0.0684963926168564,3,109,19,19,7,0.631578947368421,4.41052631578947,0.126648199445983,0.0371170463472114,-0.0868421052631583,0.00838982702658286,0.799708287111221,3.51945987679901e-05,-0.00209745675664578,0.00230720243231036,2,-0.544421791654865,19,8.08957753669794
3664,18636,170,0.986021443999958,0.106569635027917,-0.960768922830523,0.178912375022067,0.988522467870287,0.0965463016128763,NA,NA,-0.907841299003204,0.275458676634943,NA,NA,0,1,0.277350098112615,0.821087624977933,3,121,13,13,6,1,3.63333333333333,0.303333333333333,0.0871794871794873,-0.137500000000001,0.016518402232688,0.845255538112681,0.000136428806160435,-0.00550613407756267,0.00454256061398921,2,-0.838447425474692,13,9.99995008351559
3664,18641,170,0.960768922830523,0.178912375022066,-0.970725343394151,0.154420958311267,0.967815910697258,0.161952422439248,NA,NA,-0.879036842828639,0.316373380750515,NA,NA,0,1,0.240192230707631,0.845579041688734,3,127,8,8,5,1.375,2.90277777777778,0.611689814814815,0.209935897435898,-0.189062500000001,0.0184939091915836,0.84811738648948,0.000171012338593269,-0.00924695459579186,0.00508582502768553,2,-1.40135707544243,8,1.07793151846963
3664,18648,170,0.888329825868915,0.111670174131085,-0.977489960420047,0.0225100395799529,0.955084196906621,0.0449158030933792,0.923105058204108,0.0768949417958922,-0.939669483933264,0.0603305160667356,-0.919556808520549,0.0804431914794506,0.918115416291605,0.081884583708395,-0.901334079278466,0.0986659207215342,4,68,255,255,14,1.95889328063241,9.04501011338121,0.854852805257664,0.00752943337471274,-0.185067054500919,0.432899571774252,0.737475353007235,0.0411941324594737,0.0015975107019578,-0.0397561722790318,4,-0.107873943400592,255,0.293427171786568
3664,18649,170,0.940656167527314,0.0593438324726856,-0.949032236906415,0.0509677630935849,0.964942811064404,0.0350571889355962,0.919976153199247,0.0800238468007528,-0.842735103575166,0.157264896424834,-0.77678776214055,0.223212237859449,0.854549329635662,0.145450670364338,-0.969575504408218,0.0304244955917815,4,89,98,98,13,1.00681818181818,7.50649980407523,0.227364979885211,0.0111629074201044,-0.0855975215517243,0.221910032638002,0.734824589410948,0.0122018738078061,0.00246549312735049,-0.0182778015841008,4,-0.672178345233316,98,0.0893211514019392
3664,18650,170,0.975417269131967,0.141450308759981,-0.954919108405064,0.191883024573352,0.969209918412248,0.158387613453415,0.666416027855911,0.535654987803869,-0.852417964177819,0.350270638026768,-0.41503592522642,0.727538012377221,0.866025403784439,0.333333333333333,-0.975417269131967,0.141450308759981,3,123,37,37,12,0.250329380764163,6.33827404479578,0.0202752520912858,0.0202746893394377,-0.0333786231884063,0.00886875227763295,0.855168563748582,1.98445687242493e-05,0.000436133546879014,-0.000508439422639291,3,-1.79833303722167,37,-0.695278863774396
3664,18651,170,0.995870594885822,0.0578746566983908,-0.907841299003204,0.275458676634943,0.158763229845958,0.898498700495341,0.914641983575422,0.264945166276975,-0.55812746086698,0.623040023860398,-0.660835895618012,0.540403842911919,0.866025403784439,0.333333333333333,-0.995870594885822,0.0578746566983916,3,124,21,21,11,0.0928571428571434,6.09458874458874,0.00216576713329963,0.00134151562722996,-0.00714285714285727,0.0447472436030789,0.743151521755641,0.000520797874223464,0.00378988179740061,-0.00414725672877851,3,-1.15296541417004,21,-1.23327143381276
3664,18652,170,0.99124070716193,0.0843232163219436,-0.924473451641905,0.24901011701139,-0.877641762774506,0.318231265603865,0.931030271552765,0.237822342302348,0.628618557093713,0.567241382615254,-0.721579951213666,0.486832459313738,0.866025403784439,0.333333333333333,-0.99124070716193,0.0843232163219436,3,132,15,15,10,0.196428571428571,6.01785714285714,0.00988520408163263,-0.0230481727574748,0.0171874999999997,0.0673799884326199,0.633320480688902,0.00123063153625389,0.00862688922664444,-0.00696115288220557,3,-0.690431108511813,15,-1.45502037881943
3664,18653,170,0.987829161147262,0.0994252840514118,-0.933256525257383,0.233908049281921,-0.923703223391533,0.250293139221023,0.955311341492592,0.191040098155151,0.724435316012555,0.484201188502944,-0.785367353363639,0.424948147437073,0.866025403784439,0.333333333333333,-0.987829161147262,0.0994252840514124,3,138,13,13,9,0.130952380952381,5.63766788766789,0.00465953968701225,-0.019614793808342,0.0135989010989008,0.101663961038961,0.607186216561217,0.00299535943067217,0.0162648171720753,-0.0118203411172162,3,-0.776584776051067,13,-1.53596775194201
3664,18655,170,NA,NA,-0.960768922830523,0.178912375022067,0.959990914767162,0.180689596621961,-0.990830512062541,0.0862780014835321,-0.844662770877024,0.359601971644028,0.914486202898453,0.265190376505599,NA,NA,NA,NA,3,147,11,11,8,0.585714285714285,5.095670995671,0.109277000056221,0.152447552447553,-0.0767857142857147,0.0834556747600226,0.70537674885501,0.00208208012887266,-0.0217188608492956,0.0114751552795031,3,-0.799737039544148,11,-1.65272308498093
3664,18656,170,0.970725343394151,0.154420958311266,-0.960768922830523,0.178912375022067,0.918253703210684,0.25919882395456,-0.98100970404598,0.124265529430616,-0.772401035807743,0.438111198976626,0.888729184135004,0.303177904452683,NA,NA,NA,NA,3,151,10,10,7,0.444444444444445,4.6037037037037,0.0563374485596709,0.104700854700855,-0.0504166666666671,0.0713450292397662,0.753703703703704,0.00161112251063006,-0.0189158794421952,0.00980994152046786,3,-0.816496580927726,10,-1.53702717995313
3664,18657,170,0.970725343394151,0.154420958311266,-0.960768922830523,0.178912375022067,0.674709783017012,0.528537586181436,-0.941993471225136,0.217899169443467,-0.443532762572742,0.707449961203502,0.811950707339965,0.396811544465534,NA,NA,NA,NA,3,152,9,9,6,0.25,4.12037037037037,0.0156893004115226,0.0405982905982905,-0.0152777777777778,0.0464285714285715,0.709626690182246,0.000648634815913869,-0.0115248948582282,0.00568672839506172,3,-0.565382715611435,9,-1.29390088727818
3664,18658,170,NA,NA,-0.960768922830523,0.178912375022067,-0.782466628709955,0.427922492033457,0.973303122196407,0.147433546954532,0.924473451641905,0.24901011701139,-0.998777754686862,0.0314788280675343,NA,NA,NA,NA,3,156,8,8,5,0.25,3.6547619047619,0.0182823129251701,-0.0508241758241755,0.0343749999999998,0.0595238095238095,0.756802721088435,0.000887940210097645,0.0139324960753533,-0.00818452380952386,3,-0.642824346533225,8,-0.380754042579203
3664,18671,170,NA,NA,-0.981980506061966,0.121037718323677,0.349055555303733,0.773004893983715,-0.949426533204488,0.203331193169089,-0.519861388775363,0.651967175660038,0.991656740936103,0.0822934748454121,NA,NA,NA,NA,3,132,16,16,7,0.128205128205129,4.3982905982906,0.00411133026517645,0.0146520146520158,-0.00916666666666715,0.016222374117111,0.827803190961086,6.69030777980006e-05,-0.00508388854253509,0.00223057644110274,3,-0.988801058940752,16,7.73879140930512
3664,18677,170,NA,NA,-0.866025403784439,0.333333333333333,NA,NA,NA,NA,-0.866025403784439,0.333333333333333,0.866025403784438,0.333333333333333,NA,NA,NA,NA,3,138,10,10,6,0.138888888888889,3.84259259259259,0.00643004115226337,0.13888888888889,-0.0190972222222225,0.0181051587301587,0.850653108465608,0.000109265590881414,-0.0181051587301586,0.00248945932539679,3,-1.53847262169879,10,-1.44636169812418
3664,18686,170,0.90150376044714,0.0984962395528599,-0.956932110206962,0.0430678897930379,0.922845968624311,0.0771540313756889,0.949823870505982,0.0501761294940177,-0.797671391825605,0.202328608174395,-0.837838089171808,0.162161910828192,0.85930998180878,0.14069001819122,-0.962487834184281,0.0375121658157195,4,106,61,61,12,1.23636363636364,6.69480519480519,0.357337381233485,0.0221031142770273,-0.101571428571429,0.0890835437710438,0.783560176553073,0.00181170786656695,0.00161984026211994,-0.0075964818425016,4,0.17862646783126,61,0.426964346799034
3664,18687,170,NA,NA,-0.933256525257383,0.233908049281921,0.987212821196673,0.101916936769391,-0.993663692002403,0.0717039112722433,-0.864061836237888,0.335824986051312,0.967716330528652,0.162204138009678,0.866025403784439,0.333333333333333,-0.987829161147262,0.0994252840514122,3,113,32,32,7,0.510989010989011,5.18604513765804,0.0866458948041777,0.0301330649925864,-0.0699441687344918,0.0468097456212907,0.705869236089949,0.000584946882617748,-0.00249204661823096,0.00643634002292746,3,0.407392527391061,32,9.99995862963456
3664,18688,170,NA,NA,-0.944911182523068,0.212295615009657,0.922975791668997,0.251499173833574,0.991343100106706,0.0838281960891218,-0.746155792216122,0.463794788843231,-0.893754204774587,0.296123811098778,0.866025403784439,0.333333333333333,-0.981980506061966,0.121037718323677,3,139,22,22,6,0.333333333333333,4.6984126984127,0.0308012093726379,0.0204081632653062,-0.0360119047619051,0.0903225806451613,0.752870897462928,0.00255326850209712,0.00631105488790499,-0.0124193548387097,3,-0.922420461081461,22,9.99994245897668
3664,18689,170,NA,NA,-0.912245460839306,0.268694159506182,0.992264610421246,0.0792349096908855,0.9912940902731,0.0840654964528191,-0.854335343324656,0.347929069197068,-0.850367203691556,0.352759655959001,0.866025403784439,0.333333333333333,-0.99484975116711,0.0646391738271506,3,147,15,15,5,0.630769230769231,4.01501831501831,0.129248077929397,0.0723167243715189,-0.084464285714286,0.121850613154961,0.810261718957371,0.00478370780558196,0.0138990154177766,-0.0161741519350216,3,-0.876337714460568,15,9.99995074335862
3664,18693,170,0.99976764699241,0.013723904253532,-0.912245460839306,0.268694159506182,0.779097120226835,0.431355747148074,0.992848129053694,0.0761840629638439,-0.453920649501601,0.700049906654257,-0.856816166686888,0.344878222470027,0.866025403784439,0.333333333333333,-0.99484975116711,0.0646391738271513,3,148,11,11,4,0.1,3.54848484848485,0.0025068870523416,0.00790784557907853,-0.00625000000000017,0.194949494949495,0.764983164983165,0.0124113185729347,0.0224228587242286,-0.0262500000000001,3,-1.45880106184554,11,9.99993067683054
3664,18709,170,NA,NA,-0.866025403784439,0.333333333333333,NA,NA,NA,NA,-0.866025403784438,0.333333333333333,0.866025403784438,0.333333333333333,NA,NA,NA,NA,3,136,10,10,4,0.214285714285714,3.42857142857143,0.0153061224489796,0.0714285714285716,-0.029464285714286,0.0374416433239962,0.732741985683162,0.000467292218267117,-0.0124805477746654,0.00514822595704946,3,0.966903845835465,10,9.99992230902237
3664,18718,170,0.962870620496335,0.0371293795036653,-0.91157779233515,0.0884222076648504,0.975277951173915,0.0247220488260855,-0.929383025284511,0.0706169747154891,-0.800049658375236,0.199950341624764,0.701964145660931,0.298035854339069,0.857392170492232,0.142607829507768,-0.993161906535324,0.00683809346467612,4,120,29,29,11,1.94074074074074,6.20532625101591,0.88161972604142,0.0839745512703007,-0.160016922094509,0.162952380952381,0.807181578319509,0.00592816775670043,-0.00656196054780014,0.0115128671073499,4,-0.360960960960961,29,-0.966271668945699
3664,18719,170,0.958579529184549,0.0414204708154511,-0.910628550624761,0.0893714493752392,0.958381762722964,0.0416182372770364,-0.849420755882867,0.150579244117133,-0.776749719977334,0.223250280022666,0.59463353138439,0.40536646861561,0.874127914387237,0.125872085612763,-0.996632926995919,0.00336707300408143,4,125,23,23,10,1.81159420289855,6.01751530651786,0.811116316910187,0.0936663594753241,-0.149015345268542,0.224509803921569,0.769923953331882,0.0095238447931426,-0.00899565010071524,0.0123612921013816,4,0.0350493370960937,23,-1.27510282083077
3664,18720,170,0.953809492145645,0.0461905078543554,-0.916133893076589,0.0838661069234111,0.894334867187429,0.10566513281257,-0.393159009967766,0.606840990032234,-0.678414699601229,0.321585300398771,0.0665267442720822,0.933473255727918,0.879521365404592,0.120478634595408,-0.996436282616582,0.00356371738341768,4,127,21,21,9,1.06666666666667,5.71785714285714,0.235032123960695,0.0496257018091079,-0.0700595238095238,0.13687707641196,0.711053797283907,0.00333530172165287,-0.00259883485498554,0.000818412309844366,4,-0.0652723438207846,21,-1.28518262636488
3664,18721,170,0.996116490183504,0.00388350981649555,-0.8198127976897,0.1801872023103,0.999980212337447,1.97876625525062e-05,-0.999046150590454,0.000953849409545924,-0.822799807679728,0.177200192320272,0.798184464801343,0.201815535198657,0.774596669241483,0.225403330758517,-0.996116490183505,0.00388350981649542,4,137,13,13,8,1.84615384615385,5.33974358974359,0.804898093359632,0.167561121049493,-0.15724358974359,0.466588966588967,0.655479621388712,0.0528575196652184,-0.0428993135124213,0.0390899378399379,4,-0.0495975444343046,13,-1.63066729148621
3664,18722,170,0.996116490183505,0.00388350981649532,-0.8198127976897,0.1801872023103,-0.963016396950412,0.036983603049588,NA,NA,0.660862244411609,0.339137755588391,0.866025403784438,0.333333333333333,0.774596669241483,0.225403330758517,-0.996116490183505,0.00388350981649542,4,144,12,12,7,0.909090909090909,5.39772727272727,0.166838842975207,-0.0734672304439746,0.0575000000000001,0.0222610722610723,0.576767676767677,0.000165185112737561,-0.0222610722610722,0.00306089743589743,3,-0.362521404967448,12,-1.50793086696386
3664,18723,170,0.995277423429141,0.00472257657085873,-0.824106754894592,0.175893245105408,-0.920389536516654,0.079610463483346,NA,NA,0.57474957907917,0.42525042092083,0.866025403784439,0.333333333333333,0.774596669241483,0.225403330758517,-0.995277423429141,0.00472257657085887,4,148,11,11,6,0.5,4.69318181818182,0.0459710743801653,-0.0406360424028268,0.02625,0.0208448117539027,0.578022650749923,0.000144835392351881,-0.0208448117539026,0.00286616161616161,3,-0.577350269189626,11,-1.25793990513668
3664,18724,170,0.994134846772434,0.00586515322756576,-0.829288428862728,0.170711571137272,-0.229415733870562,0.770584266129438,NA,NA,-0.258198889747163,0.741801110252837,0.866025403784439,0.333333333333333,0.774596669241483,0.225403330758517,-0.994134846772434,0.00586515322756562,4,154,10,10,5,0.111111111111111,3.97222222222222,0.00308641975308642,-0.00292397660818714,-0.00305555555555558,0.0194444444444445,0.660648148148148,0.000126028806584363,-0.0194444444444444,0.00267361111111112,3,-1.13402302906629,10,-0.464100071669335
3664,18725,170,0.992523259604837,0.007476740395163,-0.835657838081093,0.164342161918907,0.991650212631465,0.00834978736853476,NA,NA,-0.886592641311615,0.113407358688385,0.866025403784439,0.333333333333333,0.774596669241483,0.225403330758517,-0.992523259604837,0.00747674039516287,4,158,9,9,4,0.333333333333333,3.22916666666667,0.0248842592592593,0.0405027932960894,-0.0297916666666668,0.0168650793650794,0.762566137566138,9.48103006634758e-05,-0.0168650793650793,0.00231894841269838,3,-1.62053613568696,9,9.99994187785417
3664,18733,170,NA,NA,-0.944911182523068,0.212295615009657,0.990614148974637,0.0872915530760223,-0.986542806802395,0.104558802966723,-0.980784035615235,0.125004061933635,0.985714309141798,0.107736812042933,0.866025403784439,0.333333333333333,-0.981980506061966,0.121037718323677,3,137,8,8,5,0.708333333333333,3.06150793650794,0.130397297808012,0.135204081632653,-0.0973958333333337,0.115800865800866,0.845478595478595,0.0034503368738578,-0.021902700474129,0.015922619047619,3,0.0382219881722461,8,0.299045240996096
3664,18746,170,0.978024326140242,0.133710271711065,-0.951239316505112,0.199623061622268,0.933207786346983,0.233994412787785,0.549789654310763,0.629415738068704,-0.77686500089906,0.433617474410053,-0.780633984396853,0.429792676446435,0.957192044247616,0.186947189836695,-0.999801778350609,0.0126758717855753,3,71,157,157,13,0.210181818181818,9.31016869330245,0.0126671264840453,0.00136862459211982,-0.0240445859872616,0.00502904022443784,0.861371874847565,7.28578838390802e-06,1.93375643441477e-05,-0.00057945327849788,3,0.156221259277914,157,0.325678601653849
3664,18747,170,0.996195679734046,0.0555483847930851,-0.906303026688475,0.277784948540248,0.994965704807364,0.0639067637143191,-0.995858752342302,0.0579576426888203,-0.944094563645791,0.213878184825928,0.864126979936154,0.335742591229069,0.895791393353542,0.293219295654265,-0.999706123396295,0.0154343471140162,3,72,56,56,11,0.464285714285714,7.27894491129785,0.0604616029418303,0.00852801630980462,-0.0638392857142862,0.142060824329732,0.699716951715751,0.00669788766483314,-0.00284097071313415,0.0194481899902818,3,0.336771693051035,56,-0.16567465117798
3664,18753,170,0.997050141065988,0.0489105516919304,-0.90184722883267,0.284422781641402,-0.980433085198565,0.126144117319164,-0.949808409170401,0.20255550256507,0.799149677612569,0.410566898960566,0.991742817380092,0.0818672790763322,0.897793229509736,0.290338929681501,-0.999956819795127,0.00591614804009423,3,100,50,50,10,0.905797101449275,7.10251207729469,0.242250815654975,-0.0185189216879042,0.108166666666667,0.0206141885325558,0.812732928644198,0.000108012587114848,-0.000378824716920432,0.00283445092322643,3,-0.440677966101695,50,0.0504724560679835
3664,18754,170,NA,NA,-0.866025403784439,0.333333333333333,NA,NA,NA,NA,0.866025403784439,0.333333333333333,-0.866025403784439,0.333333333333333,0.866025403784439,0.333333333333333,-1,NA,3,101,13,13,8,2,5.66666666666667,1.33333333333333,-0.181818181818182,0.275000000000001,0.0782237086584913,0.530410008670878,0.00203964953209617,0.00711124624168103,-0.0107557599405426,3,0.801210839952446,13,-1.50525336821779
3664,18755,170,NA,NA,-0.866025403784439,0.333333333333333,NA,NA,NA,NA,0.866025403784438,0.333333333333333,0.866025403784439,0.333333333333333,0.866025403784439,0.333333333333333,-1,0,3,133,11,11,7,1.45454545454545,5.03030303030303,0.705234159779614,-0.161616161616161,0.2,0.169041769041769,0.779197379197379,0.00952503989359026,-0.0187824187824188,0.0232432432432433,3,-0.346410161513776,11,-1.71738533759649
3664,18756,170,NA,NA,-0.866025403784439,0.333333333333333,NA,NA,NA,NA,0.866025403784439,0.333333333333333,0.866025403784439,0.333333333333333,0.866025403784439,0.333333333333333,-1,0,3,137,10,10,6,1.1,4.26666666666667,0.403333333333333,-0.1375,0.15125,0.258585858585859,0.827609427609428,0.0222888820868619,-0.0323232323232323,0.0355555555555556,3,-0.300409119397937,10,-1.44636169812418
3664,18766,170,0.99484975116711,0.0646391738271499,-0.912245460839306,0.268694159506182,0.810020761718259,0.398911556198723,NA,NA,-0.979153504520879,0.13021739669254,NA,NA,0.906896284983518,0.276889953806555,-0.999917132190338,0.00819579430036822,3,112,37,37,9,0.189189189189189,6.08326508326508,0.00933321080741231,0.00396598341803824,-0.0260135135135138,0.00688796162934102,0.83726918532953,2.37220077036371e-05,-0.00172199040733531,0.00189418944806884,2,-0.712591185341665,37,0.778980184045379
3664,18767,170,0.992941088226956,0.0756867399862469,-0.919216496994593,0.257646593347087,0.999594001983286,0.0181414406147269,NA,NA,-0.930062349759893,0.239505152732361,NA,NA,0.913546409673039,0.266665176555058,-0.999899658837451,0.00901858320797526,3,113,32,32,8,0.59375,5.36458333333333,0.101888020833333,0.0189221864009379,-0.0816406250000004,0.00359321242173527,0.801740013115225,6.45558775385632e-06,-0.000898303105433881,0.00098813341597727,2,-0.423083460537107,32,2.49184768853826
3664,18768,170,0.995870594885822,0.0578746566983899,-0.907841299003204,0.275458676634943,0.991151370572712,0.0847527674023913,NA,NA,-0.844149911825029,0.360211444037334,NA,NA,0.915434165666908,0.263694891668714,-0.999829277188067,0.0117637849662322,3,119,21,21,7,1,4.65079365079365,0.318216175359033,0.0507587650444793,-0.130952380952381,0.00026864546988381,0.762890887349092,3.60851942445466e-08,0.000134322734941831,-7.38775042180068e-05,2,-1.34798101601787,21,1.86886384671315
3664,18769,170,NA,NA,NA,NA,NA,NA,NA,NA,NA,NA,NA,NA,NA,NA,NA,NA,2,140,12,12,6,0.0378787878787872,4.43560606060606,0.000717401285583077,-0.0378787878787876,0.0104166666666666,0.00464646464646468,0.758888888888889,1.07948168554231e-05,-0.0046464646464649,0.00127777777777784,2,-1.42407864951343,12,-0.669835626914703
3664,18770,170,NA,NA,NA,NA,NA,NA,NA,NA,NA,NA,NA,NA,NA,NA,NA,NA,2,145,11,11,5,0.0727272727272728,3.76363636363636,0.00264462809917356,-0.0727272727272738,0.0200000000000003,0.000323232323232281,0.849616161616162,5.22395673910689e-08,-0.000323232323232289,8.88888888888796e-05,2,-1.48711432973085,11,9.99993620945769
3664,18780,170,0.993399267798783,0.0731863950403269,-0.917662935482247,0.260146938293006,0.976656155386512,0.137825568867479,NA,NA,-0.810884854079383,0.397972507160484,NA,NA,0.967966323517331,0.161571486330894,-0.988035916997354,0.0985754519621118,3,127,9,9,4,0.375,3.23611111111111,0.0422453703703704,0.0460526315789475,-0.0458333333333336,0.000922849760059075,0.753691399040236,4.25825839820546e-07,-0.000922849760059036,0.000253783684016235,2,-0.523030181359284,9,9.99992726797426
3664,18788,170,NA,NA,NA,NA,NA,NA,NA,NA,NA,NA,NA,NA,NA,NA,NA,NA,2,132,11,11,6,0.464646464646465,3.67676767676768,0.107948168554229,0.232323232323232,-0.127777777777778,0.057123870281765,0.639566719829878,0.00163156827798396,-0.0285619351408825,0.0157090643274854,2,1.12170909442556,11,1.48592632589101
3664,18789,170,NA,NA,NA,NA,NA,NA,NA,NA,NA,NA,NA,NA,NA,NA,NA,NA,2,151,8,8,5,0.541666666666667,3.10416666666667,0.146701388888889,0.270833333333333,-0.148958333333334,0.0948621553884712,0.703446115288221,0.00449941426247323,-0.0474310776942358,0.0260870927318297,2,0.0387455770513179,8,1.07793151846963
3664,18802,170,0.960308788865832,0.179965533364915,-0.971121364269765,0.153367799968418,0.21873778777263,0.85961213313298,0.993756377452728,0.0711769975524725,0.0203874186458056,0.987020066898602,-0.938438580279177,0.22454479752089,0.957800734518911,0.185603757396993,-0.998718265398348,0.0322359574285744,3,74,101,101,12,0.243109446079742,8.93440753341743,0.0192529233431612,0.000627115892563068,0.000777934936350123,0.0867861071821467,0.769381116647833,0.00213810346740845,0.000949445276617981,-0.0119330897375452,3,0.188495780931322,101,0.497838050105433
3664,18803,170,0.960768922830523,0.178912375022066,-0.970725343394151,0.154420958311266,0.638964407631699,0.558726208221021,0.996696201661151,0.0517632489165365,-0.435494361091989,0.713147166532287,-0.948009859702455,0.206184207227803,0.959158317843343,0.182572866792306,-0.999022414683675,0.0281519084810399,3,82,98,98,11,0.420634920634922,8.05857898715042,0.0444700681986075,0.00287471990768697,-0.0252551020408168,0.0818749242902409,0.830798075658346,0.0018647307093701,0.000918239215314492,-0.0112578020899082,3,-0.0377022673480622,98,1.30026747267787
3664,18804,170,0.961775971093666,0.176586103116762,-0.969841178300107,0.156747230216571,0.808980478523758,0.400039547979475,0.999965913852919,0.00525636253582951,-0.641304878529368,0.556786778196046,-0.967795679670916,0.162003592752413,0.962894315282528,0.173967240752316,-0.999634194606579,0.0172200105357446,3,83,92,92,10,0.686974789915967,7.23520277676288,0.121569368879543,0.00643667842751239,-0.0614906832298141,0.0671843565396789,0.829551009928995,0.00120478339908752,0.000792047766084384,-0.00923784902420592,3,-0.274402424310234,92,3.02671172119606
3664,18805,170,0.949390720462411,0.203403791732867,-0.979245248269571,0.129929541600466,0.556364587384762,0.624391603402288,-0.827125914038295,0.379948644801768,-0.376403704581405,0.754321145002754,0.696050193262911,0.509878186402235,0.976004926413151,0.139742471585904,-0.999881204891119,0.00981292998543813,3,89,55,55,9,0.789473684210527,6.86315789473684,0.158808864265928,0.00819299044151118,-0.0412500000000004,0.17106580264475,0.865016003460881,0.00777820373009057,-0.00269560891227922,0.0168815729309556,3,-0.205564362870283,55,1.62905247032248
3664,18806,170,0.978411617801863,0.132522490908874,-0.950662159834518,0.20081084242446,0.954826213660866,0.192082134184268,-0.975282348702035,0.141839556491472,-0.815528295692051,0.392892976608727,0.858615313717001,0.342650398915932,0.92490403387315,0.248290127022779,-0.997220179337614,0.0474792845983202,3,92,48,48,8,0.789473684210527,5.99926900584795,0.188598094285421,0.0171392319066459,-0.0973958333333339,0.177645256592625,0.882562207310248,0.0103459421972557,-0.00410028231039284,0.024016866703037,3,0.132240226541884,48,3.25354723793678
3664,18807,170,0.972885681988558,0.14858695342352,-0.95818697065988,0.184746379909814,0.943071408943441,0.215845252119252,NA,NA,-0.808470396617945,0.400591632029065,NA,NA,0.946174592487503,0.20982455162151,-0.999224207922709,0.025078171711698,3,98,30,30,7,1.69565217391304,5.06521739130435,0.860586011342155,0.0578127966584394,-0.206250000000001,0.0137000943972458,0.7852316897107,9.38462932467235e-05,0.00195715634246368,-0.00376752595924259,2,0.115634236689726,30,3.02104608292781
3664,18808,170,NA,NA,NA,NA,NA,NA,NA,NA,NA,NA,NA,NA,NA,NA,NA,NA,2,108,23,23,6,0.166666666666667,5.08333333333333,0.0138888888888889,-0.0333333333333335,0.0458333333333336,0.0138335754209032,0.794498487056857,9.56839044629092e-05,0.00276671508418064,-0.00380423324074839,2,0.227352443916366,23,3.81102418286179
3664,18809,170,NA,NA,NA,NA,NA,NA,NA,NA,NA,NA,NA,NA,NA,NA,NA,NA,2,116,16,16,5,0.00961538461538503,4.37980769230769,4.62278106508915e-05,-0.00320512820512852,0.00264423076923103,0.00965099715099715,0.757674501424501,4.65708730042776e-05,0.00321699905033234,-0.00265402421652418,2,-0.0839270345402877,16,4.72205839870396
3664,18810,170,NA,NA,NA,NA,NA,NA,NA,NA,NA,NA,NA,NA,NA,NA,NA,NA,2,124,13,13,4,0.130769230769231,3.83461538461538,0.00855029585798816,-0.0435897435897439,0.0359615384615388,0.0467855815681902,0.758658491267187,0.00109444532133689,0.0155951938560634,-0.0128660349312523,2,-0.362132349980831,13,9.99992684198314
3664,18836,170,0.986241382612456,0.105725979981739,-0.936765906922573,0.227607353351594,-0.948524971343186,0.205151264033151,NA,NA,0.777713771047819,0.432758617384745,NA,NA,0.866025403784439,0.333333333333333,-0.986241382612455,0.10572597998174,3,116,18,18,6,0.333333333333333,4.7962962962963,0.0318930041152263,-0.0186684660368871,0.0381944444444445,0.0177196804647785,0.697312999273784,0.000156993537886926,-0.00590656015492614,0.00487291212781406,2,-0.0409791200528914,18,2.07096751914277
3664,18840,170,0.975417269131967,0.141450308759981,-0.954919108405064,0.191883024573352,0.910163394548236,0.271911764269877,NA,NA,-0.746155792216124,0.463794788843229,NA,NA,0.866025403784439,0.333333333333333,-0.975417269131967,0.141450308759981,3,134,14,14,5,0.181818181818182,4.10822510822511,0.00916399617698319,0.012800149490797,-0.0196428571428572,0.00754800754800755,0.784077034077034,2.84862089723895e-05,0.00251600251600243,-0.00207570207570201,2,-0.256038647342995,14,9.99992442006227
3664,18845,170,NA,NA,-0.866025403784439,0.333333333333333,NA,NA,NA,NA,-0.866025403784438,0.333333333333333,NA,NA,0.866025403784439,0.333333333333333,-1,NA,3,136,9,9,4,0.333333333333333,3.22222222222222,0.0370370370370371,0.0416666666666668,-0.0458333333333336,0,0.723039215686274,0,NA,4.31775426138039e-17,2,-0.816075123759259,9,9.99992726797426
3664,18859,170,0.978117467852777,0.133425567936902,-0.951101277244422,0.199907765396431,-0.669238267478216,0.533241098729765,0.981379548555324,0.123045697603039,0.866025403784439,0.333333333333333,-0.992720420921195,0.0768620677933917,0.910917241919241,0.270750923358956,-0.993814748386584,0.0708431579625246,3,109,37,37,8,0.0324324324324321,5.58918918918919,0.000350620891161425,-0.000744914525833207,0.00445945945945919,0.0319204450351992,0.831832284517417,0.000258478230906759,0.000937898349943654,-0.00438906119233994,3,-0.23726489089977,37,9.99995631741587
3664,18860,170,0.974354703692446,0.144487910475809,-0.95632471578712,0.188845422857524,0.918193170419368,0.259296122602922,-0.392357383563876,0.743319306254894,-0.762298626333836,0.448141545460446,0.106353869528397,0.932164729112419,0.889434856090677,0.302196479426727,-0.984190677620607,0.113351056569202,3,111,21,21,7,0.382352941176471,4.73062558356676,0.0412171404509517,0.0209729461404815,-0.0425595238095239,0.0326105018278499,0.702554637674279,0.000318043497278671,-0.000787247960759063,0.000521589991928948,3,-0.413175018845663,21,9.99995738419901
3664,18861,170,0.995870594885822,0.0578746566983908,-0.907841299003204,0.275458676634943,0.970077742792396,0.156128148459067,0.924183641540944,0.249493607779896,-0.778869517832551,0.43158682509401,-0.678855782174759,0.52495228441484,0.880989341699216,0.313756240465164,-0.998191072847098,0.0382975638302203,3,139,13,13,6,0.583333333333333,4.02350427350427,0.0978111987727373,0.0550859397013244,-0.0669871794871799,0.0303030303030303,0.834335914981076,0.000241330784616842,0.00260678114276129,-0.00290012406947893,3,-1.54869087022655,13,2.05043553930916
3664,18873,170,0.904194430179465,0.280944400511687,-0.996615895540124,0.0523889328216483,0.821994936526786,0.38572226615498,NA,NA,-0.866025403784439,0.333333333333333,NA,NA,0.866025403784439,0.333333333333333,-0.904194430179465,0.280944400511686,3,137,8,8,4,0.25,3.08333333333333,0.0208333333333333,0.0337837837837839,-0.0343750000000002,0.095021645021645,0.650541125541126,0.00451455651130976,0.0316738816738816,-0.0261309523809524,2,0.292595909456502,8,9.99993770741043
3664,18880,170,0.981980506061966,0.121037718323677,-0.944911182523068,0.212295615009657,-0.977602193755639,0.134993176072005,NA,NA,0.854857619892504,0.347288791081662,NA,NA,0.896143357064319,0.292714776158594,-0.992031964767589,0.0804191611489375,3,114,16,16,6,0.769230769230769,4.49358974358974,0.192430966469428,-0.0540293040293039,0.103125,0.0303228021978023,0.742725503663004,0.000459736166563521,0.0101076007326007,-0.00833877060439556,2,0.609952065732504,16,9.99992821021926
3664,18881,170,0.993399267798783,0.0731863950403269,-0.917662935482247,0.260146938293006,-0.976656155386512,0.137825568867478,NA,NA,0.810884854079383,0.397972507160484,NA,NA,0.866025403784439,0.333333333333333,-0.993399267798783,0.0731863950403275,3,138,9,9,5,0.5,3.68518518518519,0.0751028806584362,-0.0614035087719297,0.0611111111111111,0.00905257936507931,0.782304067460317,4.09745965805298e-05,-0.00905257936507969,0.00248945932539691,2,-0.0483301367636765,9,0.961740159432888
3664,18902,170,0.981980506061966,0.121037718323677,-0.944911182523068,0.212295615009657,-0.986418842598671,0.105040373899866,0.998141030099578,0.0388238500630829,0.878314957151803,0.317335988909522,-0.963104067985151,0.173471764946572,0.902606504058786,0.283301952993935,-0.993786250951597,0.0710063379842789,3,95,79,79,11,0.521739130434782,7.17888816785637,0.0882157785965075,-0.0100668312868183,0.0717391304347823,0.0463611750568272,0.79002976882276,0.000579298553454019,0.000825470248597414,-0.00637466157031376,3,-1.80026529772808,79,2.49490694903175
3664,18903,170,0.938652204581148,0.224150779824086,-0.985329278164293,0.109182553509248,-0.428647973530966,0.717980136593883,0.986288793647499,0.105543242272077,0.268169289223703,0.82716269010313,-0.943654790021325,0.214725795781325,0.937323295748062,0.226591214344698,-0.98304184030312,0.117408660835451,3,121,25,25,7,0.144444444444445,5.13851851851852,0.0055621399176955,-0.00314994606256736,0.00549999999999981,0.411292517006803,0.586059312613935,0.0474914388241328,0.0211784001626541,-0.0565527210884356,3,-0.632885627650901,25,3.27012267167992
3664,18904,170,0.995870594885822,0.0578746566983908,-0.907841299003204,0.275458676634943,0.134879344170173,0.913870633256479,0.993839845759213,0.0706991365225567,-0.537931295557488,0.638411956621536,-0.855778048569377,0.3461578131575,0.866025403784439,0.333333333333333,-0.995870594885822,0.0578746566983923,3,142,15,15,6,0.123809523809523,4.2031746031746,0.00383975812547238,0.00151753008895873,-0.00916666666666681,0.220722135007849,0.73831327402756,0.0158745557018712,0.0227356369428583,-0.0296513605442178,3,-1.52082690467563,15,9.99995503514837
3664,18905,170,NA,NA,-0.866025403784439,0.333333333333333,NA,NA,NA,NA,0.866025403784439,0.333333333333333,-0.866025403784439,0.333333333333333,0.866025403784439,0.333333333333333,-1,0,3,146,8,8,4,0.0750000000000002,3.15,0.00187500000000001,-0.0249999999999999,0.0103124999999999,0.0464285714285715,0.722619047619048,0.000718537414965988,0.0154761904761905,-0.00638392857142862,3,0,8,9.99995434071618
3664,18918,170,NA,NA,NA,NA,NA,NA,NA,NA,NA,NA,NA,NA,NA,NA,NA,NA,2,127,10,10,6,0.25,3.875,0.03125,0.0416666666666666,-0.06875,0.107751937984496,0.725193798449612,0.00580524006970736,-0.0179586563307494,0.0296317829457365,2,0.39087602278455,10,-0.469623612350157
3664,18920,170,NA,NA,NA,NA,NA,NA,NA,NA,NA,NA,NA,NA,NA,NA,NA,NA,2,139,8,8,5,0.166666666666667,3.41666666666667,0.0138888888888889,0.0333333333333332,-0.0458333333333332,0.0725806451612903,0.737903225806452,0.00263397502601456,-0.014516129032258,0.0199596774193548,2,-0.367047794814391,8,-0.380754042579203
3664,18927,170,0.994535478220205,0.0665838905132472,-0.913492564200791,0.266749442820086,-0.98818535639265,0.0979566555503014,0.999736229197715,0.0146223787078998,0.840343887708619,0.364706098370387,-0.903907460994846,0.281371821527985,0.891073453570607,0.299906132982586,-0.998644017993231,0.0331566901625002,3,108,54,54,10,0.521541950113379,6.55082074758625,0.0859260571609802,-0.015120558188487,0.0677410901467501,0.0443204514666331,0.825600054593889,0.000601035906095051,0.00127938898528018,-0.00609406207666208,3,-2.02882370871045,54,2.19963490715446
3664,18928,170,0.981980506061966,0.121037718323677,-0.944911182523068,0.212295615009657,-0.700617490956841,0.50581592884289,0.99803912026166,0.039874164153537,0.428461475180329,0.718111543852546,-0.922569876248732,0.252169779163192,0.907598511175526,0.275827056429705,-0.995024614722167,0.0635314414200483,3,115,17,17,6,0.371428571428571,4.39439775910364,0.0347160040486782,-0.0246698679471786,0.0219537815126046,0.167901706137,0.700758000169765,0.0082804070669482,0.0171630470369966,-0.0230864845938376,3,-0.470751153157851,17,9.99994097354484
3664,18929,170,NA,NA,-0.866025403784439,0.333333333333333,NA,NA,NA,NA,0.866025403784438,0.333333333333333,-0.866025403784439,0.333333333333333,0.866025403784439,0.333333333333333,-1,NA,3,139,10,10,4,0.333333333333333,3.61111111111111,0.0370370370370371,-0.0833333333333333,0.0458333333333334,0.0587813620071684,0.811230585424134,0.00115174950647259,0.0146953405017921,-0.00808243727598571,3,-0.870772365209049,10,9.99992192011833
3664,18944,170,0.997405961908059,0.0458645589390296,-0.899769688435868,0.287468774394303,-0.998722871218836,0.0321779741573338,0.997025142203842,0.0491174654683388,0.876573863529921,0.319646748551638,-0.863459282774146,0.336586239862645,0.881493699775568,0.313076935566404,-0.999191075504374,0.0256081611721011,3,118,37,37,9,0.866161616161617,6.15691225985344,0.244096100932196,-0.0355178576376381,0.119097222222222,0.128472507884273,0.820011796482385,0.00546955317073415,0.00530766348352451,-0.0175610500610502,3,-1.95167861413207,37,1.09593753245979
3664,18945,170,NA,NA,-0.866025403784439,0.333333333333333,-0.997271779714797,0.0470363512297651,0.999260772358853,0.0244799753848262,0.900571357920176,0.286296982103568,-0.846163423987862,0.357813308718159,0.866025403784439,0.333333333333333,-1,0,3,125,20,20,8,0.642105263157895,5.38947368421053,0.127091412742382,-0.0684210526315787,0.0882894736842103,0.056816114359974,0.817795105046567,0.00103129359348443,0.00617572738430439,-0.00747270955165696,3,-1.52462519459273,20,-0.739826367916007
3664,18946,170,0.981980506061966,0.121037718323677,-0.944911182523068,0.212295615009657,-0.96501643157596,0.168889041607027,0.944369007360831,0.213347585925487,0.826033187630902,0.381184656616683,-0.784691036232447,0.425643200935144,0.866025403784439,0.333333333333333,-0.981980506061966,0.121037718323677,3,127,12,12,7,0.636363636363637,4.59343434343434,0.124674778083869,-0.128787878787879,0.0802083333333333,0.123265881405416,0.708124433705829,0.00439969764602946,0.0236757705196244,-0.0143133997785161,3,-0.775238081391928,12,-0.688252362259726
3664,18948,170,0.944911182523068,0.212295615009657,-0.981980506061966,0.121037718323677,-0.911293179512876,0.270170271708047,-0.102812396392532,0.934431734084906,0.817057169102883,0.391207990031723,0.288940544190898,0.813394015761229,0.866025403784439,0.333333333333333,-0.944911182523068,0.212295615009657,3,135,10,10,6,0.111111111111111,3.92962962962963,0.00374485596707819,-0.0365079365079361,0.0137499999999999,0.0204761904761904,0.779644746787604,0.00011058989481406,-0.000707806932296542,0.000835600907029388,3,-0.653620319965459,10,-0.498846187981495
3664,18957,170,0.981980506061966,0.121037718323677,-0.755928946018454,0.45437105165701,-0.784230114756433,0.42611634161188,0.872368609844335,0.325165945967901,0.999015263178192,0.0282547100451311,-0.97947525090736,0.129205105689109,0.866025403784439,0.333333333333333,-0.981980506061966,0.121037718323677,3,136,8,8,6,0.619047619047619,4.01587301587302,0.0959939531368102,-0.0918367346938773,0.0851190476190475,0.141456582633053,0.716386554621849,0.00521434063821607,0.0238095238095238,-0.0194502801120449,3,-0.776092808619381,8,-1.68059870963733
3664,18964,170,0.993399267798783,0.0731863950403282,-0.917662935482247,0.260146938293006,-0.975283867513071,0.141835180542357,NA,NA,0.807183003750947,0.401982118835363,NA,NA,0.88619070686054,0.306684354251531,-0.997329325967399,0.0465374159585255,3,125,17,17,6,0.533333333333333,4.66535947712418,0.0849724464949378,-0.032610939112487,0.0647058823529411,0.00657952069716783,0.824858387799564,2.16450463022299e-05,-0.00328976034858394,0.00180936819172117,2,-0.792787737477199,17,3.51824839360249
3664,18967,170,0.989743318610787,0.0912578966859794,-0.928571428571428,0.242075436647354,-0.962207061913003,0.175581113007923,NA,NA,0.792405815693062,0.417656549655276,NA,NA,0.884385921994821,0.309155031867899,-0.99445388621958,0.0670795952205447,3,128,14,14,5,0.0833333333333335,3.9484126984127,0.00203136810279668,-0.00619533527696792,0.00982142857142856,0.00190285904571619,0.810736882165454,1.81043627393196e-06,-0.000951429522858137,0.000523286237571975,2,-0.957446808510638,14,9.99991989074525
3664,18973,170,NA,NA,NA,NA,NA,NA,NA,NA,NA,NA,NA,NA,NA,NA,NA,NA,2,139,8,8,4,0.0178571428571428,3.13392857142857,0.000159438775510203,-0.0178571428571427,0.00491071428571423,0.0253456221198157,0.79147465437788,0.000321200280320246,0.0253456221198157,-0.00697004608294931,2,-1.40508960390617,8,9.99995434071618
